################################################################################
# Neural network connection values (weights and biases).
################################################################################
# Col  Name       Description
################################################################################
# 1    connection Neural network connection value.
# 2    t          Connection type (a = weight, b = bias).
# 3    index      Index enumerating weights.
# 4    l_s        Starting point layer (end point layer for biases).
# 5    n_s        Starting point neuron in starting layer (end point neuron for biases).
# 6    l_e        End point layer.
# 7    n_e        End point neuron in end layer.
################################################################################
#                      1 2         3     4     5     6     7
#             connection t     index   l_s   n_s   l_e   n_e
############################################################
  1.7615363096451767E-01 a         1     0     1     1     1
  2.3386949773776891E-01 a         2     0     1     1     2
  3.8627340444486208E-01 a         3     0     1     1     3
  5.7166498517539965E-02 a         4     0     1     1     4
  4.0128868701751563E-01 a         5     0     1     1     5
  1.2204592382472643E-01 a         6     0     1     1     6
  6.4152107977523451E-02 a         7     0     1     1     7
  8.3346171569337098E-03 a         8     0     1     1     8
  2.8967207481283186E-01 a         9     0     1     1     9
  1.6651208534145159E-02 a        10     0     1     1    10
  2.0545989824904878E-01 a        11     0     1     1    11
  2.3151832234338102E-01 a        12     0     1     1    12
 -1.7649464270390430E-01 a        13     0     1     1    13
 -5.6766402968924733E-02 a        14     0     1     1    14
 -1.7327212948331827E-01 a        15     0     1     1    15
  7.2158823089869970E-02 a        16     0     1     1    16
  1.2727753679255230E-01 a        17     0     1     1    17
  6.0807848585096663E-02 a        18     0     1     1    18
 -2.8228762307677174E-01 a        19     0     1     1    19
 -2.6760495007393973E-02 a        20     0     1     1    20
 -1.0406671654656788E-01 a        21     0     2     1     1
 -4.4916128970839624E-02 a        22     0     2     1     2
 -1.0932675105574038E-01 a        23     0     2     1     3
 -1.3445636590909466E-01 a        24     0     2     1     4
  8.0350559748215797E-02 a        25     0     2     1     5
  4.8054089091348487E-03 a        26     0     2     1     6
 -1.2576070077761778E-01 a        27     0     2     1     7
 -8.1351107153667321E-02 a        28     0     2     1     8
 -3.7506239494955879E-02 a        29     0     2     1     9
 -1.3967779794691598E-01 a        30     0     2     1    10
 -1.1796578250888851E-01 a        31     0     2     1    11
 -4.6991690527700483E-02 a        32     0     2     1    12
  1.1093885344232295E-01 a        33     0     2     1    13
  1.1696774331962169E-01 a        34     0     2     1    14
  1.4714083033192049E-01 a        35     0     2     1    15
 -3.6650848699375418E-02 a        36     0     2     1    16
 -3.9514940849494683E-03 a        37     0     2     1    17
  6.9928736509470277E-02 a        38     0     2     1    18
 -1.5272195596152952E-01 a        39     0     2     1    19
 -7.8326086089048841E-02 a        40     0     2     1    20
  1.9474473174374810E-01 a        41     0     3     1     1
  1.3186575876294285E-01 a        42     0     3     1     2
 -2.0565039898106314E-03 a        43     0     3     1     3
  1.0637754660681496E-01 a        44     0     3     1     4
  5.3680283127047451E-02 a        45     0     3     1     5
  4.0885222111161079E-02 a        46     0     3     1     6
 -1.8254779450114469E-01 a        47     0     3     1     7
 -9.8786888931901469E-03 a        48     0     3     1     8
  1.4164342062655630E-01 a        49     0     3     1     9
  1.3495954100018043E-01 a        50     0     3     1    10
 -1.0003231144864617E-01 a        51     0     3     1    11
  8.0468146899549439E-02 a        52     0     3     1    12
  9.0153263820890839E-02 a        53     0     3     1    13
 -1.0239004038482138E-01 a        54     0     3     1    14
 -2.6692805765078237E-01 a        55     0     3     1    15
  2.3893744520221895E-02 a        56     0     3     1    16
 -5.1080971188475183E-02 a        57     0     3     1    17
  1.3039404849215588E-01 a        58     0     3     1    18
  8.3255577331274241E-02 a        59     0     3     1    19
  9.0747791535507685E-04 a        60     0     3     1    20
  2.2613533006999451E-02 a        61     0     4     1     1
  1.6493648369012243E-01 a        62     0     4     1     2
 -9.1129681325000078E-01 a        63     0     4     1     3
  1.0073395961097038E-01 a        64     0     4     1     4
 -3.3069336515154202E-02 a        65     0     4     1     5
 -2.3327933952326974E-01 a        66     0     4     1     6
  4.5436084883110101E-01 a        67     0     4     1     7
 -2.3684522919930631E-01 a        68     0     4     1     8
 -2.1119138710264293E-01 a        69     0     4     1     9
  2.3222333205745432E-01 a        70     0     4     1    10
 -2.1544573620880247E-01 a        71     0     4     1    11
 -2.7578367573883233E-01 a        72     0     4     1    12
  1.5483532044141696E-01 a        73     0     4     1    13
  1.2890536246611393E+00 a        74     0     4     1    14
  4.1557655353284367E-01 a        75     0     4     1    15
 -3.1866971476860978E-01 a        76     0     4     1    16
 -4.3165693478641504E-01 a        77     0     4     1    17
  1.2220984173574378E-01 a        78     0     4     1    18
  2.6084036797540910E-01 a        79     0     4     1    19
 -3.4109381031830627E-01 a        80     0     4     1    20
  1.0422625290612868E-01 a        81     0     5     1     1
  2.7303605914708148E-02 a        82     0     5     1     2
  1.8352404220841878E-01 a        83     0     5     1     3
  2.1238170322372799E-02 a        84     0     5     1     4
 -1.3307317368559166E-01 a        85     0     5     1     5
  1.0951181633712309E-01 a        86     0     5     1     6
 -1.0517489793889209E-01 a        87     0     5     1     7
  2.0235700271565377E-02 a        88     0     5     1     8
 -1.5667718903952030E-01 a        89     0     5     1     9
  9.6100974178338280E-02 a        90     0     5     1    10
  4.0976643094998350E-01 a        91     0     5     1    11
 -1.6813910285153952E-01 a        92     0     5     1    12
 -3.4618540027507982E-01 a        93     0     5     1    13
 -2.4715161682236619E-01 a        94     0     5     1    14
  7.3160286954351894E-02 a        95     0     5     1    15
 -2.7276981646271947E-01 a        96     0     5     1    16
  4.4430337955557786E-02 a        97     0     5     1    17
 -1.3330203141981586E-01 a        98     0     5     1    18
  1.0823427855108605E-01 a        99     0     5     1    19
  1.1532239600957651E-01 a       100     0     5     1    20
 -6.7877195765783160E-02 a       101     0     6     1     1
  1.0571111652555383E-01 a       102     0     6     1     2
  1.8098117438787747E-01 a       103     0     6     1     3
 -2.1939299690097996E-01 a       104     0     6     1     4
 -1.1123004288409671E-01 a       105     0     6     1     5
  1.7298752080271373E-01 a       106     0     6     1     6
  1.5675391434725402E-02 a       107     0     6     1     7
  5.6758226913838977E-03 a       108     0     6     1     8
 -2.9716355370396896E-01 a       109     0     6     1     9
 -1.9766919727198051E-01 a       110     0     6     1    10
  2.1176197317207404E-01 a       111     0     6     1    11
 -2.1921775174471689E-01 a       112     0     6     1    12
 -2.1191216862328743E-01 a       113     0     6     1    13
  2.3274327114356655E-01 a       114     0     6     1    14
  4.5785585738330114E-03 a       115     0     6     1    15
 -1.9081721734413848E-01 a       116     0     6     1    16
 -1.5388992984190950E-01 a       117     0     6     1    17
  2.3977727338571703E-01 a       118     0     6     1    18
  1.8586010176796952E-02 a       119     0     6     1    19
  1.6478429593089393E-02 a       120     0     6     1    20
  6.0387938039034930E-02 a       121     0     7     1     1
 -2.4952683264059505E-01 a       122     0     7     1     2
  7.1386234074687593E-01 a       123     0     7     1     3
  7.4804749894479705E-01 a       124     0     7     1     4
  6.9488885192672023E-01 a       125     0     7     1     5
  3.0018470898068472E-01 a       126     0     7     1     6
  2.6625740112853369E-01 a       127     0     7     1     7
 -2.9680951512283577E-01 a       128     0     7     1     8
  6.8929626079325901E-02 a       129     0     7     1     9
  1.3660338549541926E-01 a       130     0     7     1    10
  2.8381451262789859E-01 a       131     0     7     1    11
  6.0883905690161874E-02 a       132     0     7     1    12
 -2.7606394244915766E-01 a       133     0     7     1    13
 -6.3354935238580690E-01 a       134     0     7     1    14
  8.0373500110067969E-02 a       135     0     7     1    15
 -7.7721057851781550E-01 a       136     0     7     1    16
  1.2512015026278556E-01 a       137     0     7     1    17
  2.9816556414150663E-01 a       138     0     7     1    18
 -5.3349721129988981E-02 a       139     0     7     1    19
 -1.6667597854289096E-01 a       140     0     7     1    20
 -1.8017633126313398E-01 a       141     0     8     1     1
 -8.6018429818336864E-02 a       142     0     8     1     2
 -2.0630697879918735E-02 a       143     0     8     1     3
 -3.0559598112264702E-01 a       144     0     8     1     4
 -1.8464129064410525E-01 a       145     0     8     1     5
 -1.9695729331763492E-01 a       146     0     8     1     6
  1.0353197870975331E-01 a       147     0     8     1     7
 -1.8936199031955672E-01 a       148     0     8     1     8
  2.8644393447394861E-01 a       149     0     8     1     9
  4.1824038059300038E-02 a       150     0     8     1    10
 -3.7350749154039187E-01 a       151     0     8     1    11
  7.8315142619363939E-02 a       152     0     8     1    12
  1.2276289420147890E-01 a       153     0     8     1    13
 -2.9449254394282992E-01 a       154     0     8     1    14
 -2.5516513052099232E-01 a       155     0     8     1    15
 -4.0375038720662060E-01 a       156     0     8     1    16
 -4.0096436721935892E-02 a       157     0     8     1    17
  2.9602738062917927E-01 a       158     0     8     1    18
  8.9300927908653738E-02 a       159     0     8     1    19
 -4.8175390355048925E-03 a       160     0     8     1    20
  2.2484013635791014E-01 a       161     0     9     1     1
 -2.8840596255018408E-01 a       162     0     9     1     2
 -2.3165195695074559E-01 a       163     0     9     1     3
 -7.4983644259609308E-02 a       164     0     9     1     4
  2.4325296816651856E-01 a       165     0     9     1     5
  1.3505477231838034E-01 a       166     0     9     1     6
 -1.3123710869576116E-01 a       167     0     9     1     7
 -5.7844714811723499E-02 a       168     0     9     1     8
  4.4045369658945288E-02 a       169     0     9     1     9
  1.7912869190918529E-01 a       170     0     9     1    10
  1.0631907202844440E-01 a       171     0     9     1    11
  2.5931051012037698E-01 a       172     0     9     1    12
  5.8293533989907984E-02 a       173     0     9     1    13
  6.1614355707932202E-02 a       174     0     9     1    14
  3.4859932623892304E-01 a       175     0     9     1    15
 -1.0688726606507140E-01 a       176     0     9     1    16
  2.9198006737192167E-01 a       177     0     9     1    17
 -1.6511745458089380E-01 a       178     0     9     1    18
  2.2544204937990178E-01 a       179     0     9     1    19
 -1.7166590461153225E-01 a       180     0     9     1    20
  2.0112425755934515E-01 a       181     0    10     1     1
  1.5871500674073971E-01 a       182     0    10     1     2
 -7.6172757911770406E-01 a       183     0    10     1     3
 -2.9425352220715606E-01 a       184     0    10     1     4
 -1.7442370629135232E-01 a       185     0    10     1     5
 -2.1715084354623668E-01 a       186     0    10     1     6
  1.5125081015903588E-01 a       187     0    10     1     7
  2.2632395797027821E-01 a       188     0    10     1     8
 -1.1823321421713864E-01 a       189     0    10     1     9
  1.0705487427770287E-01 a       190     0    10     1    10
 -1.6762857721783014E-01 a       191     0    10     1    11
 -2.3834151228300848E-01 a       192     0    10     1    12
  2.0735321719580352E-01 a       193     0    10     1    13
  1.2521628605935109E+00 a       194     0    10     1    14
  2.1191394698808175E-01 a       195     0    10     1    15
 -7.5210181856302950E-03 a       196     0    10     1    16
 -4.1904829055528958E-01 a       197     0    10     1    17
 -3.4901365959355737E-02 a       198     0    10     1    18
  1.0748891607547374E-01 a       199     0    10     1    19
 -3.9017587360157174E-01 a       200     0    10     1    20
 -2.6278329078156587E-01 a       201     0    11     1     1
  2.1685263093000146E-02 a       202     0    11     1     2
 -3.0568192672015732E-01 a       203     0    11     1     3
  6.8350768843304335E-02 a       204     0    11     1     4
 -2.6213116904512229E-01 a       205     0    11     1     5
 -3.8971447000504844E-01 a       206     0    11     1     6
 -3.1386107983180284E-01 a       207     0    11     1     7
 -2.9085931260487036E-01 a       208     0    11     1     8
 -2.5303878661285611E-02 a       209     0    11     1     9
 -2.2337791358209749E-01 a       210     0    11     1    10
  5.3964126562442996E-02 a       211     0    11     1    11
 -7.1543633748110874E-02 a       212     0    11     1    12
  2.7844846519566041E-01 a       213     0    11     1    13
  4.6246333618557747E-02 a       214     0    11     1    14
 -9.6234129099865201E-02 a       215     0    11     1    15
  1.9868682485795891E-01 a       216     0    11     1    16
 -2.4855399170426354E-01 a       217     0    11     1    17
 -2.3595475022797108E-01 a       218     0    11     1    18
 -1.1395425643692995E-02 a       219     0    11     1    19
 -6.8726707899861739E-02 a       220     0    11     1    20
  3.6848042235077366E-01 a       221     0    12     1     1
  3.3490257164841428E-02 a       222     0    12     1     2
  1.4957494871956867E-01 a       223     0    12     1     3
 -2.5919002596602869E-01 a       224     0    12     1     4
 -6.5420348560517122E-02 a       225     0    12     1     5
  6.1731235469495653E-02 a       226     0    12     1     6
 -1.9089602952446505E-01 a       227     0    12     1     7
 -2.2725797501474107E-01 a       228     0    12     1     8
 -1.7374778236165017E-01 a       229     0    12     1     9
 -8.9761421576682390E-02 a       230     0    12     1    10
 -7.2384799307819728E-02 a       231     0    12     1    11
  9.2658215123178511E-02 a       232     0    12     1    12
 -6.3227464523604601E-02 a       233     0    12     1    13
  1.7169521715915165E-01 a       234     0    12     1    14
  2.4994384874607472E-03 a       235     0    12     1    15
  2.1664479603301612E-01 a       236     0    12     1    16
 -4.7559163611373308E-02 a       237     0    12     1    17
 -2.2139513622886207E-02 a       238     0    12     1    18
 -7.9194401846117271E-02 a       239     0    12     1    19
  3.2841421551513962E-02 a       240     0    12     1    20
 -1.2452226413184697E-01 a       241     0    13     1     1
  1.3131275492652730E-01 a       242     0    13     1     2
  5.2057070479355649E-01 a       243     0    13     1     3
  6.2886977122088072E-01 a       244     0    13     1     4
  5.5121458442890958E-01 a       245     0    13     1     5
  1.4528037302492650E-01 a       246     0    13     1     6
  9.4963609317323984E-03 a       247     0    13     1     7
 -3.8832187891966685E-01 a       248     0    13     1     8
 -1.5038972147166585E-01 a       249     0    13     1     9
 -8.3590753726540359E-02 a       250     0    13     1    10
  2.7616400389819712E-01 a       251     0    13     1    11
 -6.7627783811720854E-02 a       252     0    13     1    12
 -5.8094549464277112E-02 a       253     0    13     1    13
 -2.2178008866755031E-01 a       254     0    13     1    14
 -1.4318847424573397E-01 a       255     0    13     1    15
 -1.6429943945267553E-01 a       256     0    13     1    16
  1.3071500539625502E-01 a       257     0    13     1    17
  5.3526634541360651E-01 a       258     0    13     1    18
  1.2104549916432096E-01 a       259     0    13     1    19
  4.5645757820688020E-02 a       260     0    13     1    20
  1.0608986552009250E-01 a       261     0    14     1     1
 -4.4187363417027642E-02 a       262     0    14     1     2
  9.0048324007871841E-02 a       263     0    14     1     3
 -2.0892872952781702E-01 a       264     0    14     1     4
 -4.5675944694693466E-01 a       265     0    14     1     5
  1.9427035311246305E-01 a       266     0    14     1     6
  2.8576244522619754E-01 a       267     0    14     1     7
 -1.9228836983903480E-01 a       268     0    14     1     8
  2.7461841860567504E-01 a       269     0    14     1     9
 -2.2321183178456844E-01 a       270     0    14     1    10
  8.3077538686470331E-02 a       271     0    14     1    11
 -1.5177998080251054E-02 a       272     0    14     1    12
 -1.5836788430902843E-01 a       273     0    14     1    13
 -4.7940276163206152E-01 a       274     0    14     1    14
 -1.7651514388943526E-01 a       275     0    14     1    15
  4.4922321441920821E-01 a       276     0    14     1    16
  1.0011435310052502E-01 a       277     0    14     1    17
 -1.3875779815247952E-01 a       278     0    14     1    18
 -4.1308012818077951E-02 a       279     0    14     1    19
  1.5269703423115313E-01 a       280     0    14     1    20
 -1.3559879377145184E-01 a       281     0    15     1     1
 -2.3961003753531707E-01 a       282     0    15     1     2
 -1.5885769211853088E-02 a       283     0    15     1     3
 -2.9459628505821272E-02 a       284     0    15     1     4
  3.0631554797712346E-01 a       285     0    15     1     5
  2.7851487923377766E-01 a       286     0    15     1     6
  7.6878867030005585E-02 a       287     0    15     1     7
  1.8094033315082461E-01 a       288     0    15     1     8
  9.7925933623601469E-02 a       289     0    15     1     9
  1.5894336996269029E-01 a       290     0    15     1    10
  2.6396787107634706E-01 a       291     0    15     1    11
 -1.8295819682974093E-01 a       292     0    15     1    12
  1.8376014399661672E-01 a       293     0    15     1    13
  1.3723335422422125E-01 a       294     0    15     1    14
  7.8841521439185269E-02 a       295     0    15     1    15
 -1.9182029197208622E-01 a       296     0    15     1    16
 -1.7236612800338702E-01 a       297     0    15     1    17
 -3.9915990126872265E-03 a       298     0    15     1    18
  1.0530842006692706E-01 a       299     0    15     1    19
 -1.7560030449494654E-01 a       300     0    15     1    20
  3.6582945015858503E-01 a       301     0    16     1     1
 -4.2319328984499743E-01 a       302     0    16     1     2
 -7.1528872936285515E-01 a       303     0    16     1     3
 -3.4344858688147789E-01 a       304     0    16     1     4
  1.1833185783519948E-01 a       305     0    16     1     5
 -2.9382520939950257E-01 a       306     0    16     1     6
 -1.8943002719415192E-01 a       307     0    16     1     7
  2.9321061555343444E-03 a       308     0    16     1     8
  2.2047860162517915E-02 a       309     0    16     1     9
  1.5560023372533221E-02 a       310     0    16     1    10
 -2.6709088287631366E-01 a       311     0    16     1    11
 -3.0136408952660843E-01 a       312     0    16     1    12
  4.3405768665464972E-02 a       313     0    16     1    13
  8.0193803884654946E-01 a       314     0    16     1    14
  2.0689307406109361E-01 a       315     0    16     1    15
 -3.9280872795565547E-01 a       316     0    16     1    16
 -2.5357485022390652E-01 a       317     0    16     1    17
 -1.1694653054548894E-01 a       318     0    16     1    18
  3.4618553721036160E-01 a       319     0    16     1    19
 -2.6174389476633336E-01 a       320     0    16     1    20
 -2.4741877260491843E-01 a       321     0    17     1     1
  2.3174497680744588E-01 a       322     0    17     1     2
  1.3968259004333394E-01 a       323     0    17     1     3
  1.5835614969625034E-01 a       324     0    17     1     4
 -3.6545391786840525E-01 a       325     0    17     1     5
  6.1317446159312908E-02 a       326     0    17     1     6
 -1.4358694808853134E-01 a       327     0    17     1     7
  5.9167109004051838E-02 a       328     0    17     1     8
 -9.6481946897692461E-02 a       329     0    17     1     9
  8.6643623467792766E-02 a       330     0    17     1    10
 -1.5041848359132029E-01 a       331     0    17     1    11
 -6.1870091955010649E-02 a       332     0    17     1    12
  1.1219834581593525E-01 a       333     0    17     1    13
 -2.4060664629841855E-01 a       334     0    17     1    14
 -1.0473196871752104E-01 a       335     0    17     1    15
  9.3152627598712359E-02 a       336     0    17     1    16
  2.8091257387346507E-02 a       337     0    17     1    17
 -1.8097892394258636E-01 a       338     0    17     1    18
 -9.9471820359441757E-02 a       339     0    17     1    19
  1.1389754742820920E-02 a       340     0    17     1    20
 -2.0827912317855948E-01 a       341     0    18     1     1
  1.1236599401531101E-01 a       342     0    18     1     2
  1.8150848192235548E-02 a       343     0    18     1     3
 -1.0405202769352573E-01 a       344     0    18     1     4
  6.8251662726806425E-02 a       345     0    18     1     5
 -1.0649667574018939E-01 a       346     0    18     1     6
 -6.6643469703924429E-02 a       347     0    18     1     7
  6.4457482378998329E-02 a       348     0    18     1     8
 -8.2451973838330056E-02 a       349     0    18     1     9
  8.7303069211401123E-03 a       350     0    18     1    10
  2.9779092808668202E-02 a       351     0    18     1    11
 -5.6197844845937373E-02 a       352     0    18     1    12
 -1.4464444454380945E-03 a       353     0    18     1    13
  2.6913058594000600E-01 a       354     0    18     1    14
 -3.8210599919640958E-02 a       355     0    18     1    15
 -1.0942513619652268E-01 a       356     0    18     1    16
 -7.0092461660345037E-02 a       357     0    18     1    17
  1.8968660539712079E-01 a       358     0    18     1    18
 -3.6927139877555346E-02 a       359     0    18     1    19
  7.3551562535627307E-02 a       360     0    18     1    20
  9.9276885006262333E-02 a       361     0    19     1     1
  2.7044782809894408E-02 a       362     0    19     1     2
  2.8212405540501090E-01 a       363     0    19     1     3
  1.3254417401168908E-01 a       364     0    19     1     4
  2.5073916753957193E-01 a       365     0    19     1     5
  5.7757245807456836E-02 a       366     0    19     1     6
  2.1452598870095171E-01 a       367     0    19     1     7
 -8.0231179479048655E-03 a       368     0    19     1     8
 -2.3183776381673146E-01 a       369     0    19     1     9
 -5.7729145419085560E-02 a       370     0    19     1    10
  1.3888804855391276E-01 a       371     0    19     1    11
  2.5539454012359197E-01 a       372     0    19     1    12
  1.7159626285942053E-01 a       373     0    19     1    13
 -1.1874022923192443E-01 a       374     0    19     1    14
 -2.5669554047688231E-01 a       375     0    19     1    15
 -1.4382818471737560E-01 a       376     0    19     1    16
  4.9196713309235546E-01 a       377     0    19     1    17
  2.8079073711849650E-01 a       378     0    19     1    18
  4.6030242771541788E-02 a       379     0    19     1    19
  1.3675763424994189E-01 a       380     0    19     1    20
  1.8851394576543407E-01 a       381     0    20     1     1
 -1.3388286613682723E-01 a       382     0    20     1     2
 -3.6772650845976079E-03 a       383     0    20     1     3
 -1.8098539447835363E-02 a       384     0    20     1     4
 -2.1187304783101324E-01 a       385     0    20     1     5
 -1.0398260411607071E-01 a       386     0    20     1     6
  3.8911422573043959E-03 a       387     0    20     1     7
 -2.3854722967493575E-01 a       388     0    20     1     8
  1.7202589084738867E-01 a       389     0    20     1     9
 -1.0416007768222002E-01 a       390     0    20     1    10
  2.6634137744815354E-02 a       391     0    20     1    11
  1.5402495929739482E-01 a       392     0    20     1    12
 -6.0562744669525659E-02 a       393     0    20     1    13
 -2.6961254164773252E-01 a       394     0    20     1    14
  9.1106307018705271E-02 a       395     0    20     1    15
  1.1665595527391186E-01 a       396     0    20     1    16
 -1.3698405213850708E-02 a       397     0    20     1    17
 -1.0273483675327848E-01 a       398     0    20     1    18
 -2.4437248869049980E-01 a       399     0    20     1    19
  3.4620577448168315E-02 a       400     0    20     1    20
  8.6916396848978450E-02 a       401     0    21     1     1
  9.8344574787708593E-03 a       402     0    21     1     2
  7.4291924952269786E-02 a       403     0    21     1     3
  4.4540593344658376E-03 a       404     0    21     1     4
  3.2511648377660261E-02 a       405     0    21     1     5
  1.1350814526578312E-01 a       406     0    21     1     6
 -1.9123962691636764E-01 a       407     0    21     1     7
  3.0193854755113846E-02 a       408     0    21     1     8
  1.0465371362921246E-01 a       409     0    21     1     9
  1.7664423206339352E-01 a       410     0    21     1    10
  8.9443064024190416E-02 a       411     0    21     1    11
 -4.3866869276075117E-02 a       412     0    21     1    12
  6.1441882494677080E-02 a       413     0    21     1    13
 -1.1900104033965268E-01 a       414     0    21     1    14
  8.5702634465084276E-02 a       415     0    21     1    15
 -2.0777972485039081E-01 a       416     0    21     1    16
 -3.0462851376180028E-01 a       417     0    21     1    17
  1.9320805023770263E-01 a       418     0    21     1    18
  2.6498444897511467E-02 a       419     0    21     1    19
 -6.1027534272096805E-02 a       420     0    21     1    20
  3.8958212253362483E-02 a       421     0    22     1     1
 -2.4734214146352895E-01 a       422     0    22     1     2
 -4.4231425398829821E-01 a       423     0    22     1     3
 -1.0865568213014395E-02 a       424     0    22     1     4
 -1.8139120640089955E-02 a       425     0    22     1     5
  7.0330091652821350E-03 a       426     0    22     1     6
  5.3765306846626615E-02 a       427     0    22     1     7
 -8.2909641891066629E-02 a       428     0    22     1     8
  1.9509871264552267E-02 a       429     0    22     1     9
 -2.3602711471034091E-01 a       430     0    22     1    10
 -2.1603139833550727E-01 a       431     0    22     1    11
 -1.3434265218391836E-01 a       432     0    22     1    12
 -6.1655054677983566E-02 a       433     0    22     1    13
  3.1316044815257676E-01 a       434     0    22     1    14
 -6.5065988019816043E-02 a       435     0    22     1    15
 -2.1693860338460957E-01 a       436     0    22     1    16
 -1.5157086704598022E-01 a       437     0    22     1    17
 -1.5930323479826414E-01 a       438     0    22     1    18
  2.7131789717366234E-01 a       439     0    22     1    19
 -1.4797619818618496E-01 a       440     0    22     1    20
 -1.3015882554518315E-01 a       441     0    23     1     1
  2.3975136967806290E-01 a       442     0    23     1     2
  2.2167226440760979E-01 a       443     0    23     1     3
 -1.1588182218419874E-01 a       444     0    23     1     4
 -1.5137233410835263E-01 a       445     0    23     1     5
  1.3196192332439746E-01 a       446     0    23     1     6
 -1.5300983643765764E-01 a       447     0    23     1     7
 -8.9122416717146768E-02 a       448     0    23     1     8
 -5.4134503748824635E-02 a       449     0    23     1     9
  1.0369678901072883E-02 a       450     0    23     1    10
  6.2106618413569091E-02 a       451     0    23     1    11
  5.1072176067779647E-02 a       452     0    23     1    12
  9.6183124718993828E-03 a       453     0    23     1    13
 -1.8965256609577996E-01 a       454     0    23     1    14
  1.5192263434323623E-02 a       455     0    23     1    15
  2.5831265928567149E-01 a       456     0    23     1    16
 -6.2684212719224001E-03 a       457     0    23     1    17
 -1.1881550072213375E-01 a       458     0    23     1    18
 -3.3886819989035555E-01 a       459     0    23     1    19
  4.9013614649596533E-02 a       460     0    23     1    20
 -1.7705525988141904E-01 a       461     0    24     1     1
 -9.7768127494767557E-02 a       462     0    24     1     2
 -1.9335973402555003E-02 a       463     0    24     1     3
 -2.0773556972699114E-01 a       464     0    24     1     4
  1.8664174303504991E-01 a       465     0    24     1     5
 -5.7298202304638050E-02 a       466     0    24     1     6
  2.1086187839411594E-01 a       467     0    24     1     7
  1.1858862460230944E-01 a       468     0    24     1     8
 -1.0536218907470368E-01 a       469     0    24     1     9
 -7.0291138984250628E-02 a       470     0    24     1    10
  1.8190911905215759E-01 a       471     0    24     1    11
 -3.0839870959475168E-02 a       472     0    24     1    12
  1.3741978252253731E-01 a       473     0    24     1    13
  2.4712772878120962E-01 a       474     0    24     1    14
 -3.0770592988317996E-01 a       475     0    24     1    15
  1.5435732893904380E-01 a       476     0    24     1    16
  1.6940390726146656E-01 a       477     0    24     1    17
 -1.1580862970574356E-02 a       478     0    24     1    18
  2.9558294678683060E-02 a       479     0    24     1    19
  3.1438230129810174E-02 a       480     0    24     1    20
  1.1059490352640182E-01 a       481     0    25     1     1
  1.4858748346526290E-01 a       482     0    25     1     2
  4.1680824977020012E-02 a       483     0    25     1     3
  4.3772008883929757E-02 a       484     0    25     1     4
  1.5543063072946325E-01 a       485     0    25     1     5
 -2.4798009154887102E-02 a       486     0    25     1     6
  2.7849380891013492E-01 a       487     0    25     1     7
  1.7085643811705134E-03 a       488     0    25     1     8
  3.7477488515250741E-02 a       489     0    25     1     9
  1.2686043686755133E-01 a       490     0    25     1    10
 -7.3072951376160114E-02 a       491     0    25     1    11
  1.6067603423686863E-01 a       492     0    25     1    12
  4.0096029057916545E-02 a       493     0    25     1    13
 -3.9476033272146022E-02 a       494     0    25     1    14
 -2.3969793741150305E-01 a       495     0    25     1    15
 -4.8644742647060667E-02 a       496     0    25     1    16
  3.9582249256991153E-01 a       497     0    25     1    17
 -1.1504674654675555E-01 a       498     0    25     1    18
  5.7500879613761720E-02 a       499     0    25     1    19
  4.1697854757325563E-02 a       500     0    25     1    20
 -1.4841431222828158E-01 a       501     0    26     1     1
 -2.1567373886446364E-01 a       502     0    26     1     2
 -6.4929933022934733E-02 a       503     0    26     1     3
  5.3871086871798077E-02 a       504     0    26     1     4
  5.5768880615801840E-02 a       505     0    26     1     5
 -2.1318066392444796E-01 a       506     0    26     1     6
  3.9009005574748998E-02 a       507     0    26     1     7
  1.1304408569012969E-01 a       508     0    26     1     8
  6.0027064327646859E-02 a       509     0    26     1     9
 -2.6076692086418087E-02 a       510     0    26     1    10
 -4.9570337370591411E-02 a       511     0    26     1    11
  1.8390132796297401E-01 a       512     0    26     1    12
 -1.4011635347434392E-01 a       513     0    26     1    13
  7.0503251569348779E-02 a       514     0    26     1    14
  2.9546295737470024E-01 a       515     0    26     1    15
  7.6702124832550830E-02 a       516     0    26     1    16
 -3.4214998340561888E-02 a       517     0    26     1    17
 -1.1045891902914722E-01 a       518     0    26     1    18
 -1.0181859158357817E-01 a       519     0    26     1    19
 -3.1374521018504055E-02 a       520     0    26     1    20
  1.7983178937314612E-01 a       521     0    27     1     1
  1.4177731263104912E-01 a       522     0    27     1     2
 -3.7293904047743916E-02 a       523     0    27     1     3
  1.9926536707751699E-01 a       524     0    27     1     4
 -7.7474543660605411E-02 a       525     0    27     1     5
 -7.9902817007367663E-02 a       526     0    27     1     6
 -1.0260684758201197E-01 a       527     0    27     1     7
 -2.3284218845741525E-01 a       528     0    27     1     8
  1.3355508979176775E-01 a       529     0    27     1     9
 -2.8530754247610889E-02 a       530     0    27     1    10
 -2.1366700498540100E-01 a       531     0    27     1    11
  1.0816597785121480E-01 a       532     0    27     1    12
 -3.1757935688952431E-02 a       533     0    27     1    13
 -1.4096343267298053E-01 a       534     0    27     1    14
 -1.5312239309066345E-02 a       535     0    27     1    15
 -2.2442994002229180E-01 a       536     0    27     1    16
 -1.2828706274211005E-01 a       537     0    27     1    17
  1.0823574142741396E-01 a       538     0    27     1    18
  1.5818552937218530E-01 a       539     0    27     1    19
 -2.0332494199125098E-02 a       540     0    27     1    20
 -6.8776643220951644E-02 a       541     0    28     1     1
 -8.6308257141734138E-02 a       542     0    28     1     2
 -6.5306326959172281E-02 a       543     0    28     1     3
 -5.6616047013580133E-02 a       544     0    28     1     4
 -2.9075344754020828E-02 a       545     0    28     1     5
 -4.7318900319966335E-02 a       546     0    28     1     6
 -8.1779299202558955E-02 a       547     0    28     1     7
  5.5386470959726736E-02 a       548     0    28     1     8
 -2.2591226401664024E-02 a       549     0    28     1     9
 -1.1226204279020263E-01 a       550     0    28     1    10
  8.0230780728023244E-03 a       551     0    28     1    11
  1.7693156416096846E-02 a       552     0    28     1    12
 -7.2821119044260724E-02 a       553     0    28     1    13
  6.0091305883702782E-02 a       554     0    28     1    14
  2.1554645298484629E-01 a       555     0    28     1    15
 -8.0644513298532242E-02 a       556     0    28     1    16
 -6.6851694988772595E-02 a       557     0    28     1    17
  3.8838980588769868E-02 a       558     0    28     1    18
  3.3502127660683730E-02 a       559     0    28     1    19
 -2.5021792390747474E-02 a       560     0    28     1    20
  3.6184064328407657E-02 a       561     0    29     1     1
  1.2310023447039287E-01 a       562     0    29     1     2
  8.1206038228009550E-02 a       563     0    29     1     3
 -2.2673857724977292E-02 a       564     0    29     1     4
 -1.4334020292304925E-01 a       565     0    29     1     5
  1.4565658685301691E-01 a       566     0    29     1     6
 -1.8386822838948661E-02 a       567     0    29     1     7
 -1.4711974947794279E-01 a       568     0    29     1     8
 -1.2142480663109580E-03 a       569     0    29     1     9
  1.9436348051210150E-02 a       570     0    29     1    10
  3.2367777002989574E-02 a       571     0    29     1    11
 -1.0374007858381422E-01 a       572     0    29     1    12
  6.0321723865159708E-02 a       573     0    29     1    13
 -1.2521424066760792E-01 a       574     0    29     1    14
 -6.9906626060576068E-03 a       575     0    29     1    15
  1.2523030331817886E-01 a       576     0    29     1    16
  3.9160688955554884E-02 a       577     0    29     1    17
 -8.4146124837191361E-02 a       578     0    29     1    18
 -1.7784451321211989E-01 a       579     0    29     1    19
  3.1356819998535360E-02 a       580     0    29     1    20
 -2.1094802779414366E-02 a       581     0    30     1     1
 -4.2175742142322219E-02 a       582     0    30     1     2
  7.6608780985611960E-03 a       583     0    30     1     3
 -4.0119650741337817E-02 a       584     0    30     1     4
  1.7367317050666825E-02 a       585     0    30     1     5
  6.7988337662801601E-02 a       586     0    30     1     6
  2.5421810289227662E-02 a       587     0    30     1     7
  1.5031518841706085E-01 a       588     0    30     1     8
 -7.1237518918063639E-02 a       589     0    30     1     9
  9.6652515029563388E-02 a       590     0    30     1    10
  5.3254835501085562E-02 a       591     0    30     1    11
 -6.9871420405860266E-02 a       592     0    30     1    12
  6.4697297457291265E-03 a       593     0    30     1    13
  5.4844043262986038E-02 a       594     0    30     1    14
  4.5236765266927464E-02 a       595     0    30     1    15
 -8.3504106375442269E-02 a       596     0    30     1    16
  4.4171193226558027E-02 a       597     0    30     1    17
 -1.8829760614287833E-02 a       598     0    30     1    18
  1.9734365463592075E-02 a       599     0    30     1    19
 -1.1874952761599823E-03 a       600     0    30     1    20
  2.3248011562588072E-01 a       601     0    31     1     1
  4.0309725674215494E-02 a       602     0    31     1     2
 -4.1429173108973677E-01 a       603     0    31     1     3
 -3.0361522861143136E-01 a       604     0    31     1     4
  5.4534805226196303E-01 a       605     0    31     1     5
  1.2479286479281966E-01 a       606     0    31     1     6
  2.7622932358631988E-02 a       607     0    31     1     7
  3.2970693260562645E-01 a       608     0    31     1     8
  4.3005952842090861E-01 a       609     0    31     1     9
 -2.8930873122814343E-01 a       610     0    31     1    10
 -5.9944183062690670E-01 a       611     0    31     1    11
  2.3374950140642414E-01 a       612     0    31     1    12
 -2.9894695868190785E-01 a       613     0    31     1    13
 -1.7167435163523394E-02 a       614     0    31     1    14
  1.5290336243439684E-01 a       615     0    31     1    15
  6.6034884015394285E-02 a       616     0    31     1    16
  7.2165876389738339E-03 a       617     0    31     1    17
 -1.9251121898316939E-01 a       618     0    31     1    18
  1.3727350719402509E-01 a       619     0    31     1    19
  6.1717198547202112E-01 a       620     0    31     1    20
 -1.1219298974949625E-01 a       621     0    32     1     1
  5.3140863903655455E-01 a       622     0    32     1     2
  3.8818800392996161E-01 a       623     0    32     1     3
 -1.7593246166513657E-01 a       624     0    32     1     4
 -5.6494911653481972E-02 a       625     0    32     1     5
 -1.1737807269003193E-01 a       626     0    32     1     6
 -9.2491770883594962E-02 a       627     0    32     1     7
 -4.3000055405958831E-01 a       628     0    32     1     8
 -1.9612912308561081E-01 a       629     0    32     1     9
  8.6941755536680362E-02 a       630     0    32     1    10
  4.7746977564884324E-01 a       631     0    32     1    11
 -2.1610094162328633E-02 a       632     0    32     1    12
 -3.0660685850348901E-01 a       633     0    32     1    13
 -4.7009400997075240E-01 a       634     0    32     1    14
 -6.2120887229595891E-02 a       635     0    32     1    15
  8.7853474440044640E-03 a       636     0    32     1    16
  1.2392064570842130E-01 a       637     0    32     1    17
 -4.8133973202611763E-01 a       638     0    32     1    18
 -1.3192059663168690E-01 a       639     0    32     1    19
 -2.7054514045929989E-01 a       640     0    32     1    20
  3.4373337851685302E-02 a       641     0    33     1     1
 -4.1655160371372110E-02 a       642     0    33     1     2
 -1.2587753568278584E-01 a       643     0    33     1     3
 -6.8273881085958554E-02 a       644     0    33     1     4
  2.5385695012924764E-01 a       645     0    33     1     5
  1.8405039693827524E-01 a       646     0    33     1     6
  3.9052324676283878E-01 a       647     0    33     1     7
  4.4881255729278891E-01 a       648     0    33     1     8
 -5.3300206502204371E-02 a       649     0    33     1     9
  1.6348612707848384E-01 a       650     0    33     1    10
 -6.9314437162833773E-04 a       651     0    33     1    11
 -2.1534018612624903E-01 a       652     0    33     1    12
 -4.3335617260511178E-01 a       653     0    33     1    13
  3.1255350058465020E-01 a       654     0    33     1    14
 -7.2664644368053033E-02 a       655     0    33     1    15
 -4.8263221447331785E-02 a       656     0    33     1    16
 -9.6729401676888746E-03 a       657     0    33     1    17
  2.9926375135573995E-03 a       658     0    33     1    18
  3.4221092496138922E-01 a       659     0    33     1    19
  4.4864463818038339E-02 a       660     0    33     1    20
  4.5420850747692487E-01 a       661     0    34     1     1
 -1.3345318700167638E-01 a       662     0    34     1     2
 -5.7959988435602183E-02 a       663     0    34     1     3
  1.3643757267545184E-01 a       664     0    34     1     4
 -1.2077926163029924E-01 a       665     0    34     1     5
 -6.0299344629699853E-02 a       666     0    34     1     6
  6.8985305966101890E-02 a       667     0    34     1     7
 -5.3093137561327575E-03 a       668     0    34     1     8
  1.8187169201389566E-01 a       669     0    34     1     9
 -4.0035555218785090E-01 a       670     0    34     1    10
 -3.1424135036172168E-01 a       671     0    34     1    11
  1.3468794679057142E-01 a       672     0    34     1    12
  7.9884558611475337E-02 a       673     0    34     1    13
  2.0826411309113074E-01 a       674     0    34     1    14
 -4.0691546353788033E-01 a       675     0    34     1    15
  5.5719975074709438E-02 a       676     0    34     1    16
  2.4672613045442268E-01 a       677     0    34     1    17
  1.7805908350971519E-01 a       678     0    34     1    18
 -2.8146885263783110E-02 a       679     0    34     1    19
  1.9257657340255269E-01 a       680     0    34     1    20
 -1.4956814646310562E-01 a       681     0    35     1     1
  3.0199418956849311E-01 a       682     0    35     1     2
  9.1288986822991400E-02 a       683     0    35     1     3
  8.4764112801818420E-02 a       684     0    35     1     4
 -8.8939625396501215E-02 a       685     0    35     1     5
 -1.0612717687998680E-01 a       686     0    35     1     6
  1.0014043649735523E-01 a       687     0    35     1     7
 -1.7510632025749742E-01 a       688     0    35     1     8
  1.9361800903880233E-02 a       689     0    35     1     9
 -3.1603298354077047E-03 a       690     0    35     1    10
 -1.2063552973122335E-01 a       691     0    35     1    11
  2.4053322354855047E-01 a       692     0    35     1    12
 -1.2134198193880105E-01 a       693     0    35     1    13
 -6.5829596951808442E-02 a       694     0    35     1    14
  1.4209957455838823E-01 a       695     0    35     1    15
  4.4681077263265417E-01 a       696     0    35     1    16
 -1.1845630001873979E-01 a       697     0    35     1    17
 -2.2227813386639894E-01 a       698     0    35     1    18
 -1.6920633482305363E-02 a       699     0    35     1    19
  4.4831607672173486E-02 a       700     0    35     1    20
 -8.7824050374942106E-02 a       701     0    36     1     1
 -1.5002233495889047E-01 a       702     0    36     1     2
 -1.0534371023142117E-01 a       703     0    36     1     3
  7.9337631898059230E-02 a       704     0    36     1     4
  2.1766867341597121E-01 a       705     0    36     1     5
  1.9416897601820107E-01 a       706     0    36     1     6
  2.7101569628127545E-02 a       707     0    36     1     7
  8.3886740611135990E-02 a       708     0    36     1     8
  1.2203603492021785E-02 a       709     0    36     1     9
 -2.5927038902665678E-01 a       710     0    36     1    10
 -7.3183376724234944E-02 a       711     0    36     1    11
 -1.2654677472929116E-02 a       712     0    36     1    12
 -1.0041049717950086E-01 a       713     0    36     1    13
 -7.9851940983600378E-02 a       714     0    36     1    14
 -3.2184639088816636E-01 a       715     0    36     1    15
 -1.9998286689393199E-01 a       716     0    36     1    16
  1.9076943308097158E-01 a       717     0    36     1    17
  2.7681832043963923E-02 a       718     0    36     1    18
 -1.6135973096702866E-01 a       719     0    36     1    19
 -8.8061276897818966E-02 a       720     0    36     1    20
  7.1249395709979971E-02 a       721     0    37     1     1
 -2.1172445956262478E-01 a       722     0    37     1     2
  8.0988049163981349E-02 a       723     0    37     1     3
 -1.1869380145941782E-01 a       724     0    37     1     4
 -2.2838527726951746E-01 a       725     0    37     1     5
  2.0969089381277556E-01 a       726     0    37     1     6
  9.0594060259845371E-02 a       727     0    37     1     7
 -6.5439143802898156E-02 a       728     0    37     1     8
 -5.1114307483994559E-01 a       729     0    37     1     9
  4.5703127280177774E-01 a       730     0    37     1    10
  1.3286137588295585E-01 a       731     0    37     1    11
 -1.2199064833352624E-01 a       732     0    37     1    12
  2.0638744447030591E-01 a       733     0    37     1    13
  4.3960028995993106E-01 a       734     0    37     1    14
 -2.2658389138555116E-01 a       735     0    37     1    15
  2.6562451236720998E-02 a       736     0    37     1    16
 -1.6286461212146516E-01 a       737     0    37     1    17
 -3.4469988628645282E-02 a       738     0    37     1    18
  4.7882873622142941E-01 a       739     0    37     1    19
  1.3033146573741419E-01 a       740     0    37     1    20
 -7.6407607757921783E-02 a       741     0    38     1     1
  1.3999223151579804E-01 a       742     0    38     1     2
  1.4485221336377527E-01 a       743     0    38     1     3
  3.6356933014277434E-02 a       744     0    38     1     4
  4.0587973773090830E-01 a       745     0    38     1     5
  4.0252895672375144E-01 a       746     0    38     1     6
  2.2865916035800776E-02 a       747     0    38     1     7
  2.4145249973204827E-01 a       748     0    38     1     8
  4.0244621985642354E-01 a       749     0    38     1     9
 -1.8796154374897514E-01 a       750     0    38     1    10
  7.6170269914792726E-02 a       751     0    38     1    11
  9.7831041996097920E-02 a       752     0    38     1    12
  1.1863079364193475E-01 a       753     0    38     1    13
  1.7352919134848901E-01 a       754     0    38     1    14
 -5.9069814113379117E-02 a       755     0    38     1    15
 -1.1428265066190713E-01 a       756     0    38     1    16
  1.8614789444258620E-01 a       757     0    38     1    17
  7.3090036127863600E-01 a       758     0    38     1    18
 -2.9852588332774332E-01 a       759     0    38     1    19
  5.4177515479345226E-02 a       760     0    38     1    20
  2.6395103906162787E-01 a       761     0    39     1     1
 -2.0181622027035796E-03 a       762     0    39     1     2
 -6.4866172167113947E-02 a       763     0    39     1     3
  4.7165489675041272E-01 a       764     0    39     1     4
  2.3397251289292062E-01 a       765     0    39     1     5
 -1.7526238270363478E-01 a       766     0    39     1     6
 -1.4680683307851766E-01 a       767     0    39     1     7
  1.0639952617293306E-03 a       768     0    39     1     8
  1.0750113769587692E-01 a       769     0    39     1     9
  1.1161333199507270E-01 a       770     0    39     1    10
 -2.3498058644852723E-01 a       771     0    39     1    11
 -3.3616108750585549E-01 a       772     0    39     1    12
  3.1212577904520111E-01 a       773     0    39     1    13
 -2.9756628432540618E-02 a       774     0    39     1    14
  1.1927335561087637E-02 a       775     0    39     1    15
 -2.1263511357802387E-01 a       776     0    39     1    16
  1.4385807093660496E-01 a       777     0    39     1    17
  7.4942192383173123E-02 a       778     0    39     1    18
  1.3915959393058658E-01 a       779     0    39     1    19
 -1.8257202457346740E-02 a       780     0    39     1    20
 -2.8690599783476783E-01 a       781     0    40     1     1
  1.9409613645638379E-01 a       782     0    40     1     2
 -3.4746514684186175E-01 a       783     0    40     1     3
 -4.1128459318099192E-02 a       784     0    40     1     4
 -2.5423848137570260E-02 a       785     0    40     1     5
 -2.2875558840698049E-01 a       786     0    40     1     6
 -9.6681208248199008E-02 a       787     0    40     1     7
 -6.2835066079637319E-02 a       788     0    40     1     8
 -2.4409505606537288E-01 a       789     0    40     1     9
 -4.0942875465248066E-03 a       790     0    40     1    10
  7.4594353657794765E-02 a       791     0    40     1    11
 -1.0951996639611128E-01 a       792     0    40     1    12
  9.1588702215404411E-02 a       793     0    40     1    13
 -2.3830831495006951E-03 a       794     0    40     1    14
 -2.3473948212678286E-02 a       795     0    40     1    15
  1.2292118134309050E-01 a       796     0    40     1    16
 -2.0763894294367133E-02 a       797     0    40     1    17
 -1.4996378611404451E-01 a       798     0    40     1    18
 -1.5130034645872162E-01 a       799     0    40     1    19
 -2.1801652038264513E-01 a       800     0    40     1    20
 -1.6518843170861860E-01 a       801     0    41     1     1
 -3.4646641900951569E-01 a       802     0    41     1     2
 -1.4546572952116884E-02 a       803     0    41     1     3
 -1.2433138919995351E-02 a       804     0    41     1     4
 -2.7281913538649044E-01 a       805     0    41     1     5
  1.1333879441586067E-01 a       806     0    41     1     6
  3.7569426686999553E-03 a       807     0    41     1     7
  4.3021809906780423E-02 a       808     0    41     1     8
 -8.0931954597269498E-02 a       809     0    41     1     9
 -1.3286305072909657E-01 a       810     0    41     1    10
  1.0255733996093515E-01 a       811     0    41     1    11
  5.4454320805121066E-03 a       812     0    41     1    12
  1.4710116413067709E-01 a       813     0    41     1    13
 -5.3854565615665713E-03 a       814     0    41     1    14
 -5.5741469426743358E-02 a       815     0    41     1    15
 -3.1489044785875603E-01 a       816     0    41     1    16
  5.1718343055728505E-02 a       817     0    41     1    17
  5.7076259253601873E-02 a       818     0    41     1    18
 -1.3828258080399944E-01 a       819     0    41     1    19
  7.7121367410075498E-02 a       820     0    41     1    20
 -1.5461536734072623E-01 a       821     0    42     1     1
  3.5564694495237031E-01 a       822     0    42     1     2
 -7.1190099960448491E-02 a       823     0    42     1     3
 -1.6840068761868946E-02 a       824     0    42     1     4
 -2.8344373299180980E-01 a       825     0    42     1     5
 -4.2177579122190473E-02 a       826     0    42     1     6
  1.5803537507377552E-01 a       827     0    42     1     7
  3.9964560450798249E-02 a       828     0    42     1     8
  7.5863893170506333E-02 a       829     0    42     1     9
  2.7876287547198925E-01 a       830     0    42     1    10
 -1.4893454273412762E-01 a       831     0    42     1    11
  6.3825525049249432E-02 a       832     0    42     1    12
 -1.0438932160463972E-01 a       833     0    42     1    13
  1.8164096273323688E-01 a       834     0    42     1    14
 -8.3389485130102123E-02 a       835     0    42     1    15
 -2.3483312055029246E-01 a       836     0    42     1    16
 -1.6874776665258079E-02 a       837     0    42     1    17
 -1.1852320763788887E-01 a       838     0    42     1    18
  7.0528196791465603E-02 a       839     0    42     1    19
  3.1513183136672146E-02 a       840     0    42     1    20
 -1.6034735354922433E-02 a       841     0    43     1     1
 -5.3600741534450711E-03 a       842     0    43     1     2
 -1.3354510592442198E-02 a       843     0    43     1     3
 -3.2296773186452465E-01 a       844     0    43     1     4
  5.8838183532042371E-02 a       845     0    43     1     5
 -1.1251131825609363E-01 a       846     0    43     1     6
 -1.6993712719292858E-01 a       847     0    43     1     7
 -4.4199279594556767E-01 a       848     0    43     1     8
 -4.3971012244834184E-01 a       849     0    43     1     9
  5.6835607886987098E-02 a       850     0    43     1    10
  1.3483468394009793E-01 a       851     0    43     1    11
  4.7507533928874129E-01 a       852     0    43     1    12
  5.2874457342529746E-01 a       853     0    43     1    13
 -1.8393099898439311E-01 a       854     0    43     1    14
  3.6719171372016490E-01 a       855     0    43     1    15
 -1.9727127116290458E-01 a       856     0    43     1    16
 -2.6160686009297818E-01 a       857     0    43     1    17
  2.9761623629286399E-01 a       858     0    43     1    18
 -7.7236879497533925E-02 a       859     0    43     1    19
  3.2082780473311694E-02 a       860     0    43     1    20
  1.9056408616949791E-01 a       861     0    44     1     1
 -2.2626471110428548E-01 a       862     0    44     1     2
  8.0247005754616796E-02 a       863     0    44     1     3
 -1.8259780202538992E-02 a       864     0    44     1     4
 -1.3054833697582299E-01 a       865     0    44     1     5
 -5.0896308086250633E-02 a       866     0    44     1     6
  4.2495952361735319E-02 a       867     0    44     1     7
  3.4207285528266412E-01 a       868     0    44     1     8
  4.6340279252688554E-01 a       869     0    44     1     9
 -6.1902322262816896E-02 a       870     0    44     1    10
  1.3888172311227401E-01 a       871     0    44     1    11
 -9.3944019584608671E-02 a       872     0    44     1    12
 -2.5229391284901215E-01 a       873     0    44     1    13
  1.9050508505861091E-01 a       874     0    44     1    14
 -2.8080497068027337E-02 a       875     0    44     1    15
  3.4754054108475312E-02 a       876     0    44     1    16
  1.7820691647003201E-01 a       877     0    44     1    17
  7.7310365624451038E-02 a       878     0    44     1    18
  5.8769782599980350E-02 a       879     0    44     1    19
  4.5942017475305214E-02 a       880     0    44     1    20
 -7.4771166273902900E-02 a       881     0    45     1     1
 -1.4942440607469962E-01 a       882     0    45     1     2
 -8.4990458362269497E-02 a       883     0    45     1     3
  1.0473697698614691E-01 a       884     0    45     1     4
  2.9207368029569053E-01 a       885     0    45     1     5
  1.4421937833692557E-02 a       886     0    45     1     6
 -8.6160025241704616E-02 a       887     0    45     1     7
 -6.4609264944661599E-02 a       888     0    45     1     8
  1.5173510165185575E-01 a       889     0    45     1     9
  2.0790313508739666E-01 a       890     0    45     1    10
 -1.9161070469016650E-01 a       891     0    45     1    11
 -1.1205509177032212E-01 a       892     0    45     1    12
  3.6378229758006164E-01 a       893     0    45     1    13
 -3.4024003576494571E-02 a       894     0    45     1    14
 -3.6529965303928968E-01 a       895     0    45     1    15
 -2.5983952039257702E-02 a       896     0    45     1    16
  8.5205807162936423E-02 a       897     0    45     1    17
 -2.2255605245564020E-01 a       898     0    45     1    18
 -3.3555760672032378E-02 a       899     0    45     1    19
 -5.8559235431106312E-02 a       900     0    45     1    20
 -1.5670809562992336E-01 a       901     0    46     1     1
  1.1802078197026092E-01 a       902     0    46     1     2
 -1.3909235356853544E-01 a       903     0    46     1     3
 -1.5415135443885300E-01 a       904     0    46     1     4
 -1.1305743446378580E-01 a       905     0    46     1     5
  9.0474185331490153E-02 a       906     0    46     1     6
  1.7468496805287628E-01 a       907     0    46     1     7
 -1.2265381121343111E-01 a       908     0    46     1     8
 -1.7505826189413265E-01 a       909     0    46     1     9
 -3.6224972352218071E-01 a       910     0    46     1    10
 -8.5005214184560082E-03 a       911     0    46     1    11
  1.2611066087218381E-01 a       912     0    46     1    12
  1.0233207242111649E-01 a       913     0    46     1    13
 -2.6833023325432762E-02 a       914     0    46     1    14
 -2.4026590941289291E-01 a       915     0    46     1    15
  3.2928306383042466E-01 a       916     0    46     1    16
  1.0292809430247336E-01 a       917     0    46     1    17
 -1.7430541150192758E-01 a       918     0    46     1    18
 -2.2685336560606773E-01 a       919     0    46     1    19
 -5.1864078689511262E-02 a       920     0    46     1    20
 -1.1371397332940471E-01 a       921     0    47     1     1
 -9.5507370686109733E-02 a       922     0    47     1     2
  3.2750124448318214E-02 a       923     0    47     1     3
 -4.3724096845460858E-02 a       924     0    47     1     4
 -7.3421762149481609E-02 a       925     0    47     1     5
  9.1732653002383605E-02 a       926     0    47     1     6
 -8.1223932648257335E-02 a       927     0    47     1     7
  6.0720105046863801E-02 a       928     0    47     1     8
  3.9730916052128197E-03 a       929     0    47     1     9
 -1.0886406664123023E-01 a       930     0    47     1    10
 -2.9663109336127379E-02 a       931     0    47     1    11
 -5.8334753007514728E-02 a       932     0    47     1    12
 -2.5018558726079509E-01 a       933     0    47     1    13
 -3.4459386890327161E-02 a       934     0    47     1    14
  3.5220280677218879E-01 a       935     0    47     1    15
 -1.7116191590461019E-01 a       936     0    47     1    16
  6.3594407402887521E-02 a       937     0    47     1    17
 -2.0993093267915511E-01 a       938     0    47     1    18
 -2.2937022356791334E-01 a       939     0    47     1    19
 -1.2602625812497511E-02 a       940     0    47     1    20
  1.7637541146597721E-01 a       941     0    48     1     1
 -2.4733024298864395E-01 a       942     0    48     1     2
 -6.4588069329631070E-02 a       943     0    48     1     3
  8.4001462640891880E-02 a       944     0    48     1     4
  3.7216379309555465E-02 a       945     0    48     1     5
 -5.1487641522929790E-02 a       946     0    48     1     6
  1.7054140723123792E-01 a       947     0    48     1     7
 -2.2784121720985304E-01 a       948     0    48     1     8
  2.7232342308977288E-02 a       949     0    48     1     9
  1.5826468086016190E-02 a       950     0    48     1    10
 -1.6381440538757914E-02 a       951     0    48     1    11
 -1.7461029098626993E-01 a       952     0    48     1    12
  1.0905541579672970E-01 a       953     0    48     1    13
  5.2980932441171420E-02 a       954     0    48     1    14
 -8.5425932455982651E-03 a       955     0    48     1    15
 -6.6079293175051651E-02 a       956     0    48     1    16
  4.4630035470325430E-02 a       957     0    48     1    17
  8.2031975003599461E-02 a       958     0    48     1    18
  1.0922734588565504E-01 a       959     0    48     1    19
 -1.0346008579741384E-02 a       960     0    48     1    20
  2.4541921433911620E-02 a       961     0    49     1     1
 -1.5015379694295350E-01 a       962     0    49     1     2
  5.1286420391995935E-02 a       963     0    49     1     3
 -1.4271261714471403E-01 a       964     0    49     1     4
  1.3737774534026370E-01 a       965     0    49     1     5
 -3.0070323204023269E-01 a       966     0    49     1     6
 -2.2718010273465208E-01 a       967     0    49     1     7
  2.8351098696539440E-01 a       968     0    49     1     8
  1.4342919066181403E-01 a       969     0    49     1     9
 -1.1416448419198746E-01 a       970     0    49     1    10
  1.6788586369929737E-01 a       971     0    49     1    11
 -7.0798908148483136E-02 a       972     0    49     1    12
 -2.2042742687980632E-01 a       973     0    49     1    13
 -1.4276835388933987E-01 a       974     0    49     1    14
  3.9865157041206872E-01 a       975     0    49     1    15
 -1.2006587453471308E-01 a       976     0    49     1    16
 -8.5608820686332174E-02 a       977     0    49     1    17
  1.4934757819861255E-01 a       978     0    49     1    18
  2.1241103952571355E-01 a       979     0    49     1    19
 -7.7362554153367541E-02 a       980     0    49     1    20
 -2.6893437080059823E-01 a       981     0    50     1     1
  2.7035485311271895E-01 a       982     0    50     1     2
  2.8396395180528555E-01 a       983     0    50     1     3
 -3.9213857598121689E-02 a       984     0    50     1     4
  2.5953620184192255E-01 a       985     0    50     1     5
 -1.5255019669761938E-01 a       986     0    50     1     6
 -2.4611521732413141E-01 a       987     0    50     1     7
  6.9623785091584914E-02 a       988     0    50     1     8
 -5.1049476416562223E-01 a       989     0    50     1     9
  4.4320598850979426E-01 a       990     0    50     1    10
 -1.4157138049675513E-01 a       991     0    50     1    11
  6.3380586399863914E-01 a       992     0    50     1    12
  5.0951205977398306E-01 a       993     0    50     1    13
 -8.1060562339949804E-01 a       994     0    50     1    14
  3.6857119283474099E-02 a       995     0    50     1    15
 -9.2813628136845946E-02 a       996     0    50     1    16
  4.8738480420481423E-01 a       997     0    50     1    17
  1.8265842877499369E-02 a       998     0    50     1    18
 -1.5432071243814771E-01 a       999     0    50     1    19
  1.7149088676136529E-01 a      1000     0    50     1    20
  4.4027950214178213E-02 a      1001     0    51     1     1
 -8.3881097443404815E-02 a      1002     0    51     1     2
  1.0972482352308056E-01 a      1003     0    51     1     3
 -1.2671585380172304E-01 a      1004     0    51     1     4
 -1.6622089282072211E-01 a      1005     0    51     1     5
 -1.5390310264886362E-01 a      1006     0    51     1     6
 -1.8085467270354535E-01 a      1007     0    51     1     7
  1.2299399057417650E-01 a      1008     0    51     1     8
 -1.5491296249210235E-01 a      1009     0    51     1     9
  1.1051065133474593E-01 a      1010     0    51     1    10
  9.8786545986864788E-02 a      1011     0    51     1    11
  1.3318221179807269E-01 a      1012     0    51     1    12
 -2.1718707214556218E-01 a      1013     0    51     1    13
 -3.5124200747620196E-02 a      1014     0    51     1    14
  1.7459837838215997E-01 a      1015     0    51     1    15
  1.9201525690683283E-01 a      1016     0    51     1    16
 -1.3670775716844275E-01 a      1017     0    51     1    17
  9.3423889208298388E-02 a      1018     0    51     1    18
  1.7437668916639973E-01 a      1019     0    51     1    19
  6.7873876674703583E-03 a      1020     0    51     1    20
  2.1934940527016018E-02 a      1021     0    52     1     1
 -1.9097735346104971E-01 a      1022     0    52     1     2
  2.3788503476064821E-01 a      1023     0    52     1     3
 -6.9180333471236130E-02 a      1024     0    52     1     4
  1.9496357507008632E-02 a      1025     0    52     1     5
  1.7872891903308957E-01 a      1026     0    52     1     6
  2.4114252834706981E-01 a      1027     0    52     1     7
  2.3994953646320490E-02 a      1028     0    52     1     8
  2.7019074965336443E-01 a      1029     0    52     1     9
 -2.3362143725235976E-01 a      1030     0    52     1    10
  1.1645120773441206E-01 a      1031     0    52     1    11
 -3.6970527844396722E-02 a      1032     0    52     1    12
 -1.4221567782208377E-01 a      1033     0    52     1    13
 -1.2441998990012034E-03 a      1034     0    52     1    14
 -1.4672412256120101E-01 a      1035     0    52     1    15
  6.7108118546049020E-02 a      1036     0    52     1    16
 -2.0152918223315167E-01 a      1037     0    52     1    17
 -1.5368231859625472E-01 a      1038     0    52     1    18
 -7.5187196941231937E-02 a      1039     0    52     1    19
  1.8933775642684961E-02 a      1040     0    52     1    20
  2.1045877309108638E-01 a      1041     0    53     1     1
  1.7127190526265829E-01 a      1042     0    53     1     2
 -3.1233878867907974E-02 a      1043     0    53     1     3
  2.0535395695669600E-02 a      1044     0    53     1     4
  3.0481049755446366E-01 a      1045     0    53     1     5
  1.5338336931000618E-01 a      1046     0    53     1     6
  1.0245008145674238E-02 a      1047     0    53     1     7
 -1.9413708253813400E-01 a      1048     0    53     1     8
 -9.2618032577040021E-04 a      1049     0    53     1     9
  3.9617039297256074E-02 a      1050     0    53     1    10
 -1.5221391322154781E-01 a      1051     0    53     1    11
  3.0427378205810738E-02 a      1052     0    53     1    12
 -8.5563613612619716E-02 a      1053     0    53     1    13
 -5.8807644017833012E-02 a      1054     0    53     1    14
  2.4465022333916717E-01 a      1055     0    53     1    15
  9.4471980479191059E-02 a      1056     0    53     1    16
  1.7405539035873305E-01 a      1057     0    53     1    17
 -1.4867799951618887E-01 a      1058     0    53     1    18
  9.0784983743571995E-02 a      1059     0    53     1    19
 -3.3803651709928439E-02 a      1060     0    53     1    20
  9.5201502919124478E-02 a      1061     0    54     1     1
  1.1859720005123509E-01 a      1062     0    54     1     2
  2.9141475051337452E-02 a      1063     0    54     1     3
  1.6393802754966960E-01 a      1064     0    54     1     4
  6.4620693801704501E-02 a      1065     0    54     1     5
  6.5995968477401940E-02 a      1066     0    54     1     6
  7.3441272746462644E-02 a      1067     0    54     1     7
 -1.0947202116948325E-01 a      1068     0    54     1     8
  4.4839059789866596E-02 a      1069     0    54     1     9
  5.6635357218647729E-02 a      1070     0    54     1    10
  8.2858744554866143E-04 a      1071     0    54     1    11
 -7.2906808776715709E-02 a      1072     0    54     1    12
 -2.3545188267663074E-02 a      1073     0    54     1    13
 -9.9081716655751467E-02 a      1074     0    54     1    14
  1.3011824151158258E-01 a      1075     0    54     1    15
  8.5215105463370952E-02 a      1076     0    54     1    16
 -1.9473670447254415E-01 a      1077     0    54     1    17
  1.5014001844476421E-01 a      1078     0    54     1    18
  1.0490617566144311E-01 a      1079     0    54     1    19
  3.1634675074907366E-02 a      1080     0    54     1    20
  1.0963764564178327E+00 b      1081     1     1
 -1.0005772399513662E+00 b      1082     1     2
  7.7068274912942381E-01 b      1083     1     3
  2.2676981502079516E-01 b      1084     1     4
  1.3600325489653389E+00 b      1085     1     5
  7.8384505772871982E-01 b      1086     1     6
 -6.7024880828505118E-01 b      1087     1     7
  7.5412797833238443E-01 b      1088     1     8
  8.8142731960193288E-01 b      1089     1     9
  7.6654045513239932E-01 b      1090     1    10
 -3.5629331292510819E-01 b      1091     1    11
  2.2907383053624583E-01 b      1092     1    12
 -1.1273227468304410E+00 b      1093     1    13
  1.5139174767126653E+00 b      1094     1    14
  1.4360346121851899E+00 b      1095     1    15
  1.4179923796437246E+00 b      1096     1    16
 -7.1086444491979288E-03 b      1097     1    17
 -1.0010371253311433E-01 b      1098     1    18
  1.0284061055659297E+00 b      1099     1    19
 -4.6726365599423980E-01 b      1100     1    20
 -4.1453994050357662E-01 a      1101     1     1     2     1
  5.3232707320765094E-01 a      1102     1     1     2     2
  8.1914647179100020E-02 a      1103     1     1     2     3
  4.8666054471150442E-03 a      1104     1     1     2     4
 -3.2640346375673285E-01 a      1105     1     1     2     5
 -7.1242248783827622E-02 a      1106     1     1     2     6
 -2.1290057383374061E-01 a      1107     1     1     2     7
  3.0848393097275789E-01 a      1108     1     1     2     8
 -5.4944497248487811E-01 a      1109     1     1     2     9
 -2.0942363453033641E-01 a      1110     1     1     2    10
 -4.5886630220012631E-01 a      1111     1     1     2    11
  1.5425129722289463E-01 a      1112     1     1     2    12
 -4.9162199559357955E-01 a      1113     1     1     2    13
  9.0586646628311188E-02 a      1114     1     1     2    14
 -6.6614061687497195E-01 a      1115     1     1     2    15
  5.1128163726256703E-01 a      1116     1     1     2    16
  2.2946723453696730E-01 a      1117     1     1     2    17
 -3.2237829423120992E-02 a      1118     1     1     2    18
  1.6025532465738429E-01 a      1119     1     1     2    19
  4.8235100503438610E-01 a      1120     1     1     2    20
  1.3731421751531417E-01 a      1121     1     2     2     1
  4.6738707113837857E-01 a      1122     1     2     2     2
  6.1430251027652683E-01 a      1123     1     2     2     3
  3.1221012178150518E-02 a      1124     1     2     2     4
  2.6712218958616357E-01 a      1125     1     2     2     5
 -5.0775317133342446E-01 a      1126     1     2     2     6
  1.9666891262434305E-01 a      1127     1     2     2     7
  2.3097282371828179E-01 a      1128     1     2     2     8
 -2.8063445063137510E-01 a      1129     1     2     2     9
 -3.0363013176123721E-01 a      1130     1     2     2    10
 -1.2715196979240020E-01 a      1131     1     2     2    11
 -6.6836734684151577E-01 a      1132     1     2     2    12
 -3.0444314434107322E-01 a      1133     1     2     2    13
  7.9421703082533324E-02 a      1134     1     2     2    14
  2.2641595711825035E-01 a      1135     1     2     2    15
  5.5554347291975403E-01 a      1136     1     2     2    16
 -3.6964787922122783E-01 a      1137     1     2     2    17
  4.8150299265584728E-01 a      1138     1     2     2    18
  1.0747787076080682E-01 a      1139     1     2     2    19
 -4.8146618669521352E-01 a      1140     1     2     2    20
  6.0274089203185978E-02 a      1141     1     3     2     1
 -3.6401188670866523E-02 a      1142     1     3     2     2
 -5.0399708614670902E-01 a      1143     1     3     2     3
  7.8689195650995414E-02 a      1144     1     3     2     4
  6.6083217315012399E-01 a      1145     1     3     2     5
 -5.0879840096143625E-01 a      1146     1     3     2     6
  1.2957712263101611E-02 a      1147     1     3     2     7
 -3.9067415900033348E-01 a      1148     1     3     2     8
  2.2569081700105897E-01 a      1149     1     3     2     9
  1.9581185662519825E-02 a      1150     1     3     2    10
  1.2726950359587655E-01 a      1151     1     3     2    11
  1.9533668197199044E-01 a      1152     1     3     2    12
 -6.6425281099667366E-01 a      1153     1     3     2    13
  2.6024803982576417E-01 a      1154     1     3     2    14
  9.0934275505769124E-01 a      1155     1     3     2    15
 -6.9610592631421497E-01 a      1156     1     3     2    16
  2.3553320819609344E-01 a      1157     1     3     2    17
 -2.4544581811952479E-01 a      1158     1     3     2    18
 -3.8088353413415660E-01 a      1159     1     3     2    19
  1.9881020635590602E-01 a      1160     1     3     2    20
 -1.0267585693370927E-01 a      1161     1     4     2     1
 -4.4498381229932737E-01 a      1162     1     4     2     2
 -1.0534347330817544E-01 a      1163     1     4     2     3
 -1.6369291866656768E-01 a      1164     1     4     2     4
  3.4487730511333708E-01 a      1165     1     4     2     5
  5.0187677226128657E-01 a      1166     1     4     2     6
  4.0540161935375525E-02 a      1167     1     4     2     7
  1.7693183181378547E-01 a      1168     1     4     2     8
 -3.7885441451105416E-02 a      1169     1     4     2     9
  4.9720053835092970E-01 a      1170     1     4     2    10
  9.2686347118773570E-03 a      1171     1     4     2    11
  5.1201803120940670E-01 a      1172     1     4     2    12
  7.0632128200932853E-01 a      1173     1     4     2    13
 -2.8480332973253897E-01 a      1174     1     4     2    14
  5.5816830159354869E-01 a      1175     1     4     2    15
  2.4016273894532458E-01 a      1176     1     4     2    16
  5.3202127265223875E-01 a      1177     1     4     2    17
 -4.0669273937117451E-01 a      1178     1     4     2    18
  3.5760683237081997E-01 a      1179     1     4     2    19
  1.7183450614590032E-01 a      1180     1     4     2    20
  4.1675108266575994E-01 a      1181     1     5     2     1
 -3.9042300668998620E-01 a      1182     1     5     2     2
  2.9033946918926956E-01 a      1183     1     5     2     3
 -1.1738780946533170E-01 a      1184     1     5     2     4
 -3.7291808380070157E-01 a      1185     1     5     2     5
  4.5302611883010652E-01 a      1186     1     5     2     6
  5.5077918416195193E-01 a      1187     1     5     2     7
  1.8191262287170656E-01 a      1188     1     5     2     8
  2.7800271153785489E-01 a      1189     1     5     2     9
  6.5854755218152424E-03 a      1190     1     5     2    10
 -3.0661289719302958E-03 a      1191     1     5     2    11
  3.1011465269811378E-01 a      1192     1     5     2    12
 -1.5157585298785164E-01 a      1193     1     5     2    13
 -2.1604833414556848E-01 a      1194     1     5     2    14
  4.6970298430170804E-01 a      1195     1     5     2    15
  1.2383486705120703E-01 a      1196     1     5     2    16
 -3.0070716849752072E-01 a      1197     1     5     2    17
 -5.4629427276095532E-01 a      1198     1     5     2    18
  1.9195909048281271E-01 a      1199     1     5     2    19
  7.0320222106431809E-02 a      1200     1     5     2    20
 -4.1917095258290610E-01 a      1201     1     6     2     1
 -3.7033577409886650E-02 a      1202     1     6     2     2
 -5.0999328353394013E-01 a      1203     1     6     2     3
 -4.8425068329446030E-01 a      1204     1     6     2     4
  5.6116093515474441E-01 a      1205     1     6     2     5
 -1.6511979349085756E-01 a      1206     1     6     2     6
 -3.7057806090234102E-01 a      1207     1     6     2     7
  6.5792767205805358E-01 a      1208     1     6     2     8
 -1.3212572414480836E-02 a      1209     1     6     2     9
  4.2581714900336687E-01 a      1210     1     6     2    10
  6.2317034602225518E-01 a      1211     1     6     2    11
  3.7767335893382775E-01 a      1212     1     6     2    12
  4.1600965275579393E-01 a      1213     1     6     2    13
 -2.5794959141515278E-01 a      1214     1     6     2    14
 -2.9081017588688557E-01 a      1215     1     6     2    15
 -6.2951909866198119E-01 a      1216     1     6     2    16
  7.0720464875036071E-01 a      1217     1     6     2    17
 -2.2878065516231674E-01 a      1218     1     6     2    18
  5.2562517522532037E-01 a      1219     1     6     2    19
  5.5826805886329489E-01 a      1220     1     6     2    20
  5.4194307077676873E-01 a      1221     1     7     2     1
  1.3895740492611852E-01 a      1222     1     7     2     2
  3.7602196529592680E-02 a      1223     1     7     2     3
  5.6439494249735556E-01 a      1224     1     7     2     4
  1.1500466101413004E-02 a      1225     1     7     2     5
 -1.1780810288984575E-01 a      1226     1     7     2     6
 -4.7861065969439825E-01 a      1227     1     7     2     7
 -2.7406127829088855E-01 a      1228     1     7     2     8
  7.5930428848952750E-02 a      1229     1     7     2     9
 -1.9685349159741378E-01 a      1230     1     7     2    10
  3.4475754412171256E-01 a      1231     1     7     2    11
 -4.1537637974710195E-01 a      1232     1     7     2    12
  2.4440820500391830E-01 a      1233     1     7     2    13
 -9.2521589473124513E-02 a      1234     1     7     2    14
 -2.8539456197965840E-01 a      1235     1     7     2    15
 -3.2411917411349545E-01 a      1236     1     7     2    16
 -1.4502109290504980E-01 a      1237     1     7     2    17
  2.5986833761445616E-01 a      1238     1     7     2    18
 -3.8774408401502714E-01 a      1239     1     7     2    19
  4.6040373535477713E-01 a      1240     1     7     2    20
 -4.2623805721867014E-01 a      1241     1     8     2     1
  3.5139942493911219E-01 a      1242     1     8     2     2
  5.1636746174486803E-01 a      1243     1     8     2     3
  7.5000071452760919E-01 a      1244     1     8     2     4
 -4.4353218616692636E-01 a      1245     1     8     2     5
 -5.2247019922296446E-02 a      1246     1     8     2     6
  4.8959319053921596E-01 a      1247     1     8     2     7
  5.4272960813713578E-01 a      1248     1     8     2     8
 -1.9812070637115886E-01 a      1249     1     8     2     9
 -6.0532892916756975E-01 a      1250     1     8     2    10
 -4.7620030786054079E-01 a      1251     1     8     2    11
  9.2857898634177274E-02 a      1252     1     8     2    12
  1.0975864635133177E-01 a      1253     1     8     2    13
  1.9311406409691836E-01 a      1254     1     8     2    14
 -5.0866648981208606E-01 a      1255     1     8     2    15
  7.4651367511325883E-01 a      1256     1     8     2    16
 -1.3254569608513660E-02 a      1257     1     8     2    17
  6.1719725721767704E-01 a      1258     1     8     2    18
  4.7398498954351381E-01 a      1259     1     8     2    19
 -4.3238211731837124E-02 a      1260     1     8     2    20
  7.1144130100343941E-02 a      1261     1     9     2     1
 -2.9510747022973532E-01 a      1262     1     9     2     2
  1.3052545384498482E-02 a      1263     1     9     2     3
 -3.9303479231708116E-01 a      1264     1     9     2     4
 -5.0037667327614366E-01 a      1265     1     9     2     5
  5.0846808284300882E-01 a      1266     1     9     2     6
  2.2088563598643621E-01 a      1267     1     9     2     7
  8.1228473557009873E-01 a      1268     1     9     2     8
 -5.5065849993567340E-02 a      1269     1     9     2     9
  3.1178365684228684E-02 a      1270     1     9     2    10
  1.4499759860438949E-01 a      1271     1     9     2    11
 -1.4831986569616401E-01 a      1272     1     9     2    12
 -1.4525181481094201E-01 a      1273     1     9     2    13
  2.2525917536367421E-01 a      1274     1     9     2    14
 -1.8192027131042127E-01 a      1275     1     9     2    15
 -4.0207986427545500E-02 a      1276     1     9     2    16
  9.8550997578668675E-01 a      1277     1     9     2    17
 -3.1233987854967354E-01 a      1278     1     9     2    18
  3.5085688616820560E-01 a      1279     1     9     2    19
 -2.3194040877664684E-01 a      1280     1     9     2    20
  4.1362314975165243E-01 a      1281     1    10     2     1
  5.6386078042327503E-01 a      1282     1    10     2     2
 -4.4404932910712985E-01 a      1283     1    10     2     3
 -2.6100293758103482E-01 a      1284     1    10     2     4
 -1.4564498516997648E-01 a      1285     1    10     2     5
 -1.1376849909865587E-01 a      1286     1    10     2     6
  6.7437919323837830E-02 a      1287     1    10     2     7
 -3.3598162460731684E-01 a      1288     1    10     2     8
 -4.3593424252790913E-01 a      1289     1    10     2     9
  1.1688470342568495E-01 a      1290     1    10     2    10
  3.3796935423940860E-01 a      1291     1    10     2    11
  1.4483319208222181E-01 a      1292     1    10     2    12
 -2.5288327084463597E-01 a      1293     1    10     2    13
 -3.7760330861812808E-01 a      1294     1    10     2    14
  4.5232281030724997E-01 a      1295     1    10     2    15
 -1.3989200628343235E-01 a      1296     1    10     2    16
 -3.7164787143772571E-01 a      1297     1    10     2    17
 -4.1904066383084154E-01 a      1298     1    10     2    18
  2.5666740063412880E-01 a      1299     1    10     2    19
 -2.1377347971983504E-01 a      1300     1    10     2    20
  2.2641912618544124E-01 a      1301     1    11     2     1
 -1.5858583759948494E-01 a      1302     1    11     2     2
  4.5278701930711057E-01 a      1303     1    11     2     3
  1.8580201588661219E-01 a      1304     1    11     2     4
 -3.0065788652787889E-01 a      1305     1    11     2     5
 -9.1171581598680371E-02 a      1306     1    11     2     6
 -1.3042682676477793E-01 a      1307     1    11     2     7
  3.2765773961782396E-01 a      1308     1    11     2     8
 -6.5250122624376949E-01 a      1309     1    11     2     9
 -2.9858582254107535E-01 a      1310     1    11     2    10
  6.9789943416373923E-01 a      1311     1    11     2    11
  4.4638940051122948E-02 a      1312     1    11     2    12
  2.5129579352362996E-01 a      1313     1    11     2    13
 -7.9865596267099581E-01 a      1314     1    11     2    14
  2.3687866055440998E-01 a      1315     1    11     2    15
  2.3624243980891366E-01 a      1316     1    11     2    16
  2.1730630333711562E-01 a      1317     1    11     2    17
 -2.7450391936498741E-01 a      1318     1    11     2    18
 -1.7259787819404948E-01 a      1319     1    11     2    19
 -3.5272545743523021E-01 a      1320     1    11     2    20
  7.2148099931024379E-01 a      1321     1    12     2     1
  5.3112867977894340E-01 a      1322     1    12     2     2
  3.2767276724681174E-02 a      1323     1    12     2     3
 -1.4937295036366374E-01 a      1324     1    12     2     4
  5.3934568485880752E-01 a      1325     1    12     2     5
  9.9878785400032435E-02 a      1326     1    12     2     6
 -3.7210250752020035E-01 a      1327     1    12     2     7
  2.4347540195142017E-01 a      1328     1    12     2     8
  2.3663987334690587E-01 a      1329     1    12     2     9
 -2.5801381957355518E-01 a      1330     1    12     2    10
 -2.9743478345650949E-02 a      1331     1    12     2    11
 -1.5872083698575817E-01 a      1332     1    12     2    12
 -2.4690522774981649E-01 a      1333     1    12     2    13
 -2.5163883815699528E-01 a      1334     1    12     2    14
 -1.8399485789411801E-01 a      1335     1    12     2    15
 -9.1074995878935777E-02 a      1336     1    12     2    16
  2.6673400461869057E-01 a      1337     1    12     2    17
 -1.8674881382237377E-01 a      1338     1    12     2    18
 -4.2391071506728567E-01 a      1339     1    12     2    19
  3.1409270143542017E-01 a      1340     1    12     2    20
  5.2948464798450012E-01 a      1341     1    13     2     1
  3.6300867307294199E-01 a      1342     1    13     2     2
  1.2826393767721089E-01 a      1343     1    13     2     3
 -6.3680969985533398E-01 a      1344     1    13     2     4
 -9.1009749192128078E-02 a      1345     1    13     2     5
  6.0687509134118370E-02 a      1346     1    13     2     6
  4.7269672501153809E-01 a      1347     1    13     2     7
 -5.9816846339944330E-01 a      1348     1    13     2     8
 -5.2645727540542742E-01 a      1349     1    13     2     9
  3.0007238423190469E-01 a      1350     1    13     2    10
  3.9740172662296325E-01 a      1351     1    13     2    11
 -8.4024627130523263E-02 a      1352     1    13     2    12
  5.5097676926341255E-01 a      1353     1    13     2    13
  6.3951877141528157E-01 a      1354     1    13     2    14
 -2.1256844882775414E-01 a      1355     1    13     2    15
  4.7156523380646675E-01 a      1356     1    13     2    16
 -1.5642135440403879E-01 a      1357     1    13     2    17
  3.2949231491384873E-01 a      1358     1    13     2    18
 -1.8531097753930963E-02 a      1359     1    13     2    19
  9.2888192628206009E-02 a      1360     1    13     2    20
  1.8046305013968075E-01 a      1361     1    14     2     1
  1.3808401152013103E-01 a      1362     1    14     2     2
  2.0418896142295037E-01 a      1363     1    14     2     3
 -2.5518629738035420E-01 a      1364     1    14     2     4
 -2.1287138139040671E-01 a      1365     1    14     2     5
  4.8325775020943051E-01 a      1366     1    14     2     6
  3.1974954779847609E-01 a      1367     1    14     2     7
 -3.3369348124960246E-01 a      1368     1    14     2     8
  2.6048063646537767E-01 a      1369     1    14     2     9
 -3.5234409047095627E-01 a      1370     1    14     2    10
 -5.4854184345812240E-01 a      1371     1    14     2    11
 -6.3099751737344179E-01 a      1372     1    14     2    12
  6.4503406085459780E-01 a      1373     1    14     2    13
  8.0031354630896034E-01 a      1374     1    14     2    14
 -4.9822244279452021E-01 a      1375     1    14     2    15
 -1.9368315012193649E-01 a      1376     1    14     2    16
  3.6915535105481449E-02 a      1377     1    14     2    17
 -4.4073635771561576E-01 a      1378     1    14     2    18
  4.9486687047855034E-02 a      1379     1    14     2    19
 -5.0349734387774103E-01 a      1380     1    14     2    20
  1.5440752399829966E-01 a      1381     1    15     2     1
  3.0634540063051741E-01 a      1382     1    15     2     2
 -3.0955572874598763E-01 a      1383     1    15     2     3
  2.8648866063103923E-01 a      1384     1    15     2     4
 -2.9414065532502420E-01 a      1385     1    15     2     5
  4.0081614994816561E-01 a      1386     1    15     2     6
  4.8483828779354349E-01 a      1387     1    15     2     7
  6.8829547464236654E-02 a      1388     1    15     2     8
  7.1199182434166966E-02 a      1389     1    15     2     9
 -5.9434261856129900E-01 a      1390     1    15     2    10
  9.0993038216277120E-02 a      1391     1    15     2    11
 -4.9881503039440794E-01 a      1392     1    15     2    12
 -1.0300081563630895E-01 a      1393     1    15     2    13
  4.5114917455572945E-01 a      1394     1    15     2    14
 -5.6004177740749539E-01 a      1395     1    15     2    15
  1.0601536900542745E-01 a      1396     1    15     2    16
  2.2049225126061478E-01 a      1397     1    15     2    17
  4.8186410071975894E-01 a      1398     1    15     2    18
 -1.9454101187345518E-01 a      1399     1    15     2    19
  5.1859226257081337E-01 a      1400     1    15     2    20
  5.5614798079329664E-01 a      1401     1    16     2     1
  4.3342789292817524E-01 a      1402     1    16     2     2
 -5.9111290549265683E-01 a      1403     1    16     2     3
 -1.2701717238830595E-01 a      1404     1    16     2     4
 -5.8094292107942858E-01 a      1405     1    16     2     5
  4.3230300430474003E-02 a      1406     1    16     2     6
  3.4411622199778485E-01 a      1407     1    16     2     7
 -2.7832305497021759E-01 a      1408     1    16     2     8
 -3.8323074228384835E-01 a      1409     1    16     2     9
  4.5078234546879636E-01 a      1410     1    16     2    10
 -2.8091734184522987E-01 a      1411     1    16     2    11
 -5.0438077303178086E-01 a      1412     1    16     2    12
  4.2797875045414369E-01 a      1413     1    16     2    13
 -2.0717207172209906E-01 a      1414     1    16     2    14
 -4.2896776355253480E-01 a      1415     1    16     2    15
 -4.8620234978056925E-01 a      1416     1    16     2    16
 -5.2391977974461890E-01 a      1417     1    16     2    17
  1.9845342830818794E-02 a      1418     1    16     2    18
 -5.4298788374555562E-01 a      1419     1    16     2    19
  2.7900838862714344E-01 a      1420     1    16     2    20
  4.1317837470023294E-01 a      1421     1    17     2     1
  6.3582691103871225E-01 a      1422     1    17     2     2
 -3.6222482573692219E-02 a      1423     1    17     2     3
  6.0358608443188211E-01 a      1424     1    17     2     4
 -1.1046480471191548E-01 a      1425     1    17     2     5
 -5.6072184336417985E-01 a      1426     1    17     2     6
 -9.2513283421255343E-01 a      1427     1    17     2     7
 -4.7431307702478309E-01 a      1428     1    17     2     8
 -3.6675725368962336E-01 a      1429     1    17     2     9
 -5.2433966521196096E-01 a      1430     1    17     2    10
 -4.2324288397303961E-01 a      1431     1    17     2    11
  2.5548282116951887E-01 a      1432     1    17     2    12
 -2.8424440115447197E-01 a      1433     1    17     2    13
 -4.5008640343265011E-01 a      1434     1    17     2    14
  4.8313153563044270E-01 a      1435     1    17     2    15
 -8.9636688701998535E-02 a      1436     1    17     2    16
  6.6570057517374448E-01 a      1437     1    17     2    17
  2.4466486857647726E-01 a      1438     1    17     2    18
  8.0193854243857665E-02 a      1439     1    17     2    19
  8.9925566704369769E-02 a      1440     1    17     2    20
  5.0796377334829751E-02 a      1441     1    18     2     1
  3.3317962625959319E-01 a      1442     1    18     2     2
 -1.0980418175509124E-01 a      1443     1    18     2     3
  5.0631332188380407E-01 a      1444     1    18     2     4
 -2.8102384972602440E-01 a      1445     1    18     2     5
  4.7383434319175038E-01 a      1446     1    18     2     6
 -2.4690145903562491E-01 a      1447     1    18     2     7
 -1.7263076730631763E-01 a      1448     1    18     2     8
 -1.0498727534652910E-01 a      1449     1    18     2     9
  4.2089771902851814E-01 a      1450     1    18     2    10
 -6.4664322758865245E-01 a      1451     1    18     2    11
  3.0007813762302399E-01 a      1452     1    18     2    12
  9.1784808364915510E-02 a      1453     1    18     2    13
 -2.4612597639756425E-02 a      1454     1    18     2    14
 -2.5146033418937383E-02 a      1455     1    18     2    15
 -4.4234401605874496E-01 a      1456     1    18     2    16
  4.7281577947151476E-01 a      1457     1    18     2    17
  2.5786719571644873E-01 a      1458     1    18     2    18
 -4.2017746464556177E-01 a      1459     1    18     2    19
  4.5098368858641980E-01 a      1460     1    18     2    20
  1.0794248855185255E-01 a      1461     1    19     2     1
 -3.7156386327611252E-01 a      1462     1    19     2     2
 -5.6280836483007946E-01 a      1463     1    19     2     3
  3.2162363305473696E-01 a      1464     1    19     2     4
  1.5219802831066759E-01 a      1465     1    19     2     5
  2.3084422221090894E-01 a      1466     1    19     2     6
 -4.5273311668430599E-01 a      1467     1    19     2     7
  2.7703545534701590E-01 a      1468     1    19     2     8
  1.9712448810702660E-01 a      1469     1    19     2     9
 -4.7766260046714965E-01 a      1470     1    19     2    10
  3.9386036913225891E-01 a      1471     1    19     2    11
  4.6105027851833985E-01 a      1472     1    19     2    12
 -5.7897724479910806E-01 a      1473     1    19     2    13
  1.0279815908072189E-01 a      1474     1    19     2    14
 -3.0583463113008075E-01 a      1475     1    19     2    15
 -2.6856611877864489E-01 a      1476     1    19     2    16
 -1.2728193565727586E-01 a      1477     1    19     2    17
  4.3909207022197655E-01 a      1478     1    19     2    18
 -5.2208604809626202E-01 a      1479     1    19     2    19
 -8.8215347456138626E-02 a      1480     1    19     2    20
 -5.1813087972309513E-01 a      1481     1    20     2     1
 -6.3536962293522525E-01 a      1482     1    20     2     2
  8.0580955252758352E-02 a      1483     1    20     2     3
 -6.2818736104765668E-02 a      1484     1    20     2     4
  1.1756171905151680E-01 a      1485     1    20     2     5
  5.4864697283181563E-01 a      1486     1    20     2     6
  1.0284087253891937E-01 a      1487     1    20     2     7
 -3.7108027425344775E-01 a      1488     1    20     2     8
  6.0346492242585337E-01 a      1489     1    20     2     9
 -4.6501485483663552E-01 a      1490     1    20     2    10
  4.3858541226720976E-01 a      1491     1    20     2    11
  6.1837197645638164E-01 a      1492     1    20     2    12
 -1.6593971058031104E-01 a      1493     1    20     2    13
 -5.4298017258116771E-01 a      1494     1    20     2    14
  1.5362240755172674E-02 a      1495     1    20     2    15
  6.3058465711717770E-01 a      1496     1    20     2    16
 -2.6879506142455506E-01 a      1497     1    20     2    17
  1.4691123415808921E-01 a      1498     1    20     2    18
 -5.9402095331224103E-01 a      1499     1    20     2    19
  7.2869389531946627E-01 a      1500     1    20     2    20
  3.1314040922383118E-01 b      1501     2     1
 -5.9152574085939776E-02 b      1502     2     2
 -4.7178328635024314E-01 b      1503     2     3
  4.2252120127311131E-02 b      1504     2     4
  1.5036448674325151E+00 b      1505     2     5
  1.3380062194210502E+00 b      1506     2     6
 -1.6131859761233411E+00 b      1507     2     7
  2.6576812395883243E-01 b      1508     2     8
 -1.2002376651775772E-01 b      1509     2     9
  2.5268078175109554E-01 b      1510     2    10
  8.4375364938512787E-01 b      1511     2    11
  1.6854548213134038E-01 b      1512     2    12
 -1.1153676076243235E+00 b      1513     2    13
 -2.4561280611077558E-02 b      1514     2    14
  5.2540698361448882E-02 b      1515     2    15
  1.2506831198685958E-02 b      1516     2    16
  6.9930917410265925E-01 b      1517     2    17
  1.2268393377452325E+00 b      1518     2    18
  5.4263103048849992E-01 b      1519     2    19
 -1.4956437943985723E-01 b      1520     2    20
 -8.4697247355595945E-02 a      1521     2     1     3     1
  1.6916451900606683E-01 a      1522     2     2     3     1
  1.2291882056158441E+00 a      1523     2     3     3     1
 -3.9366311206040866E-01 a      1524     2     4     3     1
 -3.6805941369785639E-01 a      1525     2     5     3     1
  1.0072397650305308E-02 a      1526     2     6     3     1
 -8.7955089655619725E-02 a      1527     2     7     3     1
 -4.1370383089580010E-01 a      1528     2     8     3     1
  5.4906055564486922E-01 a      1529     2     9     3     1
  4.8414570135755959E-02 a      1530     2    10     3     1
  6.1038622313211589E-02 a      1531     2    11     3     1
  1.5182063859514985E-01 a      1532     2    12     3     1
  3.6577647929768231E-01 a      1533     2    13     3     1
 -6.4210450619484949E-01 a      1534     2    14     3     1
  3.7525771353252269E-01 a      1535     2    15     3     1
  1.2324542293057386E+00 a      1536     2    16     3     1
 -1.2419100553489939E+00 a      1537     2    17     3     1
  4.6961208842398133E-01 a      1538     2    18     3     1
  5.2850390403109813E-02 a      1539     2    19     3     1
  1.9280255449257500E-01 a      1540     2    20     3     1
  8.9388305144625896E-02 b      1541     3     1
