################################################################################
# Neural network connection values (weights and biases).
################################################################################
# Col  Name       Description
################################################################################
# 1    connection Neural network connection value.
# 2    t          Connection type (a = weight, b = bias).
# 3    index      Index enumerating weights.
# 4    l_s        Starting point layer (end point layer for biases).
# 5    n_s        Starting point neuron in starting layer (end point neuron for biases).
# 6    l_e        End point layer.
# 7    n_e        End point neuron in end layer.
################################################################################
#                      1 2         3     4     5     6     7
#             connection t     index   l_s   n_s   l_e   n_e
############################################################
 -6.8678058859316354E-02 a         1     0     1     1     1
 -2.3790173659804226E-01 a         2     0     1     1     2
 -1.8307518904567804E-01 a         3     0     1     1     3
  1.3403094315710606E-02 a         4     0     1     1     4
  3.4500169455345120E-01 a         5     0     1     1     5
  4.3618703112045049E-02 a         6     0     1     1     6
 -4.0645071544863486E-02 a         7     0     1     1     7
  1.8671694289074797E-01 a         8     0     1     1     8
 -5.6040850039705485E-02 a         9     0     1     1     9
 -1.8243670326863304E-02 a        10     0     1     1    10
 -8.7718282481533946E-02 a        11     0     1     1    11
 -5.1118083353502208E-02 a        12     0     1     1    12
 -1.8309155484044923E-01 a        13     0     1     1    13
  8.6085098108461641E-02 a        14     0     1     1    14
 -1.3786112068242296E-01 a        15     0     1     1    15
 -1.2913006847096128E-01 a        16     0     1     1    16
 -2.3660679461191818E-02 a        17     0     1     1    17
  6.8212098208327576E-02 a        18     0     1     1    18
 -2.8629255937675169E-02 a        19     0     1     1    19
 -1.4655739643894292E-01 a        20     0     1     1    20
  2.2677911319708724E-01 a        21     0     2     1     1
  3.1818127786913392E-01 a        22     0     2     1     2
 -1.8357298879421610E-01 a        23     0     2     1     3
  1.7785303379169337E-01 a        24     0     2     1     4
 -7.7869985123789037E-02 a        25     0     2     1     5
 -4.3582292883031823E-02 a        26     0     2     1     6
  1.0113943741201096E-02 a        27     0     2     1     7
  2.8340458295040394E-01 a        28     0     2     1     8
  5.9659317661469605E-02 a        29     0     2     1     9
 -5.7491022070821095E-02 a        30     0     2     1    10
 -1.3844047155201236E-01 a        31     0     2     1    11
 -2.7662056598297402E-01 a        32     0     2     1    12
  1.8670161365597546E-02 a        33     0     2     1    13
  1.5460282135416370E-01 a        34     0     2     1    14
  7.9265136540589129E-02 a        35     0     2     1    15
  1.5047484507411490E-01 a        36     0     2     1    16
  4.1750556682619587E-02 a        37     0     2     1    17
  1.1495436483049959E-01 a        38     0     2     1    18
  1.5457116132631699E-02 a        39     0     2     1    19
 -2.6038525715034161E-01 a        40     0     2     1    20
 -9.6142872033369964E-02 a        41     0     3     1     1
 -1.1227126711682420E-01 a        42     0     3     1     2
 -3.0027999895526580E-02 a        43     0     3     1     3
  1.2720932443937907E-01 a        44     0     3     1     4
 -1.5806345500071814E-01 a        45     0     3     1     5
  1.1271525219704820E-01 a        46     0     3     1     6
  1.4847263916435180E-01 a        47     0     3     1     7
  2.5684930528481743E-02 a        48     0     3     1     8
  1.6199008070931306E-01 a        49     0     3     1     9
  1.5471676795065020E-01 a        50     0     3     1    10
  1.8294337052683377E-01 a        51     0     3     1    11
 -5.4665055614185207E-02 a        52     0     3     1    12
  4.7763078228533285E-03 a        53     0     3     1    13
  1.3946064071476943E-02 a        54     0     3     1    14
  3.0393354287558894E-02 a        55     0     3     1    15
 -6.2279174583354475E-02 a        56     0     3     1    16
  5.0151148305117840E-02 a        57     0     3     1    17
  6.6952626339935789E-02 a        58     0     3     1    18
  4.6461280764506029E-02 a        59     0     3     1    19
  1.8706223361440488E-01 a        60     0     3     1    20
 -1.8856898379920387E-01 a        61     0     4     1     1
 -5.6285064764963366E-02 a        62     0     4     1     2
  2.1440897755774610E-01 a        63     0     4     1     3
 -9.6434189624815994E-02 a        64     0     4     1     4
  2.8892075976747000E-01 a        65     0     4     1     5
  1.9581875262391225E-02 a        66     0     4     1     6
 -1.8454857741490915E-01 a        67     0     4     1     7
 -2.6447595088621195E-01 a        68     0     4     1     8
  2.6480756337176392E-01 a        69     0     4     1     9
  1.5853052946175286E-01 a        70     0     4     1    10
 -1.7560542313457547E-01 a        71     0     4     1    11
  2.9779572659953463E-01 a        72     0     4     1    12
 -1.3953614716669960E-01 a        73     0     4     1    13
 -1.4088351264878632E-01 a        74     0     4     1    14
 -5.0340772220102414E-02 a        75     0     4     1    15
 -2.5746011203956309E-01 a        76     0     4     1    16
  1.1007778125253095E-01 a        77     0     4     1    17
 -1.7894964446314384E-02 a        78     0     4     1    18
 -8.1842472382289949E-02 a        79     0     4     1    19
  1.4237974640731965E-01 a        80     0     4     1    20
 -1.4129414306576069E-01 a        81     0     5     1     1
 -1.6389974699987285E-02 a        82     0     5     1     2
  1.4134506174466199E-01 a        83     0     5     1     3
 -2.8217685818565863E-01 a        84     0     5     1     4
  1.6932230141759638E-01 a        85     0     5     1     5
 -2.0762484308889129E-01 a        86     0     5     1     6
  4.5368040340597021E-02 a        87     0     5     1     7
  3.7456531181246727E-02 a        88     0     5     1     8
 -1.3342842237019681E-01 a        89     0     5     1     9
 -1.8394439270209206E-01 a        90     0     5     1    10
  2.8639139808227582E-01 a        91     0     5     1    11
  1.3575751497488520E-01 a        92     0     5     1    12
  6.0667485638788488E-02 a        93     0     5     1    13
 -1.7877547576352248E-01 a        94     0     5     1    14
  1.5365780355890030E-01 a        95     0     5     1    15
 -5.0277921226723539E-02 a        96     0     5     1    16
  2.1002527869430998E-01 a        97     0     5     1    17
 -3.1281803222369264E-01 a        98     0     5     1    18
 -8.6166184515004865E-02 a        99     0     5     1    19
 -1.3085958476724294E-01 a       100     0     5     1    20
  2.8680190763695046E-01 a       101     0     6     1     1
 -2.4756715860651184E-02 a       102     0     6     1     2
 -1.7292009061417743E-01 a       103     0     6     1     3
  1.3891321351352967E-02 a       104     0     6     1     4
  1.7160486050733975E-01 a       105     0     6     1     5
  6.2217993969213654E-04 a       106     0     6     1     6
 -2.2139547903499801E-01 a       107     0     6     1     7
 -8.4657209912724296E-02 a       108     0     6     1     8
 -1.4798591132886171E-01 a       109     0     6     1     9
 -1.7816256634067634E-01 a       110     0     6     1    10
 -1.5195967014101808E-01 a       111     0     6     1    11
  2.2921577033345672E-01 a       112     0     6     1    12
 -1.5278778818582814E-01 a       113     0     6     1    13
 -1.8336730737875950E-01 a       114     0     6     1    14
 -6.6697591951002583E-02 a       115     0     6     1    15
 -4.2471729257554887E-02 a       116     0     6     1    16
  1.1354720404216370E-01 a       117     0     6     1    17
  7.1747869053218295E-03 a       118     0     6     1    18
 -5.6823666102133359E-02 a       119     0     6     1    19
  1.9158818058423913E-01 a       120     0     6     1    20
 -1.0198605322509030E-01 a       121     0     7     1     1
 -1.7996400893939177E-01 a       122     0     7     1     2
 -4.5795389030201049E-02 a       123     0     7     1     3
 -4.4538002017975455E-02 a       124     0     7     1     4
 -1.4732911102457016E-01 a       125     0     7     1     5
  1.2571924471023127E-01 a       126     0     7     1     6
 -1.7512433737433072E-01 a       127     0     7     1     7
 -5.8620827566865867E-02 a       128     0     7     1     8
 -1.5526846710143025E-01 a       129     0     7     1     9
 -1.8970771965793217E-02 a       130     0     7     1    10
  1.6323759247425360E-01 a       131     0     7     1    11
 -9.2918698927828960E-02 a       132     0     7     1    12
 -6.3728159496170944E-02 a       133     0     7     1    13
  1.3122221458237252E-01 a       134     0     7     1    14
  1.6161709385282189E-01 a       135     0     7     1    15
  1.9337999509134374E-01 a       136     0     7     1    16
 -9.5744881053915751E-02 a       137     0     7     1    17
  1.2592886898799546E-01 a       138     0     7     1    18
 -6.0859502815411665E-02 a       139     0     7     1    19
  4.4397501062220644E-02 a       140     0     7     1    20
  2.3169884525381573E-01 a       141     0     8     1     1
 -8.0686653233714822E-02 a       142     0     8     1     2
  2.5795035095904478E-01 a       143     0     8     1     3
  2.5589141231335644E-01 a       144     0     8     1     4
 -1.8566941225803546E-01 a       145     0     8     1     5
  3.5463101469313474E-02 a       146     0     8     1     6
  3.8722962082036141E-02 a       147     0     8     1     7
  2.1803403961378157E-01 a       148     0     8     1     8
  8.5833558745080821E-02 a       149     0     8     1     9
  6.9487987268922607E-02 a       150     0     8     1    10
 -1.2594656241917723E-01 a       151     0     8     1    11
  8.2984896699744001E-02 a       152     0     8     1    12
 -1.5782880257126954E-02 a       153     0     8     1    13
 -1.7983911954436080E-01 a       154     0     8     1    14
 -2.0166040492682696E-01 a       155     0     8     1    15
  1.0866461114720741E-01 a       156     0     8     1    16
 -3.3191458891327637E-02 a       157     0     8     1    17
  5.0082045912140737E-02 a       158     0     8     1    18
 -1.6082659757098655E-01 a       159     0     8     1    19
  1.6490897622446279E-01 a       160     0     8     1    20
 -1.5080960391788317E-01 a       161     0     9     1     1
 -3.8554876751341012E-02 a       162     0     9     1     2
  3.3637534464532531E-01 a       163     0     9     1     3
 -2.3411859929190312E-01 a       164     0     9     1     4
 -2.0040197087162726E-01 a       165     0     9     1     5
 -8.7116717055097909E-02 a       166     0     9     1     6
 -1.4372011340248575E-01 a       167     0     9     1     7
 -7.2730997179385068E-02 a       168     0     9     1     8
  7.7997449091796275E-02 a       169     0     9     1     9
 -1.6022600311439461E-01 a       170     0     9     1    10
 -5.3241653087636800E-02 a       171     0     9     1    11
 -3.1435313583586472E-01 a       172     0     9     1    12
  2.5539336647274952E-01 a       173     0     9     1    13
  2.9357651867264262E-01 a       174     0     9     1    14
 -1.5908133687978637E-01 a       175     0     9     1    15
 -2.0031897614069921E-01 a       176     0     9     1    16
  7.2716451253511921E-02 a       177     0     9     1    17
 -1.0348616681436708E-01 a       178     0     9     1    18
  1.8379435568236874E-01 a       179     0     9     1    19
 -3.5712305134644823E-01 a       180     0     9     1    20
  1.8225147662499680E-01 a       181     0    10     1     1
 -1.7039954403063023E-01 a       182     0    10     1     2
 -8.7958720159062934E-02 a       183     0    10     1     3
 -3.4227685886922529E-02 a       184     0    10     1     4
 -6.9908929857278326E-02 a       185     0    10     1     5
 -3.4187238524804398E-01 a       186     0    10     1     6
  1.5378811534361647E-01 a       187     0    10     1     7
  1.6821878806362403E-01 a       188     0    10     1     8
  1.9704866020013045E-01 a       189     0    10     1     9
  2.6945954503493390E-02 a       190     0    10     1    10
 -1.9102731010702592E-01 a       191     0    10     1    11
  2.6112338194752666E-01 a       192     0    10     1    12
  6.7976012314845555E-02 a       193     0    10     1    13
 -1.1514181514196553E-01 a       194     0    10     1    14
 -4.7847210665416876E-02 a       195     0    10     1    15
 -9.8666734863727290E-02 a       196     0    10     1    16
  1.0371845968137745E-01 a       197     0    10     1    17
  4.9425287032655023E-02 a       198     0    10     1    18
  2.2182474079601769E-01 a       199     0    10     1    19
  1.0719443954283142E-01 a       200     0    10     1    20
  1.5665032605025983E-02 a       201     0    11     1     1
  1.4738847327709811E-01 a       202     0    11     1     2
  9.1499527905168132E-02 a       203     0    11     1     3
 -1.3101929813333612E-02 a       204     0    11     1     4
  6.1639482384379496E-02 a       205     0    11     1     5
 -1.3062935741961157E-01 a       206     0    11     1     6
 -5.6287483283277352E-02 a       207     0    11     1     7
  2.2025903895705934E-01 a       208     0    11     1     8
 -1.3868236135404269E-01 a       209     0    11     1     9
  1.8054554426344058E-01 a       210     0    11     1    10
  1.9455860877576805E-01 a       211     0    11     1    11
 -4.4865677498902804E-03 a       212     0    11     1    12
  1.6502332333241709E-01 a       213     0    11     1    13
 -9.0150795196626443E-02 a       214     0    11     1    14
  1.9026348955933853E-01 a       215     0    11     1    15
  2.8406049392146088E-01 a       216     0    11     1    16
  9.5706469263902152E-02 a       217     0    11     1    17
  2.0836774723065103E-02 a       218     0    11     1    18
  4.6342571865389363E-02 a       219     0    11     1    19
  1.9029376644923776E-01 a       220     0    11     1    20
  1.7930682758799099E-01 a       221     0    12     1     1
  2.4857481178199517E-01 a       222     0    12     1     2
 -3.2671374752161819E-01 a       223     0    12     1     3
  1.3632389280038118E-01 a       224     0    12     1     4
  3.6482391159857019E-01 a       225     0    12     1     5
  1.6354380310096478E-01 a       226     0    12     1     6
  3.9538579895016107E-01 a       227     0    12     1     7
 -1.1757287431129436E-01 a       228     0    12     1     8
  2.2052636811809520E-01 a       229     0    12     1     9
  8.3995107747229125E-02 a       230     0    12     1    10
  3.0954243145572441E-01 a       231     0    12     1    11
 -1.3331947091927188E-01 a       232     0    12     1    12
  2.6985011118985658E-02 a       233     0    12     1    13
 -1.8435287970472825E-01 a       234     0    12     1    14
 -2.3076447977390863E-01 a       235     0    12     1    15
  1.1007125305909272E-01 a       236     0    12     1    16
 -1.2015931412317515E-01 a       237     0    12     1    17
  3.1120704547839656E-01 a       238     0    12     1    18
  2.1018224079753642E-01 a       239     0    12     1    19
 -1.9174064240399616E-01 a       240     0    12     1    20
  1.5311319856094303E-02 a       241     0    13     1     1
 -3.0024850758862551E-02 a       242     0    13     1     2
  1.1330278637646542E-01 a       243     0    13     1     3
  1.1270800227865033E-02 a       244     0    13     1     4
  1.9824940349842474E-01 a       245     0    13     1     5
  1.1317603174497735E-01 a       246     0    13     1     6
  1.3381207058580261E-01 a       247     0    13     1     7
 -2.2300205226217631E-01 a       248     0    13     1     8
  3.2906289336602540E-01 a       249     0    13     1     9
 -3.1761218782609027E-02 a       250     0    13     1    10
 -2.9153978727213077E-03 a       251     0    13     1    11
 -2.0487653225686525E-01 a       252     0    13     1    12
  7.4912292206492717E-02 a       253     0    13     1    13
  2.4561676141481584E-01 a       254     0    13     1    14
  1.2002767234267631E-03 a       255     0    13     1    15
 -3.7969216749885008E-02 a       256     0    13     1    16
 -5.1071214339338054E-02 a       257     0    13     1    17
  2.3218434564551685E-01 a       258     0    13     1    18
  6.3204736340857562E-03 a       259     0    13     1    19
  1.7719018203121611E-01 a       260     0    13     1    20
  2.7318669840082555E-01 a       261     0    14     1     1
 -2.5816127756557511E-01 a       262     0    14     1     2
 -7.9025916259492290E-02 a       263     0    14     1     3
 -4.1018904953614432E-02 a       264     0    14     1     4
  1.5898177759643317E-01 a       265     0    14     1     5
  1.3370464833767048E-01 a       266     0    14     1     6
  2.5976396630521625E-01 a       267     0    14     1     7
 -2.5770760408205984E-01 a       268     0    14     1     8
  1.1687232826851782E-01 a       269     0    14     1     9
  1.5339965425216526E-02 a       270     0    14     1    10
 -4.3860519009234931E-03 a       271     0    14     1    11
 -2.5864428352703311E-01 a       272     0    14     1    12
  9.9700140579360955E-02 a       273     0    14     1    13
 -7.6428357832320964E-02 a       274     0    14     1    14
 -1.2391861816579096E-01 a       275     0    14     1    15
 -2.0197662208172762E-01 a       276     0    14     1    16
 -9.5705537578762059E-02 a       277     0    14     1    17
  7.9718186943278702E-02 a       278     0    14     1    18
 -1.5678797079198378E-02 a       279     0    14     1    19
 -1.2366029484214193E-01 a       280     0    14     1    20
 -5.4396311132689416E-04 a       281     0    15     1     1
  3.0905693380699234E-01 a       282     0    15     1     2
  2.5867288611466407E-02 a       283     0    15     1     3
 -1.2738309079786292E-01 a       284     0    15     1     4
 -1.0434107239585648E-01 a       285     0    15     1     5
 -1.3518055838777043E-01 a       286     0    15     1     6
  5.4466061271508492E-02 a       287     0    15     1     7
 -2.2249138817408753E-01 a       288     0    15     1     8
 -1.2804464711644664E-01 a       289     0    15     1     9
 -2.0573110765552771E-01 a       290     0    15     1    10
  4.3704263159442758E-02 a       291     0    15     1    11
  2.7425491423622533E-01 a       292     0    15     1    12
  1.1165008822106959E-01 a       293     0    15     1    13
  2.6583147880240171E-01 a       294     0    15     1    14
  1.7761069735931082E-01 a       295     0    15     1    15
 -1.1846653797281155E-01 a       296     0    15     1    16
  2.9435556429517806E-01 a       297     0    15     1    17
 -2.6885717161855499E-01 a       298     0    15     1    18
 -1.2136125192074050E-01 a       299     0    15     1    19
  3.2093771061052107E-01 a       300     0    15     1    20
  6.7004465777754027E-02 a       301     0    16     1     1
 -2.6057181731340917E-01 a       302     0    16     1     2
  7.6995361640907575E-02 a       303     0    16     1     3
 -4.9378772687085085E-02 a       304     0    16     1     4
 -4.0050417219860879E-01 a       305     0    16     1     5
 -2.4926478180812478E-01 a       306     0    16     1     6
 -1.9283977857010898E-01 a       307     0    16     1     7
 -8.5392802749868713E-02 a       308     0    16     1     8
  1.1552414158719447E-01 a       309     0    16     1     9
 -8.1701755395991255E-02 a       310     0    16     1    10
 -1.0714861831404898E-01 a       311     0    16     1    11
 -2.1357136794388571E-02 a       312     0    16     1    12
  5.4730160049574039E-02 a       313     0    16     1    13
 -2.3476009473341641E-01 a       314     0    16     1    14
 -1.7517218833260628E-01 a       315     0    16     1    15
  1.6679091867468347E-02 a       316     0    16     1    16
 -8.4384125760829889E-02 a       317     0    16     1    17
 -1.3071970519637216E-01 a       318     0    16     1    18
 -9.7610215018803001E-02 a       319     0    16     1    19
 -2.9040013164152051E-01 a       320     0    16     1    20
 -2.7880609595850231E-01 a       321     0    17     1     1
  1.9496209147392934E-01 a       322     0    17     1     2
 -1.9719477811363231E-01 a       323     0    17     1     3
  1.7078959771570937E-01 a       324     0    17     1     4
 -3.7316706968974440E-02 a       325     0    17     1     5
 -2.2289233860376995E-01 a       326     0    17     1     6
  7.3764027857518510E-02 a       327     0    17     1     7
  9.0647580827283747E-02 a       328     0    17     1     8
  2.5311496234041475E-01 a       329     0    17     1     9
 -7.4122447057496897E-03 a       330     0    17     1    10
  5.4590087894089513E-02 a       331     0    17     1    11
  1.5333884314640547E-01 a       332     0    17     1    12
 -2.5812118913372737E-02 a       333     0    17     1    13
 -1.1969521643977070E-02 a       334     0    17     1    14
 -4.2375517820234569E-02 a       335     0    17     1    15
  2.1405390587739645E-01 a       336     0    17     1    16
 -2.4003859496081095E-01 a       337     0    17     1    17
 -1.2429157386638773E-01 a       338     0    17     1    18
 -2.2793926527908875E-01 a       339     0    17     1    19
 -2.7354491294441885E-01 a       340     0    17     1    20
  2.8292076563319054E-02 a       341     0    18     1     1
  9.8291864931342635E-02 a       342     0    18     1     2
  2.2464182573929781E-01 a       343     0    18     1     3
  1.6547102400449074E-01 a       344     0    18     1     4
 -6.0253548236691261E-02 a       345     0    18     1     5
  1.6321900886768190E-01 a       346     0    18     1     6
  4.3583365687798151E-02 a       347     0    18     1     7
 -2.7431830425223064E-01 a       348     0    18     1     8
 -1.8735173832480259E-01 a       349     0    18     1     9
  5.1222134339703428E-02 a       350     0    18     1    10
 -8.0128955659664852E-02 a       351     0    18     1    11
 -1.1463133609190995E-01 a       352     0    18     1    12
 -2.1249438081709043E-01 a       353     0    18     1    13
 -6.3931357723832793E-02 a       354     0    18     1    14
  5.1550146851480289E-03 a       355     0    18     1    15
 -1.6871428361004581E-01 a       356     0    18     1    16
 -2.0244260794551189E-01 a       357     0    18     1    17
 -1.7368313604682373E-01 a       358     0    18     1    18
 -1.1248460546811044E-01 a       359     0    18     1    19
  1.3060198333520498E-01 a       360     0    18     1    20
  1.2885957070795145E-01 a       361     0    19     1     1
 -1.8110990523874143E-01 a       362     0    19     1     2
 -5.8872254719967688E-02 a       363     0    19     1     3
  3.6352166286117357E-02 a       364     0    19     1     4
 -6.5886950166027886E-02 a       365     0    19     1     5
 -7.3490180949809830E-02 a       366     0    19     1     6
  3.3650759372593636E-01 a       367     0    19     1     7
 -3.3991741029474404E-01 a       368     0    19     1     8
 -1.8423190835111275E-01 a       369     0    19     1     9
  2.6909158921503605E-02 a       370     0    19     1    10
  7.4565251901232116E-02 a       371     0    19     1    11
  2.5028937695980374E-01 a       372     0    19     1    12
  1.7328756868203349E-01 a       373     0    19     1    13
  2.6810454859105126E-01 a       374     0    19     1    14
 -3.2585485787478302E-02 a       375     0    19     1    15
 -4.3063957651522866E-01 a       376     0    19     1    16
  4.4481939309776436E-01 a       377     0    19     1    17
 -3.0345291985119305E-01 a       378     0    19     1    18
  1.9145145048233345E-01 a       379     0    19     1    19
  9.8846979606844257E-02 a       380     0    19     1    20
  2.7687970707863652E-01 a       381     0    20     1     1
  1.1830594781261131E-01 a       382     0    20     1     2
  8.5106390939484175E-02 a       383     0    20     1     3
 -3.7141469164407602E-02 a       384     0    20     1     4
 -1.6768774958859582E-02 a       385     0    20     1     5
 -1.0250900441608791E-01 a       386     0    20     1     6
  2.3954365740059508E-01 a       387     0    20     1     7
  1.7361932973851027E-01 a       388     0    20     1     8
 -4.8086978877481062E-02 a       389     0    20     1     9
 -4.3631137209208365E-01 a       390     0    20     1    10
  1.3820750260072394E-02 a       391     0    20     1    11
 -3.2396346705503344E-03 a       392     0    20     1    12
 -2.5688220901493482E-02 a       393     0    20     1    13
 -1.9782015961104574E-01 a       394     0    20     1    14
 -2.2268711938767405E-01 a       395     0    20     1    15
 -2.8217464605084935E-01 a       396     0    20     1    16
 -1.6669045241716046E-01 a       397     0    20     1    17
  1.4924210643622191E-01 a       398     0    20     1    18
  1.1344630501306451E-02 a       399     0    20     1    19
 -2.0400005314409364E-01 a       400     0    20     1    20
 -1.2902673419990485E-01 a       401     0    21     1     1
  2.3612818347036471E-01 a       402     0    21     1     2
 -1.5834959163875606E-01 a       403     0    21     1     3
 -7.7589583469355725E-02 a       404     0    21     1     4
  2.8588772448902772E-01 a       405     0    21     1     5
  2.4192989519354482E-01 a       406     0    21     1     6
 -3.0518586352051347E-01 a       407     0    21     1     7
 -3.7955488616796242E-02 a       408     0    21     1     8
  3.2972429047359691E-01 a       409     0    21     1     9
  1.1860373709727330E-01 a       410     0    21     1    10
  1.6283554029840439E-01 a       411     0    21     1    11
 -1.4618258723383165E-01 a       412     0    21     1    12
  3.8473197692166262E-03 a       413     0    21     1    13
  2.0300991594808968E-01 a       414     0    21     1    14
  1.2968915530918174E-01 a       415     0    21     1    15
  3.0760435447850454E-01 a       416     0    21     1    16
  1.3925714651323126E-01 a       417     0    21     1    17
  2.8656611821305217E-01 a       418     0    21     1    18
 -2.2510093032216658E-02 a       419     0    21     1    19
  1.5189756241933544E-01 a       420     0    21     1    20
  1.3116827909061091E-01 a       421     0    22     1     1
 -2.8196763383329954E-01 a       422     0    22     1     2
 -1.3762386309908062E-01 a       423     0    22     1     3
 -1.3127411791936536E-01 a       424     0    22     1     4
  1.3874980447057420E-01 a       425     0    22     1     5
  2.6278386760930694E-01 a       426     0    22     1     6
 -1.3170457976278807E-01 a       427     0    22     1     7
 -1.3925984640054276E-01 a       428     0    22     1     8
 -1.9481279580392949E-01 a       429     0    22     1     9
 -2.3670912527554745E-02 a       430     0    22     1    10
 -1.5070061930483225E-01 a       431     0    22     1    11
  5.4590369898164265E-02 a       432     0    22     1    12
 -2.0167131882724532E-01 a       433     0    22     1    13
  2.2068495652288522E-01 a       434     0    22     1    14
  1.9750752227728727E-01 a       435     0    22     1    15
 -4.5028908419012290E-02 a       436     0    22     1    16
 -2.7320313364674320E-01 a       437     0    22     1    17
  5.7063160806875721E-02 a       438     0    22     1    18
 -7.9137330008070730E-02 a       439     0    22     1    19
 -1.5171370438938156E-01 a       440     0    22     1    20
 -1.6868789882617394E-01 a       441     0    23     1     1
 -1.5053482723148756E-01 a       442     0    23     1     2
 -1.0905420305842473E-01 a       443     0    23     1     3
  1.1755738937545343E-01 a       444     0    23     1     4
  1.2549853284143730E-01 a       445     0    23     1     5
  3.1525832312098691E-02 a       446     0    23     1     6
 -2.1166843641465005E-01 a       447     0    23     1     7
  3.1436704938463450E-01 a       448     0    23     1     8
 -1.0874832904875197E-01 a       449     0    23     1     9
  2.7816616913456233E-02 a       450     0    23     1    10
  1.3835482604879204E-01 a       451     0    23     1    11
  2.5185456048171756E-01 a       452     0    23     1    12
 -1.4953640777697833E-01 a       453     0    23     1    13
  1.7101861672352237E-01 a       454     0    23     1    14
  1.0907080748801844E-01 a       455     0    23     1    15
  2.2072667554894757E-01 a       456     0    23     1    16
 -5.0794126862130223E-02 a       457     0    23     1    17
  2.3637769965507147E-01 a       458     0    23     1    18
 -1.8722824177347189E-01 a       459     0    23     1    19
 -1.0419878890308171E-01 a       460     0    23     1    20
  1.9286309208050076E-01 a       461     0    24     1     1
 -6.3527252366195192E-02 a       462     0    24     1     2
 -2.9575210642336827E-02 a       463     0    24     1     3
  2.6212251665394794E-02 a       464     0    24     1     4
 -1.6900167594903637E-01 a       465     0    24     1     5
 -1.5836023397094851E-01 a       466     0    24     1     6
  2.3544915515529952E-01 a       467     0    24     1     7
  2.0951577814867428E-01 a       468     0    24     1     8
 -2.2771470371614513E-01 a       469     0    24     1     9
 -4.6335523078793711E-02 a       470     0    24     1    10
 -1.1169513462800133E-01 a       471     0    24     1    11
  1.8891679859243646E-01 a       472     0    24     1    12
  4.8507421952047811E-02 a       473     0    24     1    13
 -1.6981439486999608E-01 a       474     0    24     1    14
  4.3460680209486471E-02 a       475     0    24     1    15
 -1.8021705949163255E-01 a       476     0    24     1    16
 -1.5877299639028364E-01 a       477     0    24     1    17
 -3.4725996960700223E-02 a       478     0    24     1    18
  1.7511109692359667E-01 a       479     0    24     1    19
 -1.7663766281655183E-01 a       480     0    24     1    20
 -1.3026302874880097E-01 a       481     0    25     1     1
 -6.6140337725204418E-02 a       482     0    25     1     2
 -3.0343925660359233E-02 a       483     0    25     1     3
  5.8251018100829069E-02 a       484     0    25     1     4
 -1.7067575506058041E-01 a       485     0    25     1     5
 -1.6095724754644569E-01 a       486     0    25     1     6
  3.2559970916726036E-02 a       487     0    25     1     7
  8.5396422287077792E-02 a       488     0    25     1     8
 -8.4056688985526692E-02 a       489     0    25     1     9
  1.2563196776803087E-01 a       490     0    25     1    10
 -2.0422650017903669E-02 a       491     0    25     1    11
 -8.0107892338370665E-02 a       492     0    25     1    12
  1.1944445438473390E-01 a       493     0    25     1    13
 -2.1374961296715364E-01 a       494     0    25     1    14
 -2.7783751596501177E-01 a       495     0    25     1    15
  2.0858005416857499E-02 a       496     0    25     1    16
 -1.1533370851685657E-02 a       497     0    25     1    17
  9.4955529879183209E-02 a       498     0    25     1    18
 -6.6691324324170742E-02 a       499     0    25     1    19
  1.3851522597231736E-01 a       500     0    25     1    20
 -7.0555723121598260E-02 a       501     0    26     1     1
 -9.8747546171464223E-02 a       502     0    26     1     2
  1.2360707269580457E-01 a       503     0    26     1     3
  9.3161685463197218E-03 a       504     0    26     1     4
 -1.7297942187581694E-01 a       505     0    26     1     5
 -2.0241157393062312E-01 a       506     0    26     1     6
 -8.8146691819201858E-02 a       507     0    26     1     7
  1.9012188226142307E-01 a       508     0    26     1     8
  2.0098480878455732E-01 a       509     0    26     1     9
 -3.3809468164671375E-01 a       510     0    26     1    10
 -9.5367360681063079E-02 a       511     0    26     1    11
 -2.6158984077527758E-02 a       512     0    26     1    12
 -1.6527408258500326E-01 a       513     0    26     1    13
 -1.3241299074392884E-01 a       514     0    26     1    14
  2.4243883220041795E-01 a       515     0    26     1    15
  1.3667349560224387E-01 a       516     0    26     1    16
 -8.9644094341804509E-02 a       517     0    26     1    17
 -3.4443329649615606E-01 a       518     0    26     1    18
 -2.4091127379081659E-02 a       519     0    26     1    19
 -2.4589562119645977E-01 a       520     0    26     1    20
 -1.5403471969579183E-01 a       521     0    27     1     1
  1.1090933683780422E-02 a       522     0    27     1     2
  9.4094893935013649E-02 a       523     0    27     1     3
 -8.8133615385025191E-02 a       524     0    27     1     4
  1.7123605454819740E-01 a       525     0    27     1     5
  1.5461541208557800E-01 a       526     0    27     1     6
 -6.8400864317646540E-02 a       527     0    27     1     7
 -5.4987046120818527E-02 a       528     0    27     1     8
 -8.5436216445523946E-02 a       529     0    27     1     9
  2.6890182067395785E-01 a       530     0    27     1    10
  5.5932077685338914E-02 a       531     0    27     1    11
 -3.5201606897255011E-01 a       532     0    27     1    12
  6.4695580351667697E-02 a       533     0    27     1    13
  4.9968996522372959E-02 a       534     0    27     1    14
 -2.1462724519265960E-01 a       535     0    27     1    15
  5.2955793273552600E-03 a       536     0    27     1    16
  1.3516998544577100E-01 a       537     0    27     1    17
 -2.0373475818264583E-02 a       538     0    27     1    18
 -1.2047326924976026E-01 a       539     0    27     1    19
  3.4665685009061786E-01 a       540     0    27     1    20
  1.0843154342846222E-01 a       541     0    28     1     1
 -1.8755445482006668E-03 a       542     0    28     1     2
  1.1413431659600808E-01 a       543     0    28     1     3
 -6.3937194017088805E-02 a       544     0    28     1     4
  1.8037909341803151E-03 a       545     0    28     1     5
  7.8147698765831958E-03 a       546     0    28     1     6
  1.1431867368096672E-01 a       547     0    28     1     7
 -1.3241754418374202E-01 a       548     0    28     1     8
 -1.2283672444688226E-01 a       549     0    28     1     9
  1.5722754114808762E-01 a       550     0    28     1    10
  1.0749761759767801E-02 a       551     0    28     1    11
 -1.7590425767760810E-02 a       552     0    28     1    12
  1.6987048831546248E-01 a       553     0    28     1    13
  5.5774520713268209E-02 a       554     0    28     1    14
 -1.4482563818381602E-01 a       555     0    28     1    15
 -1.1665120200617114E-01 a       556     0    28     1    16
 -1.7554423459281790E-01 a       557     0    28     1    17
  4.8251623246820925E-02 a       558     0    28     1    18
  1.1220813708165242E-01 a       559     0    28     1    19
  1.4074695169688112E-01 a       560     0    28     1    20
  1.7145123213575770E-02 a       561     0    29     1     1
  3.8299720926199837E-01 a       562     0    29     1     2
  1.3923201375725964E-04 a       563     0    29     1     3
  4.6616327652168610E-02 a       564     0    29     1     4
  2.4320210251893978E-01 a       565     0    29     1     5
  3.0770898726125970E-02 a       566     0    29     1     6
  2.1134730170657468E-01 a       567     0    29     1     7
  1.5835784397328523E-01 a       568     0    29     1     8
  1.6724914475728722E-01 a       569     0    29     1     9
  2.0894959343073957E-01 a       570     0    29     1    10
  1.8719946219483410E-01 a       571     0    29     1    11
 -1.1658966763925911E-01 a       572     0    29     1    12
  1.3884222635706620E-01 a       573     0    29     1    13
 -9.1895297993101754E-02 a       574     0    29     1    14
 -3.0547336765573496E-01 a       575     0    29     1    15
 -1.3313582772463389E-01 a       576     0    29     1    16
 -1.0149600786309029E-01 a       577     0    29     1    17
  2.2357755206253657E-01 a       578     0    29     1    18
 -6.6584718239261218E-03 a       579     0    29     1    19
  1.1029031140997085E-01 a       580     0    29     1    20
 -6.1601123476749078E-02 a       581     0    30     1     1
 -9.0794633857553299E-03 a       582     0    30     1     2
 -6.0949911942655361E-03 a       583     0    30     1     3
  5.5649087303309232E-02 a       584     0    30     1     4
  6.5147659372617184E-02 a       585     0    30     1     5
  7.0155112832773328E-02 a       586     0    30     1     6
 -2.5185242882004671E-01 a       587     0    30     1     7
  2.4770396074023707E-01 a       588     0    30     1     8
  7.3179564769597402E-02 a       589     0    30     1     9
 -1.4823925368412594E-01 a       590     0    30     1    10
 -9.1028467964622758E-03 a       591     0    30     1    11
  2.1509167606378310E-01 a       592     0    30     1    12
 -2.1985080081130315E-01 a       593     0    30     1    13
  1.1651425645631763E-01 a       594     0    30     1    14
  2.3968742935638232E-01 a       595     0    30     1    15
  1.5902901135480915E-01 a       596     0    30     1    16
 -9.0976173848184932E-02 a       597     0    30     1    17
  1.5093850513123863E-01 a       598     0    30     1    18
 -5.8601672138711841E-02 a       599     0    30     1    19
 -7.3726151596493511E-02 a       600     0    30     1    20
 -4.8827887564188543E-02 a       601     0    31     1     1
 -1.2605681385323253E-01 a       602     0    31     1     2
 -1.6541832929493067E-01 a       603     0    31     1     3
 -6.2797499591514547E-03 a       604     0    31     1     4
 -3.9216949985319924E-02 a       605     0    31     1     5
  7.0964552165271477E-02 a       606     0    31     1     6
 -1.7350347170447328E-01 a       607     0    31     1     7
 -1.2161380730492352E-01 a       608     0    31     1     8
 -2.3574276396905622E-01 a       609     0    31     1     9
 -3.8259130722569741E-04 a       610     0    31     1    10
 -1.6170172970388064E-01 a       611     0    31     1    11
  4.7895792726571858E-02 a       612     0    31     1    12
 -4.9912471736206103E-02 a       613     0    31     1    13
 -3.8289443516419441E-02 a       614     0    31     1    14
  2.8905390725770447E-01 a       615     0    31     1    15
  6.8434214043647315E-02 a       616     0    31     1    16
  2.8070998828903942E-01 a       617     0    31     1    17
 -3.0259325138569998E-01 a       618     0    31     1    18
  2.3313511232413420E-01 a       619     0    31     1    19
 -3.5535562980280916E-01 a       620     0    31     1    20
 -6.5739500580068435E-03 a       621     0    32     1     1
  4.5946852603650307E-02 a       622     0    32     1     2
 -7.3993400710194428E-03 a       623     0    32     1     3
  1.1364898560549727E-01 a       624     0    32     1     4
 -2.3867770228466986E-01 a       625     0    32     1     5
  2.7095604599548517E-01 a       626     0    32     1     6
 -2.1050270983626418E-01 a       627     0    32     1     7
  1.7049227842675696E-01 a       628     0    32     1     8
 -1.7381661069662072E-01 a       629     0    32     1     9
 -1.8422129935557188E-01 a       630     0    32     1    10
  1.8845838733517573E-01 a       631     0    32     1    11
 -2.4137644426826330E-01 a       632     0    32     1    12
 -5.2289273952755032E-02 a       633     0    32     1    13
  1.5811881683657772E-01 a       634     0    32     1    14
  1.8566915842072007E-01 a       635     0    32     1    15
  1.5124626079476439E-01 a       636     0    32     1    16
 -2.7288908363199732E-01 a       637     0    32     1    17
 -1.5385574219582437E-01 a       638     0    32     1    18
 -3.2149845286342627E-01 a       639     0    32     1    19
  9.7235186110826197E-02 a       640     0    32     1    20
 -3.9873637792728601E-02 a       641     0    33     1     1
 -1.7909654373196204E-01 a       642     0    33     1     2
 -9.9251999186397474E-02 a       643     0    33     1     3
 -1.6661170989330631E-01 a       644     0    33     1     4
  5.7011071665758223E-02 a       645     0    33     1     5
 -1.4049278254778394E-01 a       646     0    33     1     6
  2.8222592129450702E-01 a       647     0    33     1     7
 -2.2854941968100714E-01 a       648     0    33     1     8
  1.4018940141735906E-01 a       649     0    33     1     9
  2.1885974320519241E-01 a       650     0    33     1    10
 -6.9030335833446740E-02 a       651     0    33     1    11
  2.1026220901616566E-01 a       652     0    33     1    12
  1.2143230323671997E-01 a       653     0    33     1    13
  9.8690047431196970E-02 a       654     0    33     1    14
  2.4304515407778063E-01 a       655     0    33     1    15
 -2.6430359598111514E-01 a       656     0    33     1    16
 -3.0859729631632971E-01 a       657     0    33     1    17
  1.8045400824599611E-01 a       658     0    33     1    18
  2.3594093635912880E-01 a       659     0    33     1    19
  1.6627253032775933E-02 a       660     0    33     1    20
 -2.4337460745146622E-01 a       661     0    34     1     1
 -2.4451678231543819E-01 a       662     0    34     1     2
 -3.6018529612140415E-01 a       663     0    34     1     3
 -1.7276084714289855E-01 a       664     0    34     1     4
 -1.5937706210083755E-01 a       665     0    34     1     5
  9.3323211595529240E-03 a       666     0    34     1     6
  1.2141757796806797E-01 a       667     0    34     1     7
 -1.5300125942187218E-01 a       668     0    34     1     8
 -2.2286343944965448E-01 a       669     0    34     1     9
 -2.4724165493129024E-01 a       670     0    34     1    10
 -2.0614604691522186E-03 a       671     0    34     1    11
 -2.6295630760956151E-01 a       672     0    34     1    12
 -1.5557821782462447E-01 a       673     0    34     1    13
  3.7217326631064818E-01 a       674     0    34     1    14
 -7.7495379985515978E-02 a       675     0    34     1    15
  1.8417093572986359E-02 a       676     0    34     1    16
 -3.7506643265664920E-02 a       677     0    34     1    17
  3.4160435900090641E-01 a       678     0    34     1    18
 -1.3392168657975163E-02 a       679     0    34     1    19
  7.1128303385198821E-02 a       680     0    34     1    20
  5.2278542600105331E-02 a       681     0    35     1     1
  2.6989036040425479E-01 a       682     0    35     1     2
  1.4488557837953192E-01 a       683     0    35     1     3
  9.2415608803463584E-02 a       684     0    35     1     4
 -5.2754284155806068E-02 a       685     0    35     1     5
 -9.6091422010744956E-02 a       686     0    35     1     6
  2.1129372910680302E-01 a       687     0    35     1     7
 -8.6186961268633275E-02 a       688     0    35     1     8
  7.6364415408215064E-02 a       689     0    35     1     9
  3.1802109064166856E-01 a       690     0    35     1    10
 -1.8889647877502573E-02 a       691     0    35     1    11
  2.2565570106172148E-01 a       692     0    35     1    12
  4.1092170203851364E-01 a       693     0    35     1    13
 -2.8291485523462440E-01 a       694     0    35     1    14
 -1.1529255214106260E-01 a       695     0    35     1    15
  1.0361120488733014E-01 a       696     0    35     1    16
 -1.8083789023570043E-01 a       697     0    35     1    17
 -7.5333042508287484E-02 a       698     0    35     1    18
 -1.7228541153214758E-01 a       699     0    35     1    19
  1.4126860384413265E-01 a       700     0    35     1    20
  1.7636343929912460E-01 a       701     0    36     1     1
 -2.1249879447466444E-01 a       702     0    36     1     2
  2.4132509994230605E-01 a       703     0    36     1     3
  8.4816640248663616E-02 a       704     0    36     1     4
 -1.6579517305612390E-01 a       705     0    36     1     5
 -2.5813734539870686E-01 a       706     0    36     1     6
  2.6564975842706018E-01 a       707     0    36     1     7
  1.9600141102476409E-01 a       708     0    36     1     8
 -2.2549535861944200E-01 a       709     0    36     1     9
 -1.9424254240467759E-02 a       710     0    36     1    10
  9.5980961095853551E-02 a       711     0    36     1    11
  1.1751808781921924E-01 a       712     0    36     1    12
  1.4381791757525295E-01 a       713     0    36     1    13
 -6.1612269058662045E-02 a       714     0    36     1    14
  1.9220044439134365E-01 a       715     0    36     1    15
  2.8169585718989987E-01 a       716     0    36     1    16
 -1.4535911869443979E-01 a       717     0    36     1    17
  6.8545459581411505E-02 a       718     0    36     1    18
 -1.0112816813682028E-02 a       719     0    36     1    19
 -2.7108631527222576E-01 a       720     0    36     1    20
  1.5824627430034435E-01 a       721     0    37     1     1
  1.7570071745814875E-01 a       722     0    37     1     2
  1.7825528430204868E-01 a       723     0    37     1     3
 -2.6414389208253292E-01 a       724     0    37     1     4
  6.7420012853918243E-02 a       725     0    37     1     5
 -1.5948248951615135E-01 a       726     0    37     1     6
 -1.7385876275386808E-01 a       727     0    37     1     7
  7.5840327330491245E-02 a       728     0    37     1     8
  6.0063679109457764E-02 a       729     0    37     1     9
 -3.0641293547098941E-01 a       730     0    37     1    10
  3.3982601172657834E-01 a       731     0    37     1    11
 -1.4259994622049514E-02 a       732     0    37     1    12
  1.4872065195218112E-03 a       733     0    37     1    13
  3.3080745854597708E-03 a       734     0    37     1    14
 -4.1737702032435854E-02 a       735     0    37     1    15
  1.1432078604155653E-01 a       736     0    37     1    16
  2.8455952638580907E-02 a       737     0    37     1    17
 -9.1362182165358061E-02 a       738     0    37     1    18
 -4.6368616518661025E-02 a       739     0    37     1    19
  2.3028772540362885E-01 a       740     0    37     1    20
 -1.3859485907171909E-01 a       741     0    38     1     1
  2.1446657267406868E-01 a       742     0    38     1     2
 -1.5564786313753695E-01 a       743     0    38     1     3
  2.9421008588196707E-01 a       744     0    38     1     4
 -8.9801101676050391E-02 a       745     0    38     1     5
  2.5047409325406939E-01 a       746     0    38     1     6
  1.0961329830297621E-01 a       747     0    38     1     7
  9.7303646190042933E-02 a       748     0    38     1     8
  2.1398764938753259E-01 a       749     0    38     1     9
 -1.4819141427583332E-01 a       750     0    38     1    10
  9.8215861536156371E-02 a       751     0    38     1    11
 -1.4386273655622400E-01 a       752     0    38     1    12
 -1.7365107189176315E-01 a       753     0    38     1    13
  2.1051287751060779E-01 a       754     0    38     1    14
 -2.3981961298233781E-01 a       755     0    38     1    15
  3.4101139300234357E-01 a       756     0    38     1    16
 -1.6716945540074352E-01 a       757     0    38     1    17
  1.7480570887512786E-01 a       758     0    38     1    18
 -1.3392182686762572E-01 a       759     0    38     1    19
 -2.2515282076279616E-01 a       760     0    38     1    20
  2.5006607305511175E-01 a       761     0    39     1     1
 -4.3048056471421126E-01 a       762     0    39     1     2
  1.1744073490227988E-01 a       763     0    39     1     3
  9.2174845178063687E-03 a       764     0    39     1     4
 -2.1652690550977560E-01 a       765     0    39     1     5
  2.3671849733784240E-02 a       766     0    39     1     6
  1.9201062816247272E-01 a       767     0    39     1     7
 -4.3011997197354566E-02 a       768     0    39     1     8
  2.2918760529984580E-01 a       769     0    39     1     9
 -3.6331068934047916E-01 a       770     0    39     1    10
  2.0117645574586870E-01 a       771     0    39     1    11
  8.4515925817534435E-02 a       772     0    39     1    12
  9.9959020473487314E-02 a       773     0    39     1    13
 -6.3776817186970022E-02 a       774     0    39     1    14
  1.2466900107346235E-01 a       775     0    39     1    15
 -6.4028953376101844E-02 a       776     0    39     1    16
  2.1979839399207488E-02 a       777     0    39     1    17
 -1.0991845645693619E-01 a       778     0    39     1    18
  2.2441273524452784E-01 a       779     0    39     1    19
 -2.3663131998487680E-01 a       780     0    39     1    20
  4.5768245582462029E-02 a       781     0    40     1     1
  2.7375767172333626E-01 a       782     0    40     1     2
  2.4484190105725021E-01 a       783     0    40     1     3
  1.2006596182661811E-02 a       784     0    40     1     4
  1.2580569575597125E-01 a       785     0    40     1     5
  1.8074498638256939E-01 a       786     0    40     1     6
  8.6115252749382074E-02 a       787     0    40     1     7
  1.6615718152490661E-01 a       788     0    40     1     8
 -1.4709184020886512E-01 a       789     0    40     1     9
 -1.4072169463790624E-01 a       790     0    40     1    10
  9.2174344014349402E-02 a       791     0    40     1    11
 -1.8580087875261711E-01 a       792     0    40     1    12
 -3.2835041328438008E-01 a       793     0    40     1    13
 -9.7636259646836795E-02 a       794     0    40     1    14
 -2.9733779913341359E-02 a       795     0    40     1    15
  1.4766547269610220E-01 a       796     0    40     1    16
  3.8762449005413141E-01 a       797     0    40     1    17
  4.1581897533658686E-02 a       798     0    40     1    18
  2.9081053728655060E-01 a       799     0    40     1    19
  1.9662771021164524E-01 a       800     0    40     1    20
 -8.3643363927196165E-02 a       801     0    41     1     1
 -9.3695061923690315E-02 a       802     0    41     1     2
  3.1770399310862352E-01 a       803     0    41     1     3
  5.7993575600022954E-02 a       804     0    41     1     4
  2.1110431553706713E-01 a       805     0    41     1     5
  1.7995515546785373E-01 a       806     0    41     1     6
 -7.4890312861262576E-02 a       807     0    41     1     7
 -2.1543151735149960E-01 a       808     0    41     1     8
  9.8596319217441969E-02 a       809     0    41     1     9
  9.4394169745009721E-02 a       810     0    41     1    10
  1.4311805218308152E-01 a       811     0    41     1    11
  1.4123760821551001E-01 a       812     0    41     1    12
 -9.2326370195880900E-02 a       813     0    41     1    13
 -8.6707911218680531E-02 a       814     0    41     1    14
 -1.7012817048834863E-01 a       815     0    41     1    15
 -2.5737437863954632E-01 a       816     0    41     1    16
  2.8809387017145205E-01 a       817     0    41     1    17
 -2.1959356657051884E-01 a       818     0    41     1    18
 -6.9886571231759245E-02 a       819     0    41     1    19
  3.6753481854022593E-02 a       820     0    41     1    20
  9.6682266933124941E-02 a       821     0    42     1     1
 -2.3863121688907318E-01 a       822     0    42     1     2
 -2.5476716566788898E-01 a       823     0    42     1     3
 -4.6320736035020536E-02 a       824     0    42     1     4
  5.8919337549741393E-02 a       825     0    42     1     5
  2.0289793413625148E-02 a       826     0    42     1     6
  4.1487233975412680E-02 a       827     0    42     1     7
 -3.3727760282551134E-01 a       828     0    42     1     8
  2.5541148296703220E-01 a       829     0    42     1     9
  1.0895658563439620E-01 a       830     0    42     1    10
 -2.5741860032407848E-01 a       831     0    42     1    11
 -3.3394083016295067E-01 a       832     0    42     1    12
  2.0434437195297483E-02 a       833     0    42     1    13
  1.9853696403535989E-01 a       834     0    42     1    14
  8.6710753742303068E-02 a       835     0    42     1    15
  7.6452384889276581E-02 a       836     0    42     1    16
  1.6707194903613876E-01 a       837     0    42     1    17
  1.2916043010021539E-02 a       838     0    42     1    18
  5.0946110949507982E-02 a       839     0    42     1    19
 -2.1982311035995789E-01 a       840     0    42     1    20
 -1.8171786510351154E-01 a       841     0    43     1     1
 -8.5662042918786142E-03 a       842     0    43     1     2
 -4.0168859964434547E-02 a       843     0    43     1     3
  5.4424752994075266E-02 a       844     0    43     1     4
 -1.3229100292270293E-01 a       845     0    43     1     5
  7.5414654168120362E-02 a       846     0    43     1     6
 -1.1603601625026930E-01 a       847     0    43     1     7
 -7.0514347333742691E-02 a       848     0    43     1     8
  1.5246815662237337E-01 a       849     0    43     1     9
 -1.9908680947961232E-02 a       850     0    43     1    10
  1.1703451712210544E-01 a       851     0    43     1    11
  1.2774694034596690E-02 a       852     0    43     1    12
 -8.0357275213905552E-02 a       853     0    43     1    13
 -1.1647276657509831E-01 a       854     0    43     1    14
 -4.8646370496070665E-02 a       855     0    43     1    15
 -1.2605552245282054E-02 a       856     0    43     1    16
  1.6786771735771830E-01 a       857     0    43     1    17
 -5.6691582105354757E-02 a       858     0    43     1    18
 -2.1601888532117461E-01 a       859     0    43     1    19
  2.5108400140672896E-02 a       860     0    43     1    20
  1.4468508513186570E-01 a       861     0    44     1     1
  1.1183433424936069E-01 a       862     0    44     1     2
  2.3755744237279353E-01 a       863     0    44     1     3
  6.0816716570705157E-02 a       864     0    44     1     4
  2.4118219431295682E-01 a       865     0    44     1     5
 -2.9598642458097885E-01 a       866     0    44     1     6
  2.7651206624780661E-01 a       867     0    44     1     7
 -9.4674097916232644E-02 a       868     0    44     1     8
  3.0946472483576210E-01 a       869     0    44     1     9
  1.3491551902936560E-01 a       870     0    44     1    10
  1.3429796348151207E-01 a       871     0    44     1    11
  2.9196448125995744E-01 a       872     0    44     1    12
  3.1558631679260551E-01 a       873     0    44     1    13
 -1.4617828477178965E-01 a       874     0    44     1    14
 -3.4484889557413817E-01 a       875     0    44     1    15
 -6.7436683009442874E-02 a       876     0    44     1    16
 -1.9252237511078446E-01 a       877     0    44     1    17
  2.0487471855701667E-01 a       878     0    44     1    18
  1.7196755525461238E-01 a       879     0    44     1    19
 -7.4810377355320312E-02 a       880     0    44     1    20
 -5.9254150585514073E-02 a       881     0    45     1     1
 -3.1715837067155811E-01 a       882     0    45     1     2
 -2.0360316164202349E-01 a       883     0    45     1     3
  1.1947029935623441E-01 a       884     0    45     1     4
  9.7118425281229340E-02 a       885     0    45     1     5
  8.7111065868509863E-02 a       886     0    45     1     6
 -2.1428233959482429E-01 a       887     0    45     1     7
 -1.5642657741789678E-01 a       888     0    45     1     8
 -3.0069362317445808E-01 a       889     0    45     1     9
  4.7842825629379707E-02 a       890     0    45     1    10
 -2.2901057443031012E-01 a       891     0    45     1    11
 -1.9972485200719103E-01 a       892     0    45     1    12
 -2.6819472992444798E-01 a       893     0    45     1    13
 -1.4205714880468168E-01 a       894     0    45     1    14
 -5.4826256481221428E-02 a       895     0    45     1    15
 -1.0018768338250791E-02 a       896     0    45     1    16
  1.2790592080909050E-01 a       897     0    45     1    17
  1.9542394947314584E-01 a       898     0    45     1    18
 -7.3576167683936794E-02 a       899     0    45     1    19
 -1.7580451827103755E-01 a       900     0    45     1    20
  9.8438157711067148E-02 a       901     0    46     1     1
  1.3959391829646770E-01 a       902     0    46     1     2
 -2.4636583317103594E-01 a       903     0    46     1     3
  1.7827189628884420E-02 a       904     0    46     1     4
  1.6786292585232462E-01 a       905     0    46     1     5
  1.0084516687636964E-01 a       906     0    46     1     6
  2.6519412121505631E-01 a       907     0    46     1     7
  2.6980675983102814E-01 a       908     0    46     1     8
  3.6725296744512542E-01 a       909     0    46     1     9
  1.5184707318695631E-01 a       910     0    46     1    10
  2.5472437341598323E-02 a       911     0    46     1    11
 -1.5374543955057426E-01 a       912     0    46     1    12
  7.3847398981641305E-02 a       913     0    46     1    13
 -1.4986130791808588E-01 a       914     0    46     1    14
  1.4829186309338549E-01 a       915     0    46     1    15
  2.5182561587153207E-01 a       916     0    46     1    16
 -1.5278624175128916E-01 a       917     0    46     1    17
  9.9529651864340429E-02 a       918     0    46     1    18
  5.5900447793255537E-02 a       919     0    46     1    19
  5.1472248044253224E-02 a       920     0    46     1    20
 -2.4837799391870963E-01 a       921     0    47     1     1
  2.5648489136378877E-01 a       922     0    47     1     2
 -2.3376202055820589E-01 a       923     0    47     1     3
  8.7822308909049560E-02 a       924     0    47     1     4
 -1.5574261926423225E-01 a       925     0    47     1     5
  2.2185008358660036E-01 a       926     0    47     1     6
 -1.7083678178076114E-01 a       927     0    47     1     7
 -1.9824917867016939E-01 a       928     0    47     1     8
 -1.5498875773697837E-01 a       929     0    47     1     9
  2.4063304970206589E-01 a       930     0    47     1    10
 -3.4907934124777461E-02 a       931     0    47     1    11
 -2.5946177575657764E-01 a       932     0    47     1    12
  1.0925413981590819E-02 a       933     0    47     1    13
  1.3386976909126164E-01 a       934     0    47     1    14
 -6.8195907283661122E-02 a       935     0    47     1    15
 -2.6698423725310005E-01 a       936     0    47     1    16
  7.5596239105019919E-02 a       937     0    47     1    17
  1.8526682116039311E-01 a       938     0    47     1    18
  1.7083801884411778E-01 a       939     0    47     1    19
  3.1965432994325177E-01 a       940     0    47     1    20
  8.1581174819589056E-02 a       941     0    48     1     1
 -9.8271297247993245E-02 a       942     0    48     1     2
  9.4198812882568705E-02 a       943     0    48     1     3
 -1.9077703980401542E-01 a       944     0    48     1     4
  3.0923177703921390E-01 a       945     0    48     1     5
 -2.3191443029922776E-01 a       946     0    48     1     6
  4.7484824115027802E-02 a       947     0    48     1     7
  2.8462739620499067E-01 a       948     0    48     1     8
 -9.6147438938010463E-02 a       949     0    48     1     9
  1.4739468719214333E-01 a       950     0    48     1    10
 -1.8579812765533826E-01 a       951     0    48     1    11
  1.2527673048798649E-02 a       952     0    48     1    12
  1.5632356603853201E-01 a       953     0    48     1    13
 -1.4517879750976395E-01 a       954     0    48     1    14
 -2.3291692388137164E-01 a       955     0    48     1    15
 -2.6795756665552156E-01 a       956     0    48     1    16
 -2.8236602244997644E-01 a       957     0    48     1    17
  1.8613311837764013E-01 a       958     0    48     1    18
  1.2899855257338541E-01 a       959     0    48     1    19
  8.0016657170149594E-03 a       960     0    48     1    20
  3.1507500266951927E-02 a       961     0    49     1     1
  2.5846851278561472E-01 a       962     0    49     1     2
  1.9833848135914245E-01 a       963     0    49     1     3
  8.4964825539435435E-02 a       964     0    49     1     4
 -1.7785960874858597E-01 a       965     0    49     1     5
 -1.7140430852772270E-01 a       966     0    49     1     6
 -8.4281770891025024E-02 a       967     0    49     1     7
 -2.0778871361714221E-01 a       968     0    49     1     8
  1.2395732020636280E-01 a       969     0    49     1     9
  1.2017996651348474E-01 a       970     0    49     1    10
 -5.4281988516666858E-02 a       971     0    49     1    11
  2.1723226055049866E-01 a       972     0    49     1    12
  2.7547376242472088E-01 a       973     0    49     1    13
  1.3599260868746599E-01 a       974     0    49     1    14
  1.0627878476319021E-01 a       975     0    49     1    15
  1.7743554369382539E-01 a       976     0    49     1    16
 -2.4235239105362655E-01 a       977     0    49     1    17
 -1.4582601446671734E-01 a       978     0    49     1    18
 -6.4886594333449371E-02 a       979     0    49     1    19
  5.8496842672297072E-02 a       980     0    49     1    20
 -1.5869842975910808E-01 a       981     0    50     1     1
  8.2138771560656604E-02 a       982     0    50     1     2
  2.1790288557516896E-01 a       983     0    50     1     3
  1.0194273832610265E-01 a       984     0    50     1     4
  2.8820404508705594E-01 a       985     0    50     1     5
  2.2709873340219077E-02 a       986     0    50     1     6
 -1.1910696546337597E-01 a       987     0    50     1     7
  1.3227304500496803E-01 a       988     0    50     1     8
 -3.7955332202523069E-02 a       989     0    50     1     9
  4.2673003518730263E-01 a       990     0    50     1    10
  1.8717887799865698E-01 a       991     0    50     1    11
  4.5919253381797413E-02 a       992     0    50     1    12
  2.4224502833126010E-01 a       993     0    50     1    13
  1.0174735367328001E-01 a       994     0    50     1    14
 -2.4443867039184947E-01 a       995     0    50     1    15
 -3.7164789396548153E-01 a       996     0    50     1    16
 -2.1192784922849525E-01 a       997     0    50     1    17
  2.8618335506612021E-02 a       998     0    50     1    18
 -3.5961340349069154E-01 a       999     0    50     1    19
 -5.4452706001875455E-02 a      1000     0    50     1    20
  8.4243181247154769E-02 b      1001     1     1
 -1.4753868668264942E+00 b      1002     1     2
  7.7202412251318298E-01 b      1003     1     3
  1.4917670388329183E+00 b      1004     1     4
  1.0084868760903973E+00 b      1005     1     5
 -4.3997650299248886E-01 b      1006     1     6
  1.9149915619901645E-01 b      1007     1     7
  1.5663580622411426E+00 b      1008     1     8
  1.4178144436737847E+00 b      1009     1     9
  8.4565521481565986E-01 b      1010     1    10
 -8.5051851002982948E-01 b      1011     1    11
  1.4288928121804150E+00 b      1012     1    12
  6.7478418676833504E-02 b      1013     1    13
  2.0940618436519640E-01 b      1014     1    14
  7.1686011838719269E-02 b      1015     1    15
 -2.2617540290578531E-01 b      1016     1    16
  1.4942557541578689E+00 b      1017     1    17
  5.3997814902988794E-01 b      1018     1    18
 -2.7215618921707657E-01 b      1019     1    19
  1.1808979946973739E+00 b      1020     1    20
  3.9123760175690331E-01 a      1021     1     1     2     1
 -1.9731098466637675E-01 a      1022     1     1     2     2
  4.3424577164815237E-01 a      1023     1     1     2     3
 -5.4218182430542039E-01 a      1024     1     1     2     4
  2.1248093727159123E-01 a      1025     1     1     2     5
  8.6847091840231108E-02 a      1026     1     1     2     6
 -1.6904399650533153E-01 a      1027     1     1     2     7
 -3.1299856429088148E-02 a      1028     1     1     2     8
 -3.2219323026189572E-01 a      1029     1     1     2     9
 -1.5883274517155391E-01 a      1030     1     1     2    10
 -7.1616547311983803E-02 a      1031     1     1     2    11
 -5.1642580960824225E-01 a      1032     1     1     2    12
  5.1582526091767467E-01 a      1033     1     1     2    13
 -1.9831585160483597E-01 a      1034     1     1     2    14
 -4.1214827733075987E-01 a      1035     1     1     2    15
 -1.4144712017145639E-01 a      1036     1     1     2    16
 -1.0484828324332457E-01 a      1037     1     1     2    17
 -1.7636690494495852E-01 a      1038     1     1     2    18
 -8.4967452007309388E-02 a      1039     1     1     2    19
 -2.0902070358221161E-01 a      1040     1     1     2    20
  4.0188156475235176E-01 a      1041     1     2     2     1
 -4.3084956975273309E-01 a      1042     1     2     2     2
 -5.4150017331501510E-01 a      1043     1     2     2     3
  3.9676873416928082E-01 a      1044     1     2     2     4
  5.7134160264070688E-01 a      1045     1     2     2     5
 -2.1033938997724205E-01 a      1046     1     2     2     6
  6.3141228019570372E-01 a      1047     1     2     2     7
 -5.0873855942558999E-01 a      1048     1     2     2     8
  3.2629954610387940E-01 a      1049     1     2     2     9
  5.3243946049898280E-02 a      1050     1     2     2    10
  5.7261171446046466E-01 a      1051     1     2     2    11
  2.6454770691822327E-01 a      1052     1     2     2    12
  4.4797310560157566E-02 a      1053     1     2     2    13
 -3.9643025090265083E-01 a      1054     1     2     2    14
  3.6173607766909482E-01 a      1055     1     2     2    15
  4.8350953452518386E-01 a      1056     1     2     2    16
 -8.4573168929398784E-02 a      1057     1     2     2    17
  3.0577481561242675E-01 a      1058     1     2     2    18
 -5.8335724633827045E-02 a      1059     1     2     2    19
  2.1350721118970392E-02 a      1060     1     2     2    20
 -6.1865316524052291E-02 a      1061     1     3     2     1
  4.3948698051895663E-01 a      1062     1     3     2     2
  8.8600508356331306E-02 a      1063     1     3     2     3
  2.6178692639739251E-02 a      1064     1     3     2     4
 -3.0362300596427721E-01 a      1065     1     3     2     5
 -3.5202254646827946E-01 a      1066     1     3     2     6
 -3.0447870292908780E-01 a      1067     1     3     2     7
 -4.1039590586021996E-01 a      1068     1     3     2     8
  7.3416749249787172E-01 a      1069     1     3     2     9
  4.3305584490469967E-01 a      1070     1     3     2    10
  3.7911859633204337E-01 a      1071     1     3     2    11
  4.7568801608910943E-01 a      1072     1     3     2    12
  4.5286697305392148E-01 a      1073     1     3     2    13
 -1.1163503211858315E-01 a      1074     1     3     2    14
  4.1629148816147521E-01 a      1075     1     3     2    15
  4.4050152968388812E-01 a      1076     1     3     2    16
 -1.3755138716024193E-01 a      1077     1     3     2    17
  1.2443937546284127E-01 a      1078     1     3     2    18
 -3.9058092703610942E-01 a      1079     1     3     2    19
  2.1946888529537964E-01 a      1080     1     3     2    20
 -7.8338085545171146E-02 a      1081     1     4     2     1
  3.2936996263350365E-02 a      1082     1     4     2     2
 -1.6430364616320486E-01 a      1083     1     4     2     3
  2.4671780229285659E-01 a      1084     1     4     2     4
  2.1729275523352701E-02 a      1085     1     4     2     5
 -4.6943669132032451E-01 a      1086     1     4     2     6
  5.2084061541863991E-01 a      1087     1     4     2     7
  2.7001780477128878E-01 a      1088     1     4     2     8
  8.1985564480725726E-01 a      1089     1     4     2     9
  3.7476886996963105E-01 a      1090     1     4     2    10
  2.2799522808744555E-01 a      1091     1     4     2    11
  3.0712590230523701E-01 a      1092     1     4     2    12
  4.2449056654889994E-01 a      1093     1     4     2    13
  8.3478993502251617E-02 a      1094     1     4     2    14
 -5.1006260254797209E-01 a      1095     1     4     2    15
 -4.3005854565275115E-01 a      1096     1     4     2    16
  6.8685265072159829E-01 a      1097     1     4     2    17
  6.8388822002678415E-02 a      1098     1     4     2    18
  5.1428814893526809E-01 a      1099     1     4     2    19
  5.4462626592820518E-01 a      1100     1     4     2    20
 -1.1940604298840551E-01 a      1101     1     5     2     1
  4.5459715242266618E-01 a      1102     1     5     2     2
  2.1693424768987124E-01 a      1103     1     5     2     3
 -2.9806505922767346E-01 a      1104     1     5     2     4
 -2.5635577005714344E-01 a      1105     1     5     2     5
 -3.4342424448214448E-01 a      1106     1     5     2     6
 -1.8888166310046192E-01 a      1107     1     5     2     7
 -2.8690673313461645E-01 a      1108     1     5     2     8
  2.8793789433732403E-01 a      1109     1     5     2     9
 -6.5019549208321981E-01 a      1110     1     5     2    10
  3.8952900266044027E-01 a      1111     1     5     2    11
  1.5713526155123977E-01 a      1112     1     5     2    12
 -4.4968664970592903E-01 a      1113     1     5     2    13
 -4.1142839859183079E-02 a      1114     1     5     2    14
  4.0198685303959503E-01 a      1115     1     5     2    15
 -3.6640335029858050E-02 a      1116     1     5     2    16
  5.9580184573014949E-01 a      1117     1     5     2    17
 -3.7900017603475294E-01 a      1118     1     5     2    18
  1.5253069739661032E-01 a      1119     1     5     2    19
  1.8639167300276627E-01 a      1120     1     5     2    20
 -4.8990679126901904E-01 a      1121     1     6     2     1
 -5.2974585187573697E-02 a      1122     1     6     2     2
 -4.8758777905796724E-01 a      1123     1     6     2     3
 -4.7662715553603618E-01 a      1124     1     6     2     4
 -3.3574101991166561E-02 a      1125     1     6     2     5
 -4.8862420500936687E-01 a      1126     1     6     2     6
  4.0736429289289560E-03 a      1127     1     6     2     7
  3.9990486394172103E-01 a      1128     1     6     2     8
 -2.1917446603599203E-01 a      1129     1     6     2     9
 -2.8518598832242931E-01 a      1130     1     6     2    10
  5.2356270476993716E-01 a      1131     1     6     2    11
 -2.9169386219028437E-01 a      1132     1     6     2    12
 -4.0084737744937798E-01 a      1133     1     6     2    13
  4.8770173772485009E-01 a      1134     1     6     2    14
 -5.4534053928747372E-01 a      1135     1     6     2    15
  4.9170785503690656E-01 a      1136     1     6     2    16
  4.7488132439279118E-01 a      1137     1     6     2    17
  1.8800888972989424E-01 a      1138     1     6     2    18
 -5.2052887116022672E-01 a      1139     1     6     2    19
 -4.5758979651622106E-01 a      1140     1     6     2    20
 -6.0776477660409911E-01 a      1141     1     7     2     1
  6.7908088699418501E-01 a      1142     1     7     2     2
 -2.0480691485134372E-01 a      1143     1     7     2     3
  6.3428368081940434E-01 a      1144     1     7     2     4
 -4.8102565411967230E-01 a      1145     1     7     2     5
 -1.5775434753592049E-01 a      1146     1     7     2     6
  1.7176304298557094E-01 a      1147     1     7     2     7
  4.6598317162115516E-01 a      1148     1     7     2     8
 -1.9138075417153516E-01 a      1149     1     7     2     9
  1.8525036865829125E-01 a      1150     1     7     2    10
 -2.4154312930861260E-01 a      1151     1     7     2    11
  6.1254794124189389E-02 a      1152     1     7     2    12
 -4.4697337308225060E-01 a      1153     1     7     2    13
  3.4874308128961706E-01 a      1154     1     7     2    14
  2.6352148818895593E-02 a      1155     1     7     2    15
  2.4578991995807017E-01 a      1156     1     7     2    16
 -1.4729711499795564E-01 a      1157     1     7     2    17
  4.8450578423302476E-01 a      1158     1     7     2    18
 -5.0206241008842178E-01 a      1159     1     7     2    19
 -3.9860430257779494E-01 a      1160     1     7     2    20
  3.1769550087935722E-02 a      1161     1     8     2     1
  2.0722148430206416E-01 a      1162     1     8     2     2
 -2.1430436332991873E-01 a      1163     1     8     2     3
  5.7109785085340903E-01 a      1164     1     8     2     4
 -2.3888710752537878E-01 a      1165     1     8     2     5
 -4.6556835366561206E-01 a      1166     1     8     2     6
  2.3129035086613256E-01 a      1167     1     8     2     7
 -1.7492839362715385E-02 a      1168     1     8     2     8
  1.9113899391704964E-01 a      1169     1     8     2     9
 -5.0458026301263847E-01 a      1170     1     8     2    10
  3.6067609497289327E-03 a      1171     1     8     2    11
  1.1238311227692180E-02 a      1172     1     8     2    12
 -3.6600242522048304E-01 a      1173     1     8     2    13
  5.5615293294385075E-02 a      1174     1     8     2    14
  2.7879808323182464E-01 a      1175     1     8     2    15
  1.3694717488997060E-01 a      1176     1     8     2    16
 -1.0562642057187821E-02 a      1177     1     8     2    17
 -3.4582421930332236E-01 a      1178     1     8     2    18
 -1.5751797908684759E-01 a      1179     1     8     2    19
  1.0603018272153927E-01 a      1180     1     8     2    20
 -2.8011440854212749E-01 a      1181     1     9     2     1
  4.9973848520703051E-01 a      1182     1     9     2     2
 -3.0434205276017767E-01 a      1183     1     9     2     3
 -1.6664266218785914E-01 a      1184     1     9     2     4
  1.2031628818626579E-01 a      1185     1     9     2     5
  9.3590398377518036E-02 a      1186     1     9     2     6
  1.0634471214321428E-01 a      1187     1     9     2     7
 -2.1222202805127738E-01 a      1188     1     9     2     8
  2.6330971801891617E-01 a      1189     1     9     2     9
 -3.6876790933549819E-01 a      1190     1     9     2    10
 -2.4582182329822239E-01 a      1191     1     9     2    11
  3.9020407529966089E-01 a      1192     1     9     2    12
 -3.9342076794497483E-01 a      1193     1     9     2    13
  6.2288618071966750E-01 a      1194     1     9     2    14
 -6.3785513642452274E-01 a      1195     1     9     2    15
 -7.2953205180155578E-02 a      1196     1     9     2    16
  1.9680835027549548E-01 a      1197     1     9     2    17
 -3.2672532000257326E-02 a      1198     1     9     2    18
 -6.6780653386994182E-01 a      1199     1     9     2    19
 -5.4383915629038149E-01 a      1200     1     9     2    20
 -8.5000077053153364E-02 a      1201     1    10     2     1
 -4.4878614958897300E-04 a      1202     1    10     2     2
  1.3520093765612892E-01 a      1203     1    10     2     3
 -1.2424971102021222E-01 a      1204     1    10     2     4
  2.4747914671615312E-01 a      1205     1    10     2     5
  4.4162386232952711E-01 a      1206     1    10     2     6
  3.7551365284791660E-01 a      1207     1    10     2     7
 -2.6246816780327614E-01 a      1208     1    10     2     8
  4.3976227147870289E-01 a      1209     1    10     2     9
  5.7372786438994412E-02 a      1210     1    10     2    10
 -2.6425156397205463E-01 a      1211     1    10     2    11
 -2.0878175706128796E-01 a      1212     1    10     2    12
  1.8299323171490675E-01 a      1213     1    10     2    13
 -2.0740771800304950E-01 a      1214     1    10     2    14
 -3.3501190181916635E-01 a      1215     1    10     2    15
  5.8203936460614003E-01 a      1216     1    10     2    16
 -5.5031932624628010E-01 a      1217     1    10     2    17
 -6.6796479317048851E-02 a      1218     1    10     2    18
 -1.5696050737593301E-01 a      1219     1    10     2    19
  3.8497062982565783E-01 a      1220     1    10     2    20
  5.7581501336127494E-01 a      1221     1    11     2     1
 -4.5443666343316697E-01 a      1222     1    11     2     2
  3.7962118482560170E-01 a      1223     1    11     2     3
  9.3652253396671700E-02 a      1224     1    11     2     4
  3.9292085811177088E-02 a      1225     1    11     2     5
  3.0803306520767149E-01 a      1226     1    11     2     6
  5.1933952291612784E-01 a      1227     1    11     2     7
 -3.2964298016423715E-01 a      1228     1    11     2     8
 -4.2860163835723231E-01 a      1229     1    11     2     9
 -1.8842032723266727E-01 a      1230     1    11     2    10
 -4.9893552807551346E-02 a      1231     1    11     2    11
 -3.5049054216918885E-01 a      1232     1    11     2    12
 -5.5757488400625110E-01 a      1233     1    11     2    13
 -4.4617302967708000E-01 a      1234     1    11     2    14
  1.9624029002942151E-02 a      1235     1    11     2    15
 -3.9334877930728851E-01 a      1236     1    11     2    16
  3.3500383713994225E-01 a      1237     1    11     2    17
  4.2394541021454829E-01 a      1238     1    11     2    18
 -6.6795237058054546E-01 a      1239     1    11     2    19
 -7.4284745662917995E-01 a      1240     1    11     2    20
 -1.0622165201540426E-01 a      1241     1    12     2     1
 -2.7813560993047076E-01 a      1242     1    12     2     2
  1.9382261647686258E-01 a      1243     1    12     2     3
  2.4612846493039059E-01 a      1244     1    12     2     4
  3.7898713768987197E-01 a      1245     1    12     2     5
 -1.6727779022136818E-01 a      1246     1    12     2     6
 -2.4485104427231777E-01 a      1247     1    12     2     7
  3.3167293825078631E-01 a      1248     1    12     2     8
 -1.9635600941258818E-01 a      1249     1    12     2     9
  4.9879853262273108E-02 a      1250     1    12     2    10
 -5.8707421590766729E-01 a      1251     1    12     2    11
 -3.7451991538456070E-01 a      1252     1    12     2    12
 -3.0987549572888967E-01 a      1253     1    12     2    13
  1.8410297446761778E-01 a      1254     1    12     2    14
 -5.2387038184390877E-01 a      1255     1    12     2    15
  3.5733912942271912E-01 a      1256     1    12     2    16
  3.0592122980829456E-01 a      1257     1    12     2    17
 -7.2049948890563445E-02 a      1258     1    12     2    18
 -1.8757319368674666E-01 a      1259     1    12     2    19
 -4.3514785763603410E-02 a      1260     1    12     2    20
 -5.8029365183464732E-01 a      1261     1    13     2     1
  4.4785196994664531E-02 a      1262     1    13     2     2
 -4.5473658789497617E-01 a      1263     1    13     2     3
 -5.7173199272327402E-01 a      1264     1    13     2     4
  5.3526975621519757E-01 a      1265     1    13     2     5
 -6.4990483723575909E-01 a      1266     1    13     2     6
 -7.3923734991034329E-01 a      1267     1    13     2     7
  1.7975518781863772E-01 a      1268     1    13     2     8
  9.2223611526843621E-02 a      1269     1    13     2     9
 -8.1191067560440422E-02 a      1270     1    13     2    10
  4.3214969415798105E-01 a      1271     1    13     2    11
  5.0398272996875382E-01 a      1272     1    13     2    12
  3.8938947469945706E-01 a      1273     1    13     2    13
  4.9257582980483805E-01 a      1274     1    13     2    14
  1.3991967532622385E-01 a      1275     1    13     2    15
  5.6925031641204016E-01 a      1276     1    13     2    16
  3.6737480959858670E-01 a      1277     1    13     2    17
 -5.6916978990584366E-01 a      1278     1    13     2    18
 -3.9160601080286916E-01 a      1279     1    13     2    19
 -1.2603408970014598E-01 a      1280     1    13     2    20
  5.3472705039200552E-01 a      1281     1    14     2     1
  5.2155558963929360E-01 a      1282     1    14     2     2
 -1.2469122511965491E-01 a      1283     1    14     2     3
  1.3177131003574963E-01 a      1284     1    14     2     4
  4.1501281883937613E-01 a      1285     1    14     2     5
  6.5618771987239602E-02 a      1286     1    14     2     6
  4.7722746318630604E-01 a      1287     1    14     2     7
 -3.3105700152183670E-01 a      1288     1    14     2     8
  3.5277905895326855E-01 a      1289     1    14     2     9
 -3.6746934308020784E-01 a      1290     1    14     2    10
  1.4446371370364583E-01 a      1291     1    14     2    11
  2.7513583680276005E-01 a      1292     1    14     2    12
 -5.2257980911504076E-01 a      1293     1    14     2    13
 -5.0302827182187138E-01 a      1294     1    14     2    14
 -8.3783644886543329E-02 a      1295     1    14     2    15
 -1.4568244898658242E-01 a      1296     1    14     2    16
 -1.3704450389022457E-01 a      1297     1    14     2    17
 -2.2028382997284063E-01 a      1298     1    14     2    18
 -5.0679574177953068E-01 a      1299     1    14     2    19
  5.1384417733129983E-01 a      1300     1    14     2    20
 -2.2460215691135763E-01 a      1301     1    15     2     1
  9.4740078953909814E-03 a      1302     1    15     2     2
 -7.9988487998737274E-03 a      1303     1    15     2     3
  8.5688288832154097E-02 a      1304     1    15     2     4
 -2.8637390254393680E-01 a      1305     1    15     2     5
 -2.9655114720599268E-01 a      1306     1    15     2     6
 -4.3683847668107606E-01 a      1307     1    15     2     7
  7.7974502484030012E-02 a      1308     1    15     2     8
  1.2090991658780996E-01 a      1309     1    15     2     9
  4.5790714977476799E-01 a      1310     1    15     2    10
 -6.2693876249321179E-01 a      1311     1    15     2    11
  4.0997844002865591E-01 a      1312     1    15     2    12
 -5.9166996698383090E-01 a      1313     1    15     2    13
  4.5473131992251703E-01 a      1314     1    15     2    14
 -2.2770040999268168E-01 a      1315     1    15     2    15
  5.4333375790925853E-01 a      1316     1    15     2    16
 -5.2738406142425220E-01 a      1317     1    15     2    17
 -3.6150499657134455E-01 a      1318     1    15     2    18
 -7.8769062655781028E-02 a      1319     1    15     2    19
  5.4157714283530578E-01 a      1320     1    15     2    20
 -4.0438258638103847E-01 a      1321     1    16     2     1
  5.1348346170285686E-01 a      1322     1    16     2     2
  1.0954757612559869E-01 a      1323     1    16     2     3
  6.6607133618854231E-02 a      1324     1    16     2     4
  5.5929304189534168E-01 a      1325     1    16     2     5
  1.9115801126725243E-01 a      1326     1    16     2     6
  4.9135418827909205E-01 a      1327     1    16     2     7
  3.9685722007234314E-01 a      1328     1    16     2     8
 -3.3028677488530250E-01 a      1329     1    16     2     9
 -2.9950794871365910E-01 a      1330     1    16     2    10
  2.9640943932859898E-01 a      1331     1    16     2    11
 -5.5028762694098299E-01 a      1332     1    16     2    12
 -8.3385998038755335E-02 a      1333     1    16     2    13
 -1.8418181065042527E-01 a      1334     1    16     2    14
 -8.0856835962054341E-02 a      1335     1    16     2    15
 -4.2669915584271967E-01 a      1336     1    16     2    16
  1.6095029194639868E-01 a      1337     1    16     2    17
  3.9947291611663477E-01 a      1338     1    16     2    18
 -4.7935921806415893E-01 a      1339     1    16     2    19
  5.6124171123657740E-01 a      1340     1    16     2    20
  3.6997916352100324E-01 a      1341     1    17     2     1
  5.4471877216283060E-01 a      1342     1    17     2     2
  6.3201091454696601E-01 a      1343     1    17     2     3
  1.6541967333296981E-01 a      1344     1    17     2     4
  3.9740898005894054E-01 a      1345     1    17     2     5
  8.2478318743260517E-02 a      1346     1    17     2     6
 -1.9444256262881698E-01 a      1347     1    17     2     7
  5.3164225493282269E-01 a      1348     1    17     2     8
  1.7562104025665534E-02 a      1349     1    17     2     9
  2.5948087311726709E-01 a      1350     1    17     2    10
  3.6737611890276467E-02 a      1351     1    17     2    11
  4.6696344155188740E-01 a      1352     1    17     2    12
  2.5239932250828651E-01 a      1353     1    17     2    13
 -2.8375612525895438E-01 a      1354     1    17     2    14
  5.0024686764226278E-01 a      1355     1    17     2    15
 -2.4916893615716940E-01 a      1356     1    17     2    16
 -8.6544608202211680E-03 a      1357     1    17     2    17
  5.6067816767041090E-01 a      1358     1    17     2    18
  9.1298226231119620E-02 a      1359     1    17     2    19
  2.6683693587125129E-01 a      1360     1    17     2    20
 -2.8656707253709091E-01 a      1361     1    18     2     1
 -4.2679595050032304E-01 a      1362     1    18     2     2
  5.0133753513267931E-01 a      1363     1    18     2     3
 -1.5668410976126235E-01 a      1364     1    18     2     4
 -3.7099214322196833E-01 a      1365     1    18     2     5
 -2.0578686885920577E-01 a      1366     1    18     2     6
  2.6755367235564920E-01 a      1367     1    18     2     7
 -1.3194262659451680E-01 a      1368     1    18     2     8
  2.5170875441639262E-01 a      1369     1    18     2     9
  4.1207220522749771E-01 a      1370     1    18     2    10
 -3.9058651477055578E-01 a      1371     1    18     2    11
  5.0665836612293602E-01 a      1372     1    18     2    12
  2.2299832442979978E-01 a      1373     1    18     2    13
  7.5570737324205925E-02 a      1374     1    18     2    14
 -2.1185129931014898E-02 a      1375     1    18     2    15
 -1.0486748400526875E-01 a      1376     1    18     2    16
 -1.7538606213810137E-01 a      1377     1    18     2    17
  5.3617207700687419E-01 a      1378     1    18     2    18
  3.6651840254885421E-01 a      1379     1    18     2    19
 -2.5319684560254341E-01 a      1380     1    18     2    20
 -6.0744468468145596E-01 a      1381     1    19     2     1
  3.5552215774051321E-02 a      1382     1    19     2     2
  6.2180898165321752E-01 a      1383     1    19     2     3
  1.5097422920450360E-01 a      1384     1    19     2     4
  1.8583558489242746E-01 a      1385     1    19     2     5
 -5.2229675350052640E-01 a      1386     1    19     2     6
  3.1115700798193791E-01 a      1387     1    19     2     7
 -3.1197998410070482E-01 a      1388     1    19     2     8
  1.3941689002544744E-01 a      1389     1    19     2     9
  4.7220739201292966E-01 a      1390     1    19     2    10
  3.6218370697961932E-01 a      1391     1    19     2    11
 -3.3966843507938793E-01 a      1392     1    19     2    12
  1.2070096860264580E-01 a      1393     1    19     2    13
 -5.1003863611537892E-01 a      1394     1    19     2    14
  4.5998194619750277E-01 a      1395     1    19     2    15
  3.3052383854559936E-01 a      1396     1    19     2    16
  1.6322577741148073E-01 a      1397     1    19     2    17
  2.5641528843580752E-01 a      1398     1    19     2    18
  1.2360230774947079E-01 a      1399     1    19     2    19
  3.5630736826148485E-01 a      1400     1    19     2    20
 -2.8150429588776771E-01 a      1401     1    20     2     1
  1.2992329164376820E-01 a      1402     1    20     2     2
  4.7358569302174325E-01 a      1403     1    20     2     3
  5.5044313387814936E-01 a      1404     1    20     2     4
 -5.7390840185919634E-01 a      1405     1    20     2     5
  3.9333295910891264E-01 a      1406     1    20     2     6
 -4.4666774412789118E-01 a      1407     1    20     2     7
 -5.5707159627306024E-01 a      1408     1    20     2     8
 -3.8813519401187840E-01 a      1409     1    20     2     9
  2.6795426654392351E-01 a      1410     1    20     2    10
 -7.2340225277887493E-01 a      1411     1    20     2    11
 -2.1754192041038153E-01 a      1412     1    20     2    12
  1.4925948045329779E-01 a      1413     1    20     2    13
 -4.0011179245047473E-01 a      1414     1    20     2    14
  4.3636247308059026E-02 a      1415     1    20     2    15
  3.9672199522511059E-01 a      1416     1    20     2    16
  2.1022677465212078E-01 a      1417     1    20     2    17
 -4.7150207741235473E-01 a      1418     1    20     2    18
  4.5344405690072032E-01 a      1419     1    20     2    19
 -1.8547874077519069E-01 a      1420     1    20     2    20
  6.0468196353749049E-01 b      1421     2     1
 -5.9986747515592831E-01 b      1422     2     2
  6.5364890223998240E-01 b      1423     2     3
  1.2822800782481381E+00 b      1424     2     4
 -9.9655800171575215E-01 b      1425     2     5
  1.1752326571586456E+00 b      1426     2     6
  1.0321900445310401E+00 b      1427     2     7
 -4.6679715114095949E-01 b      1428     2     8
 -4.6525770722052917E-01 b      1429     2     9
 -2.6124847450656113E-01 b      1430     2    10
  1.4588984140251813E+00 b      1431     2    11
  1.2088674084477385E-01 b      1432     2    12
 -8.9063953226665327E-01 b      1433     2    13
  7.9496746886555525E-01 b      1434     2    14
 -1.5923094161454607E+00 b      1435     2    15
  8.5209206305112306E-01 b      1436     2    16
 -4.4137843152298073E-01 b      1437     2    17
  1.1116893063951940E+00 b      1438     2    18
 -1.2059387986532937E+00 b      1439     2    19
  4.3316647819728360E-01 b      1440     2    20
 -5.8412812775550368E-02 a      1441     2     1     3     1
 -7.5432725416731750E-01 a      1442     2     2     3     1
 -3.6317698699484274E-01 a      1443     2     3     3     1
 -8.1026094477208233E-01 a      1444     2     4     3     1
  9.2284297867512355E-01 a      1445     2     5     3     1
 -2.8696416293106458E-01 a      1446     2     6     3     1
 -8.1956879647705616E-01 a      1447     2     7     3     1
 -6.3313603447081790E-01 a      1448     2     8     3     1
 -1.3118194653103972E+00 a      1449     2     9     3     1
 -9.3300759888321205E-01 a      1450     2    10     3     1
 -1.8598354352720267E-01 a      1451     2    11     3     1
 -9.8851940446006992E-01 a      1452     2    12     3     1
  1.8140796917730715E-02 a      1453     2    13     3     1
 -4.9159945253954018E-01 a      1454     2    14     3     1
  6.8389553964297811E-01 a      1455     2    15     3     1
 -1.1150602611404467E-01 a      1456     2    16     3     1
 -7.9274776935443902E-01 a      1457     2    17     3     1
  8.4715542901009322E-01 a      1458     2    18     3     1
 -1.6195032406117418E-01 a      1459     2    19     3     1
  1.0452898782868904E-01 a      1460     2    20     3     1
  4.9312712446021104E-02 b      1461     3     1
