################################################################################
# Neural network connection values (weights and biases).
################################################################################
# Col  Name       Description
################################################################################
# 1    connection Neural network connection value.
# 2    t          Connection type (a = weight, b = bias).
# 3    index      Index enumerating weights.
# 4    l_s        Starting point layer (end point layer for biases).
# 5    n_s        Starting point neuron in starting layer (end point neuron for biases).
# 6    l_e        End point layer.
# 7    n_e        End point neuron in end layer.
################################################################################
#                      1 2         3     4     5     6     7
#             connection t     index   l_s   n_s   l_e   n_e
############################################################
  6.4690465959042032E-01 a         1     0     1     1     1
  1.9424736374477450E-01 a         2     0     1     1     2
 -2.1716341397708686E-01 a         3     0     1     1     3
 -9.6550509673238943E-02 a         4     0     1     1     4
  1.4860538558920974E-01 a         5     0     1     1     5
  1.3066491239603095E-01 a         6     0     1     1     6
  2.7941880081109793E-01 a         7     0     1     1     7
  1.4428107199408047E-01 a         8     0     1     1     8
  3.9209319344541416E-03 a         9     0     1     1     9
 -3.8418577519424020E-02 a        10     0     1     1    10
 -1.9048662940780414E-01 a        11     0     1     1    11
  1.2567423656711646E-01 a        12     0     1     1    12
  1.9811101021663091E-01 a        13     0     1     1    13
 -1.2163082773691464E-01 a        14     0     1     1    14
 -1.3388982644690867E-01 a        15     0     1     1    15
 -2.6094630885926090E-01 a        16     0     1     1    16
  9.5251616777570922E-02 a        17     0     1     1    17
 -3.3421480954225383E-02 a        18     0     1     1    18
  3.3188793693939939E-01 a        19     0     1     1    19
 -1.5328972720343964E-01 a        20     0     1     1    20
 -1.2220198207227087E-01 a        21     0     2     1     1
 -5.0494908977746750E-02 a        22     0     2     1     2
  8.1611195308463766E-02 a        23     0     2     1     3
 -3.2374635354115493E-02 a        24     0     2     1     4
  2.6316262951671548E-01 a        25     0     2     1     5
  9.9745266206871463E-02 a        26     0     2     1     6
 -4.6372257157780164E-02 a        27     0     2     1     7
 -8.4060149566678427E-02 a        28     0     2     1     8
 -1.3134980976585434E-01 a        29     0     2     1     9
 -1.5057678727211174E-01 a        30     0     2     1    10
  7.0954891530180267E-02 a        31     0     2     1    11
 -6.6812155441836191E-02 a        32     0     2     1    12
  1.0717573932984384E-01 a        33     0     2     1    13
  2.3226997536362759E-01 a        34     0     2     1    14
 -1.4957590048490485E-01 a        35     0     2     1    15
  7.2176182213472842E-02 a        36     0     2     1    16
 -1.3648054136340013E-01 a        37     0     2     1    17
 -3.4989846440657624E-01 a        38     0     2     1    18
 -3.6910922556514701E-02 a        39     0     2     1    19
 -1.4594182129954747E-01 a        40     0     2     1    20
 -5.3828955580553908E-02 a        41     0     3     1     1
  4.1233187646871575E-02 a        42     0     3     1     2
  9.9909218690519913E-02 a        43     0     3     1     3
 -1.8538937154912669E-01 a        44     0     3     1     4
  1.0026409471448956E-01 a        45     0     3     1     5
 -8.6617449557350470E-04 a        46     0     3     1     6
  2.1624680653590654E-02 a        47     0     3     1     7
 -2.6329326396674423E-02 a        48     0     3     1     8
 -4.0294408683211040E-02 a        49     0     3     1     9
  4.4783942111272547E-02 a        50     0     3     1    10
 -1.7428962280274241E-01 a        51     0     3     1    11
  1.2970001880059132E-01 a        52     0     3     1    12
  8.1641463167873601E-02 a        53     0     3     1    13
  6.4841212562343944E-02 a        54     0     3     1    14
 -1.1407160048548902E-01 a        55     0     3     1    15
  2.1554569633282597E-01 a        56     0     3     1    16
  1.7710210648824073E-01 a        57     0     3     1    17
 -1.0718142554447803E-01 a        58     0     3     1    18
  2.4344322678254254E-01 a        59     0     3     1    19
  2.0999456219953885E-02 a        60     0     3     1    20
 -5.3106243417783439E-01 a        61     0     4     1     1
  1.0744189563061304E-01 a        62     0     4     1     2
 -2.9694175618921953E-01 a        63     0     4     1     3
 -3.4925449232747219E-01 a        64     0     4     1     4
 -3.6123369391938831E-01 a        65     0     4     1     5
  1.2470231716741906E-01 a        66     0     4     1     6
 -1.0869193384438350E-01 a        67     0     4     1     7
 -9.0072064182546752E-01 a        68     0     4     1     8
  3.4825847072639748E-01 a        69     0     4     1     9
 -8.5247558085614428E-01 a        70     0     4     1    10
  1.4576087494544497E-02 a        71     0     4     1    11
 -2.8335914497271741E-01 a        72     0     4     1    12
 -4.2992337624127819E-01 a        73     0     4     1    13
 -3.1436696027699523E-01 a        74     0     4     1    14
 -1.6053731281446512E-01 a        75     0     4     1    15
  1.3881608506586507E-01 a        76     0     4     1    16
  3.9820249575217181E-01 a        77     0     4     1    17
 -1.5517817039655563E-01 a        78     0     4     1    18
 -2.3572317810383378E-01 a        79     0     4     1    19
  6.8261580596003416E-02 a        80     0     4     1    20
  2.1556874479186344E-01 a        81     0     5     1     1
  1.8271916724347911E-02 a        82     0     5     1     2
 -9.7702455056116036E-02 a        83     0     5     1     3
  1.1034771748407490E-01 a        84     0     5     1     4
 -1.6416606715300669E-01 a        85     0     5     1     5
  2.3211933607014634E-02 a        86     0     5     1     6
  7.4682093783574294E-02 a        87     0     5     1     7
  1.3334488635688158E-01 a        88     0     5     1     8
 -6.5383835615598074E-02 a        89     0     5     1     9
  4.0618835760364186E-01 a        90     0     5     1    10
 -6.1466266894095421E-02 a        91     0     5     1    11
  1.6333921276143920E-01 a        92     0     5     1    12
  2.2626902752110120E-01 a        93     0     5     1    13
 -2.9390981732758437E-01 a        94     0     5     1    14
  2.2749007648601977E-01 a        95     0     5     1    15
 -1.2690619612830004E-01 a        96     0     5     1    16
  2.7645898725661566E-01 a        97     0     5     1    17
 -3.9186749227096551E-01 a        98     0     5     1    18
  2.6851829311985842E-01 a        99     0     5     1    19
 -4.3054907069553817E-02 a       100     0     5     1    20
  1.4673359362106708E-01 a       101     0     6     1     1
 -2.9723443655909825E-02 a       102     0     6     1     2
 -2.0797981062287052E-01 a       103     0     6     1     3
  1.2995504421987794E-01 a       104     0     6     1     4
 -2.1451554470401496E-01 a       105     0     6     1     5
 -8.8147865977153683E-02 a       106     0     6     1     6
 -1.5541795865319766E-02 a       107     0     6     1     7
 -1.0773643936685025E-01 a       108     0     6     1     8
 -1.8348826383226155E-01 a       109     0     6     1     9
 -3.3656173723428923E-01 a       110     0     6     1    10
 -2.0356843230232936E-02 a       111     0     6     1    11
 -1.9180346459211677E-02 a       112     0     6     1    12
 -1.9247313257848792E-01 a       113     0     6     1    13
  1.5369858978098550E-01 a       114     0     6     1    14
  3.8095290111351918E-02 a       115     0     6     1    15
 -2.3511431620182935E-01 a       116     0     6     1    16
 -1.5521269123740844E-01 a       117     0     6     1    17
  2.5057440075660770E-01 a       118     0     6     1    18
 -5.9335465304435203E-02 a       119     0     6     1    19
  4.7455688555774367E-02 a       120     0     6     1    20
  4.2800522641855077E-01 a       121     0     7     1     1
 -1.2472290892580473E-01 a       122     0     7     1     2
  2.0269289752259589E-01 a       123     0     7     1     3
 -7.1401283419424852E-02 a       124     0     7     1     4
  4.1324310392810587E-01 a       125     0     7     1     5
  1.5695173162979895E-01 a       126     0     7     1     6
  8.4308421382819632E-01 a       127     0     7     1     7
  8.5357392878846849E-01 a       128     0     7     1     8
 -1.4262282809641857E-01 a       129     0     7     1     9
  2.9247822932760192E-01 a       130     0     7     1    10
  3.9414500159868204E-01 a       131     0     7     1    11
 -3.2608336834628521E-02 a       132     0     7     1    12
  4.5323167327100386E-02 a       133     0     7     1    13
 -3.3366664319245432E-01 a       134     0     7     1    14
 -3.6833706388207588E-01 a       135     0     7     1    15
 -3.1147287045309652E-01 a       136     0     7     1    16
 -8.4231827689772346E-02 a       137     0     7     1    17
 -6.7536725933333885E-01 a       138     0     7     1    18
  6.2176586708697124E-01 a       139     0     7     1    19
  3.3074245312470141E-01 a       140     0     7     1    20
 -4.8054080046203318E-02 a       141     0     8     1     1
 -3.7080485870315531E-02 a       142     0     8     1     2
 -9.0258427907294561E-02 a       143     0     8     1     3
  2.6050462209316072E-01 a       144     0     8     1     4
  1.8228262028365683E-01 a       145     0     8     1     5
 -2.8474397995344747E-01 a       146     0     8     1     6
 -1.4875465390676906E-01 a       147     0     8     1     7
 -1.3527600053492136E-01 a       148     0     8     1     8
 -1.2759896668778775E-01 a       149     0     8     1     9
  3.5205972166933625E-01 a       150     0     8     1    10
  8.3473903207883990E-02 a       151     0     8     1    11
 -2.1138879134208716E-01 a       152     0     8     1    12
  9.9354573133158902E-02 a       153     0     8     1    13
 -1.5675833582469537E-01 a       154     0     8     1    14
  8.9454515660610731E-02 a       155     0     8     1    15
  2.6757038441882269E-01 a       156     0     8     1    16
 -3.4732651907164358E-01 a       157     0     8     1    17
  1.8160112192554690E-02 a       158     0     8     1    18
 -4.3228471360358839E-01 a       159     0     8     1    19
  3.4654496214353854E-02 a       160     0     8     1    20
  2.6847783985717200E-01 a       161     0     9     1     1
 -1.6941577926366175E-01 a       162     0     9     1     2
 -9.9733040702759488E-03 a       163     0     9     1     3
 -1.6795696051784573E-01 a       164     0     9     1     4
  3.9626352551292363E-02 a       165     0     9     1     5
 -1.9154386500837503E-01 a       166     0     9     1     6
  1.2056318237861186E-02 a       167     0     9     1     7
  1.9544948375487925E-02 a       168     0     9     1     8
  2.9072252252801284E-01 a       169     0     9     1     9
  1.3269655662440019E-01 a       170     0     9     1    10
 -1.1347092040158889E-01 a       171     0     9     1    11
  6.1339730174866117E-02 a       172     0     9     1    12
 -6.6612660593672005E-02 a       173     0     9     1    13
 -2.2883315206072097E-01 a       174     0     9     1    14
 -2.0927070891526933E-01 a       175     0     9     1    15
  1.0409295476516937E-01 a       176     0     9     1    16
  1.4598679087983563E-01 a       177     0     9     1    17
 -2.5458268994117578E-01 a       178     0     9     1    18
 -6.6042130751589198E-02 a       179     0     9     1    19
  2.1517821896698000E-01 a       180     0     9     1    20
 -2.5222124817480901E-01 a       181     0    10     1     1
  4.1587410014835008E-01 a       182     0    10     1     2
 -2.7848254450458715E-01 a       183     0    10     1     3
 -1.5179501281711841E-01 a       184     0    10     1     4
  5.8082210523933586E-01 a       185     0    10     1     5
  3.0062448282340692E-01 a       186     0    10     1     6
  1.2497715522275331E-01 a       187     0    10     1     7
 -1.0722486429147078E+00 a       188     0    10     1     8
 -8.7169037777829486E-02 a       189     0    10     1     9
 -7.1880379298944108E-01 a       190     0    10     1    10
 -3.9581220309900872E-01 a       191     0    10     1    11
  1.9510644568217592E-01 a       192     0    10     1    12
 -1.8600647266503995E-01 a       193     0    10     1    13
 -2.0203021658100684E-01 a       194     0    10     1    14
 -1.4693330117723663E-01 a       195     0    10     1    15
  1.0845368444959951E-01 a       196     0    10     1    16
  1.6402463701072087E-01 a       197     0    10     1    17
 -1.3843306915255613E-01 a       198     0    10     1    18
 -1.8854277568101852E-01 a       199     0    10     1    19
 -1.7640753600868506E-01 a       200     0    10     1    20
  1.5332540487124294E-01 a       201     0    11     1     1
  2.3401037902893262E-01 a       202     0    11     1     2
  7.6514504496397087E-02 a       203     0    11     1     3
  2.9612811007677736E-01 a       204     0    11     1     4
  6.7000070429781801E-03 a       205     0    11     1     5
 -4.0419443290859641E-01 a       206     0    11     1     6
 -5.5476596400293413E-02 a       207     0    11     1     7
 -5.3758035475869770E-02 a       208     0    11     1     8
  8.8154084803892294E-02 a       209     0    11     1     9
 -1.2555453882541090E-01 a       210     0    11     1    10
 -3.2257213855199134E-02 a       211     0    11     1    11
 -1.5196206697931114E-01 a       212     0    11     1    12
 -1.4443522308324627E-01 a       213     0    11     1    13
  3.5178274033249768E-01 a       214     0    11     1    14
 -5.0954494619093196E-02 a       215     0    11     1    15
  3.8398753196630858E-01 a       216     0    11     1    16
 -3.6269854047926825E-01 a       217     0    11     1    17
  1.6474502948718642E-01 a       218     0    11     1    18
 -1.6689446092294818E-01 a       219     0    11     1    19
  2.2441325854834338E-01 a       220     0    11     1    20
 -2.6379418816175132E-01 a       221     0    12     1     1
  1.6493823872846095E-01 a       222     0    12     1     2
 -2.3195215136255737E-01 a       223     0    12     1     3
  3.9458659358913926E-02 a       224     0    12     1     4
  1.5919178467528042E-01 a       225     0    12     1     5
 -2.0730039110828699E-01 a       226     0    12     1     6
 -4.4720181293121573E-02 a       227     0    12     1     7
 -3.9161459560883669E-02 a       228     0    12     1     8
 -1.6242288896797458E-01 a       229     0    12     1     9
 -2.0536770666438217E-01 a       230     0    12     1    10
 -2.7761184976747200E-01 a       231     0    12     1    11
 -4.2406966546973721E-02 a       232     0    12     1    12
  1.2601399287388176E-01 a       233     0    12     1    13
  8.4464515271878107E-02 a       234     0    12     1    14
 -3.5456569580033695E-02 a       235     0    12     1    15
  2.1653371656496967E-01 a       236     0    12     1    16
  3.3445071472016352E-01 a       237     0    12     1    17
 -1.0606863901126451E-01 a       238     0    12     1    18
 -1.6740961006385585E-01 a       239     0    12     1    19
  2.0625647146158221E-02 a       240     0    12     1    20
  8.5535358524079022E-03 a       241     0    13     1     1
 -1.9094631317900312E-01 a       242     0    13     1     2
 -5.6326096337651482E-03 a       243     0    13     1     3
 -2.4131976348995174E-01 a       244     0    13     1     4
  2.1968650445570734E-01 a       245     0    13     1     5
  2.3422135442214931E-01 a       246     0    13     1     6
  1.0061759155656048E-01 a       247     0    13     1     7
  8.7657174454850362E-01 a       248     0    13     1     8
  1.5694106071882374E-01 a       249     0    13     1     9
 -1.0089849704020916E-02 a       250     0    13     1    10
 -1.2647079498087832E-01 a       251     0    13     1    11
 -2.9496804022854745E-01 a       252     0    13     1    12
  6.0862849797805409E-02 a       253     0    13     1    13
  1.9341239539214239E-03 a       254     0    13     1    14
 -9.9269199213484843E-02 a       255     0    13     1    15
 -1.8742405168430910E-03 a       256     0    13     1    16
 -2.4521530076845574E-01 a       257     0    13     1    17
 -3.5113579308931986E-01 a       258     0    13     1    18
  1.1590545803120032E-01 a       259     0    13     1    19
 -1.4840206249009064E-01 a       260     0    13     1    20
 -3.7252433016829833E-01 a       261     0    14     1     1
 -1.9575613723192170E-01 a       262     0    14     1     2
 -2.7272558443314404E-01 a       263     0    14     1     3
 -6.7937953467426246E-02 a       264     0    14     1     4
 -2.7104989689050024E-01 a       265     0    14     1     5
  1.5254444361029346E-01 a       266     0    14     1     6
 -1.8742873168976604E-01 a       267     0    14     1     7
 -1.1639886352024059E-01 a       268     0    14     1     8
 -2.0214711123198414E-01 a       269     0    14     1     9
  4.3678871656757895E-01 a       270     0    14     1    10
 -1.4164935398878559E-01 a       271     0    14     1    11
  1.5819499089027247E-01 a       272     0    14     1    12
  7.7711002428704892E-02 a       273     0    14     1    13
  2.9230843034055237E-01 a       274     0    14     1    14
  1.7341030602550656E-01 a       275     0    14     1    15
 -3.1729876693270778E-02 a       276     0    14     1    16
  1.5234106200168185E-01 a       277     0    14     1    17
  8.5242340301113870E-02 a       278     0    14     1    18
  3.0490311245719348E-01 a       279     0    14     1    19
 -2.3010322649655726E-01 a       280     0    14     1    20
  1.5876996070199290E-01 a       281     0    15     1     1
 -3.4102927724424074E-02 a       282     0    15     1     2
  5.1186144387951826E-02 a       283     0    15     1     3
 -1.4317692481142777E-01 a       284     0    15     1     4
  1.7060919291768231E-01 a       285     0    15     1     5
  1.3611083247879077E-01 a       286     0    15     1     6
  1.5462242089730416E-01 a       287     0    15     1     7
 -3.6972878055290072E-02 a       288     0    15     1     8
  3.1619558623728852E-02 a       289     0    15     1     9
 -1.5772550772652572E-01 a       290     0    15     1    10
 -3.0159052728832663E-02 a       291     0    15     1    11
 -2.1178589772400240E-03 a       292     0    15     1    12
  1.5124107356822110E-02 a       293     0    15     1    13
 -4.0135722635956640E-02 a       294     0    15     1    14
 -1.1883648451813723E-01 a       295     0    15     1    15
 -4.9779546208509960E-02 a       296     0    15     1    16
 -2.1183623721251151E-02 a       297     0    15     1    17
 -2.6095656917855620E-01 a       298     0    15     1    18
  1.4165218963737003E-01 a       299     0    15     1    19
  5.1080630866582495E-02 a       300     0    15     1    20
  1.9192188116385525E-01 a       301     0    16     1     1
  1.0167164477110519E-01 a       302     0    16     1     2
  1.0758824754977504E-01 a       303     0    16     1     3
  4.9909366048838638E-02 a       304     0    16     1     4
  2.0370582343007632E-01 a       305     0    16     1     5
  4.7796960288612536E-02 a       306     0    16     1     6
  3.8786063061072690E-01 a       307     0    16     1     7
 -7.6376463071706369E-01 a       308     0    16     1     8
  1.9991585872914530E-01 a       309     0    16     1     9
 -3.1114778481786370E-01 a       310     0    16     1    10
  2.5715378445854248E-01 a       311     0    16     1    11
 -2.4611494810026807E-02 a       312     0    16     1    12
 -2.9208748035036691E-01 a       313     0    16     1    13
 -2.3242893055913680E-01 a       314     0    16     1    14
 -1.1767238183095820E-01 a       315     0    16     1    15
  2.5503690719688454E-01 a       316     0    16     1    16
  4.6058780277586892E-01 a       317     0    16     1    17
 -4.2077445551582715E-01 a       318     0    16     1    18
 -2.4102448764260037E-01 a       319     0    16     1    19
  3.1781314942489491E-01 a       320     0    16     1    20
 -1.8142444705963809E-01 a       321     0    17     1     1
  1.6029364342053659E-01 a       322     0    17     1     2
  5.1402321465958932E-02 a       323     0    17     1     3
  1.9487256005599818E-01 a       324     0    17     1     4
 -6.2638333662674003E-02 a       325     0    17     1     5
 -1.8088335238594794E-01 a       326     0    17     1     6
 -2.7831989368556748E-01 a       327     0    17     1     7
  4.6281755037958561E-02 a       328     0    17     1     8
 -2.6871639906019651E-01 a       329     0    17     1     9
  5.9686484094348104E-02 a       330     0    17     1    10
 -3.9908118298334516E-01 a       331     0    17     1    11
  1.4680136449003164E-01 a       332     0    17     1    12
 -3.6445483849133702E-02 a       333     0    17     1    13
 -6.8764069876623146E-02 a       334     0    17     1    14
  7.4883765288430354E-02 a       335     0    17     1    15
 -2.4158004983949047E-01 a       336     0    17     1    16
 -2.3012479153569071E-01 a       337     0    17     1    17
  4.2507997788434054E-01 a       338     0    17     1    18
  7.9541047019767233E-02 a       339     0    17     1    19
 -1.0080009978284060E-01 a       340     0    17     1    20
 -4.9325581709778250E-02 a       341     0    18     1     1
 -4.2793902282587414E-02 a       342     0    18     1     2
  6.6773956972342730E-02 a       343     0    18     1     3
  2.0456072503164942E-02 a       344     0    18     1     4
  1.5987326356829049E-01 a       345     0    18     1     5
  3.5435917729088391E-02 a       346     0    18     1     6
  2.6255670682730638E-02 a       347     0    18     1     7
 -6.0987980145097341E-02 a       348     0    18     1     8
  6.5040443131222508E-02 a       349     0    18     1     9
 -6.0375421701306692E-02 a       350     0    18     1    10
  1.7530429438722642E-01 a       351     0    18     1    11
  7.3838689820996386E-03 a       352     0    18     1    12
  5.4283432480598685E-02 a       353     0    18     1    13
 -6.6111167984005986E-02 a       354     0    18     1    14
 -6.3297723782054824E-02 a       355     0    18     1    15
  1.9250668334964963E-01 a       356     0    18     1    16
  1.7433536015211173E-01 a       357     0    18     1    17
 -1.1275396850300387E-01 a       358     0    18     1    18
 -2.6339741663593323E-02 a       359     0    18     1    19
  4.3459650132971227E-02 a       360     0    18     1    20
  8.5023689268685740E-02 a       361     0    19     1     1
 -1.3144227423768309E-01 a       362     0    19     1     2
  4.7958700535112975E-02 a       363     0    19     1     3
  1.1378065654046811E-02 a       364     0    19     1     4
  5.9793974108341565E-02 a       365     0    19     1     5
 -1.9344191257199606E-01 a       366     0    19     1     6
 -1.9868296818759418E-01 a       367     0    19     1     7
  4.1119311018163712E-01 a       368     0    19     1     8
  1.4490533998155805E-01 a       369     0    19     1     9
 -1.1121063336728641E-01 a       370     0    19     1    10
  2.1045996724700305E-01 a       371     0    19     1    11
  1.3707890411400228E-01 a       372     0    19     1    12
  3.7321286476255860E-01 a       373     0    19     1    13
  1.4756436886581192E-01 a       374     0    19     1    14
 -5.7755773646905616E-02 a       375     0    19     1    15
 -1.1636401849106129E-02 a       376     0    19     1    16
 -3.4260840494981276E-01 a       377     0    19     1    17
 -2.1946119896324334E-01 a       378     0    19     1    18
  2.1699558042405993E-02 a       379     0    19     1    19
  5.1552838667503535E-02 a       380     0    19     1    20
 -5.2970774344008306E-02 a       381     0    20     1     1
 -2.4755945313912616E-02 a       382     0    20     1     2
 -1.6762633934125096E-01 a       383     0    20     1     3
 -7.9382000859651802E-02 a       384     0    20     1     4
 -2.1908498943576304E-01 a       385     0    20     1     5
  1.4546096607511785E-01 a       386     0    20     1     6
  2.0543684484488931E-02 a       387     0    20     1     7
 -4.3807410787077977E-02 a       388     0    20     1     8
 -3.2922341288104312E-02 a       389     0    20     1     9
  1.9268678383379764E-01 a       390     0    20     1    10
 -5.8816004894798331E-02 a       391     0    20     1    11
  1.8950342818210035E-03 a       392     0    20     1    12
 -5.6522913477593029E-02 a       393     0    20     1    13
  9.6232494291624268E-02 a       394     0    20     1    14
  7.4352424089350902E-02 a       395     0    20     1    15
 -1.8102693768425715E-02 a       396     0    20     1    16
  4.7211343825616522E-02 a       397     0    20     1    17
  2.7616968679387638E-01 a       398     0    20     1    18
  1.1975600663431502E-01 a       399     0    20     1    19
 -4.1264450584300338E-04 a       400     0    20     1    20
 -2.1058240177215585E-02 a       401     0    21     1     1
  1.0153060668726710E-01 a       402     0    21     1     2
  7.2916261343641361E-02 a       403     0    21     1     3
 -1.1055516510361560E-01 a       404     0    21     1     4
  1.2532659609815006E-01 a       405     0    21     1     5
 -1.5097212958896736E-01 a       406     0    21     1     6
 -3.3035084029414095E-03 a       407     0    21     1     7
  1.0725994395225658E-01 a       408     0    21     1     8
 -7.1844028179532992E-03 a       409     0    21     1     9
 -1.0024383676220398E-01 a       410     0    21     1    10
  4.4499441028255779E-03 a       411     0    21     1    11
  5.8634801153328649E-02 a       412     0    21     1    12
 -7.5899041073786935E-02 a       413     0    21     1    13
  1.0775539691922145E-01 a       414     0    21     1    14
  7.4156130878045373E-02 a       415     0    21     1    15
 -1.7303379516224668E-01 a       416     0    21     1    16
 -3.1830982231654623E-03 a       417     0    21     1    17
 -2.5300652473388080E-01 a       418     0    21     1    18
  1.1029065067048713E-01 a       419     0    21     1    19
  8.8920810348246282E-02 a       420     0    21     1    20
  1.1704441205732023E-02 a       421     0    22     1     1
  1.7494437227628501E-02 a       422     0    22     1     2
 -5.0964404753329230E-02 a       423     0    22     1     3
  3.7799193181492249E-03 a       424     0    22     1     4
 -4.8288245111949853E-02 a       425     0    22     1     5
 -1.7315241251664813E-02 a       426     0    22     1     6
  2.3320991842405298E-01 a       427     0    22     1     7
 -2.6682530955737360E-01 a       428     0    22     1     8
  1.0105988107777011E-02 a       429     0    22     1     9
  7.3685834684758589E-02 a       430     0    22     1    10
  2.5826974359692240E-01 a       431     0    22     1    11
 -2.6392901357494852E-01 a       432     0    22     1    12
 -3.4778296649685797E-01 a       433     0    22     1    13
  5.4675744551924456E-02 a       434     0    22     1    14
 -1.0199559626984914E-02 a       435     0    22     1    15
  3.0439752563655520E-01 a       436     0    22     1    16
  2.9900890961134707E-01 a       437     0    22     1    17
 -3.1159122860590044E-01 a       438     0    22     1    18
 -2.1983645919911710E-01 a       439     0    22     1    19
 -2.7496607817612647E-02 a       440     0    22     1    20
 -1.2634188773663510E-01 a       441     0    23     1     1
  1.1487729206847838E-01 a       442     0    23     1     2
 -1.0480566624451815E-01 a       443     0    23     1     3
 -9.7033681469206420E-02 a       444     0    23     1     4
 -9.5697949495639117E-02 a       445     0    23     1     5
 -7.9424597920685042E-02 a       446     0    23     1     6
 -2.3028926203474265E-01 a       447     0    23     1     7
 -9.6110613281616880E-02 a       448     0    23     1     8
 -2.5461864403050499E-01 a       449     0    23     1     9
  1.2600901221361435E-01 a       450     0    23     1    10
 -2.8878910600439089E-01 a       451     0    23     1    11
  1.5408391001424401E-01 a       452     0    23     1    12
  1.1339801881497288E-01 a       453     0    23     1    13
 -1.5636653076640245E-01 a       454     0    23     1    14
  4.1784737948671949E-02 a       455     0    23     1    15
 -2.2744562833150628E-01 a       456     0    23     1    16
 -2.8497142118508517E-01 a       457     0    23     1    17
  2.9433257393430196E-01 a       458     0    23     1    18
  2.8769438989794344E-01 a       459     0    23     1    19
 -4.1400362809685072E-02 a       460     0    23     1    20
  8.6136729948009916E-02 a       461     0    24     1     1
  5.0855949323326726E-03 a       462     0    24     1     2
 -5.3951705288767790E-02 a       463     0    24     1     3
  9.0584185125787808E-02 a       464     0    24     1     4
 -2.2599031447602258E-01 a       465     0    24     1     5
  1.5109259301485925E-01 a       466     0    24     1     6
  1.1234860883067170E-01 a       467     0    24     1     7
 -1.5418419525335356E-01 a       468     0    24     1     8
  1.4530512324939551E-01 a       469     0    24     1     9
  1.7183071580072894E-02 a       470     0    24     1    10
  3.4746465160455486E-02 a       471     0    24     1    11
 -1.2563196326889761E-01 a       472     0    24     1    12
  1.2525103083073125E-01 a       473     0    24     1    13
 -3.5642616960572554E-02 a       474     0    24     1    14
 -8.2460889220775560E-02 a       475     0    24     1    15
  2.0393075758686419E-01 a       476     0    24     1    16
 -5.3424474667228820E-02 a       477     0    24     1    17
  1.3088696516240195E-01 a       478     0    24     1    18
 -1.1394930775146345E-01 a       479     0    24     1    19
 -1.6622468373187538E-01 a       480     0    24     1    20
  1.6201496245986080E-01 a       481     0    25     1     1
 -8.9224346449293668E-02 a       482     0    25     1     2
  2.1553363729995326E-01 a       483     0    25     1     3
 -4.2971018456430228E-03 a       484     0    25     1     4
 -8.6737571283893852E-02 a       485     0    25     1     5
 -3.9996251567190895E-02 a       486     0    25     1     6
 -8.9801934951088038E-03 a       487     0    25     1     7
  1.9260309855743452E-01 a       488     0    25     1     8
  1.8191593593253122E-01 a       489     0    25     1     9
 -3.4177439545708105E-01 a       490     0    25     1    10
 -1.2255570764176608E-01 a       491     0    25     1    11
  1.7202524252568563E-01 a       492     0    25     1    12
  6.8469085822495834E-02 a       493     0    25     1    13
 -3.7714975138751251E-02 a       494     0    25     1    14
 -4.8275755974857712E-02 a       495     0    25     1    15
 -2.2558533082086993E-01 a       496     0    25     1    16
 -7.7813948902909491E-02 a       497     0    25     1    17
  3.2427524678266553E-02 a       498     0    25     1    18
  2.9290751451314993E-02 a       499     0    25     1    19
 -6.0493871158389105E-02 a       500     0    25     1    20
 -3.8270151670013734E-02 a       501     0    26     1     1
  2.1726061661957122E-02 a       502     0    26     1     2
 -1.3731409342584261E-02 a       503     0    26     1     3
  3.0436643750444331E-02 a       504     0    26     1     4
  2.6162064533942814E-01 a       505     0    26     1     5
  1.7161800346477624E-01 a       506     0    26     1     6
  8.8703488174686457E-02 a       507     0    26     1     7
 -2.8838841226383419E-03 a       508     0    26     1     8
 -6.2388142492121233E-02 a       509     0    26     1     9
  5.7714294223261853E-02 a       510     0    26     1    10
  1.2678368554539843E-01 a       511     0    26     1    11
 -7.8488450423054884E-02 a       512     0    26     1    12
  7.7782216199316884E-02 a       513     0    26     1    13
  1.1159322088896864E-01 a       514     0    26     1    14
  1.5423166166034662E-02 a       515     0    26     1    15
  1.0665268023889594E-01 a       516     0    26     1    16
  1.6410938549571175E-01 a       517     0    26     1    17
 -2.3212815587886088E-02 a       518     0    26     1    18
  2.8665076150581548E-02 a       519     0    26     1    19
 -1.2978292602708971E-01 a       520     0    26     1    20
 -3.8489586753188372E-02 a       521     0    27     1     1
 -1.5050964461808605E-01 a       522     0    27     1     2
  8.7652615265047654E-02 a       523     0    27     1     3
 -5.1629050385618318E-02 a       524     0    27     1     4
  2.1717204850439253E-01 a       525     0    27     1     5
 -1.7283505677261168E-01 a       526     0    27     1     6
 -7.0099600928491906E-02 a       527     0    27     1     7
  8.3916717562377563E-02 a       528     0    27     1     8
 -1.1038953015700931E-01 a       529     0    27     1     9
 -1.3189740113280611E-02 a       530     0    27     1    10
 -3.1328583221082295E-03 a       531     0    27     1    11
  1.4494129095492472E-01 a       532     0    27     1    12
 -1.0858666890763866E-01 a       533     0    27     1    13
 -6.9438683354446376E-02 a       534     0    27     1    14
  2.3018079615517682E-03 a       535     0    27     1    15
 -1.5295464025981206E-01 a       536     0    27     1    16
  7.3547710973225128E-02 a       537     0    27     1    17
 -2.9082354610695521E-01 a       538     0    27     1    18
  8.1503277555211612E-02 a       539     0    27     1    19
  1.8200257157244376E-01 a       540     0    27     1    20
 -4.4168187487680123E-02 a       541     0    28     1     1
  1.2885533738030853E-02 a       542     0    28     1     2
 -6.0837298800495147E-02 a       543     0    28     1     3
  1.1325977188740578E-01 a       544     0    28     1     4
 -3.2942512417257985E-02 a       545     0    28     1     5
  2.1012566296232307E-01 a       546     0    28     1     6
  1.0514672833576931E-01 a       547     0    28     1     7
 -4.4008618212022503E-02 a       548     0    28     1     8
  4.1922813404820888E-02 a       549     0    28     1     9
  5.7771376243584839E-02 a       550     0    28     1    10
 -8.2171951962439968E-02 a       551     0    28     1    11
 -1.4371778021890194E-01 a       552     0    28     1    12
 -6.0016127842451609E-03 a       553     0    28     1    13
 -9.1690552611745219E-02 a       554     0    28     1    14
 -1.1503342147310356E-02 a       555     0    28     1    15
  1.3340344344249563E-01 a       556     0    28     1    16
  9.6562663488919023E-02 a       557     0    28     1    17
  4.3037675269357424E-03 a       558     0    28     1    18
 -9.5541921998758342E-02 a       559     0    28     1    19
  1.1883836034085424E-02 a       560     0    28     1    20
 -4.6626387503690164E-02 a       561     0    29     1     1
 -2.1267293058553679E-02 a       562     0    29     1     2
 -2.2997020110318896E-02 a       563     0    29     1     3
 -7.6937658170307024E-02 a       564     0    29     1     4
 -1.2643907743100721E-01 a       565     0    29     1     5
 -1.6589387002030179E-01 a       566     0    29     1     6
 -1.4409682106913871E-01 a       567     0    29     1     7
 -2.1659695175593716E-02 a       568     0    29     1     8
 -7.4515571954998805E-02 a       569     0    29     1     9
  6.8334840963600846E-02 a       570     0    29     1    10
 -1.0061406817406815E-01 a       571     0    29     1    11
  1.2883069377733780E-01 a       572     0    29     1    12
 -4.8861938308467141E-02 a       573     0    29     1    13
 -2.6793889795147838E-02 a       574     0    29     1    14
  8.5513667091554908E-04 a       575     0    29     1    15
 -1.4802392688129989E-01 a       576     0    29     1    16
 -1.2985099286997490E-01 a       577     0    29     1    17
  1.7166955904471259E-01 a       578     0    29     1    18
  8.5801713699435053E-02 a       579     0    29     1    19
  1.2109205392330850E-01 a       580     0    29     1    20
  4.2599195276787065E-02 a       581     0    30     1     1
  6.4936486880589117E-02 a       582     0    30     1     2
 -4.3744356238184311E-02 a       583     0    30     1     3
  1.5718396505426443E-02 a       584     0    30     1     4
 -4.8796910274926573E-02 a       585     0    30     1     5
 -2.1639871943911374E-02 a       586     0    30     1     6
  1.7384269816124672E-02 a       587     0    30     1     7
 -1.9908925134798017E-02 a       588     0    30     1     8
  2.0149293724354006E-02 a       589     0    30     1     9
 -4.4252853201484449E-02 a       590     0    30     1    10
  4.0704026708067491E-02 a       591     0    30     1    11
  2.9437913009957101E-02 a       592     0    30     1    12
 -3.1497466757028532E-02 a       593     0    30     1    13
  1.7963817818129010E-01 a       594     0    30     1    14
 -1.8924093774466248E-02 a       595     0    30     1    15
  6.7689489876870984E-02 a       596     0    30     1    16
 -7.4564572793136455E-02 a       597     0    30     1    17
  1.6577122895606082E-02 a       598     0    30     1    18
 -3.7367955656056838E-04 a       599     0    30     1    19
 -1.0809232346670822E-01 a       600     0    30     1    20
  3.0822552936492026E-01 a       601     0    31     1     1
 -7.6504656654205261E-01 a       602     0    31     1     2
  3.3647260859793388E-01 a       603     0    31     1     3
  5.9199020161913099E-02 a       604     0    31     1     4
  2.3698186520656087E-01 a       605     0    31     1     5
  2.9425900372548819E-01 a       606     0    31     1     6
 -3.2905551693513907E-01 a       607     0    31     1     7
 -6.7152112503906985E-02 a       608     0    31     1     8
  4.8163363102881246E-01 a       609     0    31     1     9
 -1.4776029708694072E-01 a       610     0    31     1    10
 -2.9076843362799099E-01 a       611     0    31     1    11
 -2.9064930414225471E-01 a       612     0    31     1    12
  3.7956292504926009E-01 a       613     0    31     1    13
 -2.4160204921074013E-01 a       614     0    31     1    14
  3.9842979832127307E-01 a       615     0    31     1    15
  2.6820072640036824E-01 a       616     0    31     1    16
  2.6944202100260256E-01 a       617     0    31     1    17
 -4.0735538787300674E-01 a       618     0    31     1    18
  1.3985565231538333E-01 a       619     0    31     1    19
  1.3238912052530438E-01 a       620     0    31     1    20
  1.3346462536388665E-01 a       621     0    32     1     1
  6.9078615635511575E-01 a       622     0    32     1     2
 -2.2577723784834563E-02 a       623     0    32     1     3
  7.4372057889052934E-02 a       624     0    32     1     4
 -1.4980971474366125E-02 a       625     0    32     1     5
 -6.4778666619748473E-02 a       626     0    32     1     6
  6.3280016453872309E-02 a       627     0    32     1     7
  3.1331469333456852E-01 a       628     0    32     1     8
 -3.5515374518166898E-01 a       629     0    32     1     9
  2.7670131228995898E-01 a       630     0    32     1    10
 -4.6627251000513181E-02 a       631     0    32     1    11
  1.4089874214326897E-01 a       632     0    32     1    12
  1.0944046247583385E-01 a       633     0    32     1    13
 -1.0976768401427603E-01 a       634     0    32     1    14
 -2.8624332770956534E-01 a       635     0    32     1    15
  1.1953671520780731E-01 a       636     0    32     1    16
 -1.7523474540552356E-01 a       637     0    32     1    17
  1.2548972982524192E-02 a       638     0    32     1    18
  3.8603638726793475E-02 a       639     0    32     1    19
 -2.7128680062714144E-01 a       640     0    32     1    20
 -2.9765516931935531E-02 a       641     0    33     1     1
 -2.5432905898737140E-01 a       642     0    33     1     2
 -1.6276863163972116E-01 a       643     0    33     1     3
  1.4419158742178659E-01 a       644     0    33     1     4
 -7.1924637188485144E-02 a       645     0    33     1     5
  9.0278442950054771E-02 a       646     0    33     1     6
  6.7862129986453273E-02 a       647     0    33     1     7
 -1.2338300489956718E-01 a       648     0    33     1     8
 -1.2020221853408787E-01 a       649     0    33     1     9
  1.4618734435328554E-01 a       650     0    33     1    10
  3.5567957119191052E-01 a       651     0    33     1    11
 -2.8121451576316285E-02 a       652     0    33     1    12
 -5.4114440537711889E-02 a       653     0    33     1    13
  2.7771265374993614E-01 a       654     0    33     1    14
 -1.0104073554630255E-01 a       655     0    33     1    15
  2.7607405971853893E-01 a       656     0    33     1    16
 -5.9560666806198759E-02 a       657     0    33     1    17
 -2.3761905510932751E-01 a       658     0    33     1    18
  2.0404552589440125E-01 a       659     0    33     1    19
 -1.4734518232782606E-01 a       660     0    33     1    20
 -3.5241561680153133E-02 a       661     0    34     1     1
 -3.0192005027266755E-01 a       662     0    34     1     2
 -1.5051703356988591E-01 a       663     0    34     1     3
  6.3065441118291252E-02 a       664     0    34     1     4
  2.2156334067102224E-01 a       665     0    34     1     5
  2.1873064341785109E-01 a       666     0    34     1     6
 -1.4060402281038428E-01 a       667     0    34     1     7
  5.6020357250556700E-03 a       668     0    34     1     8
  9.5305854005604457E-02 a       669     0    34     1     9
 -1.4638643290372996E-01 a       670     0    34     1    10
 -1.3544203374804527E-02 a       671     0    34     1    11
  2.2424721669173289E-01 a       672     0    34     1    12
  8.3035027422526247E-02 a       673     0    34     1    13
  9.2042152529012211E-02 a       674     0    34     1    14
  1.7070874106578343E-01 a       675     0    34     1    15
 -1.1280642464664667E-01 a       676     0    34     1    16
  2.3475309511618916E-01 a       677     0    34     1    17
  9.8962422614432721E-02 a       678     0    34     1    18
 -1.6379037209453703E-01 a       679     0    34     1    19
 -1.9258677233957855E-01 a       680     0    34     1    20
  1.0413669347151081E-01 a       681     0    35     1     1
  1.0456632449102246E-01 a       682     0    35     1     2
  1.4557391939938236E-01 a       683     0    35     1     3
 -1.1274223110592621E-01 a       684     0    35     1     4
  1.2090589169383750E-01 a       685     0    35     1     5
  2.7980747667160738E-01 a       686     0    35     1     6
  1.7623906326868582E-01 a       687     0    35     1     7
  1.5760693411615337E-01 a       688     0    35     1     8
 -8.1936364983320548E-02 a       689     0    35     1     9
 -5.1073972160951409E-01 a       690     0    35     1    10
  1.6798988734176140E-01 a       691     0    35     1    11
 -5.9379164221458502E-02 a       692     0    35     1    12
  6.6143624579444199E-02 a       693     0    35     1    13
 -1.5677884507680520E-01 a       694     0    35     1    14
  7.5939569327433482E-02 a       695     0    35     1    15
  1.4144122545028190E-01 a       696     0    35     1    16
 -1.4493219872218511E-02 a       697     0    35     1    17
  2.4201274730069128E-01 a       698     0    35     1    18
  2.3774013844435563E-01 a       699     0    35     1    19
  1.0164111026150120E-01 a       700     0    35     1    20
  2.0927883108468440E-01 a       701     0    36     1     1
 -1.9918872812040478E-01 a       702     0    36     1     2
 -8.0457161463382498E-02 a       703     0    36     1     3
  6.2052434379061730E-02 a       704     0    36     1     4
 -5.3301074660177722E-02 a       705     0    36     1     5
 -1.9665257203747669E-01 a       706     0    36     1     6
  1.7527933280463817E-01 a       707     0    36     1     7
 -1.4136972406206760E-01 a       708     0    36     1     8
  4.0843326345232113E-02 a       709     0    36     1     9
  1.0295204901164856E-01 a       710     0    36     1    10
  2.1644239060540655E-03 a       711     0    36     1    11
 -2.4466569766873175E-01 a       712     0    36     1    12
 -2.3674104835006510E-01 a       713     0    36     1    13
 -4.1260206197792049E-01 a       714     0    36     1    14
 -1.3050123760383148E-01 a       715     0    36     1    15
 -2.4525680162062338E-01 a       716     0    36     1    16
  6.7031884135511893E-02 a       717     0    36     1    17
  9.2841903094398645E-02 a       718     0    36     1    18
 -8.1316012555429154E-02 a       719     0    36     1    19
 -1.8376283055590754E-02 a       720     0    36     1    20
 -2.0209416052703560E-01 a       721     0    37     1     1
  1.1212687652784620E-01 a       722     0    37     1     2
  1.1785487014765736E-01 a       723     0    37     1     3
 -2.0043781590530788E-01 a       724     0    37     1     4
 -2.6634584907498804E-01 a       725     0    37     1     5
 -3.5146996630189539E-02 a       726     0    37     1     6
  2.2195564113370755E-01 a       727     0    37     1     7
 -5.1529199690239592E-02 a       728     0    37     1     8
 -5.7452381379203310E-01 a       729     0    37     1     9
 -2.8191258166649091E-01 a       730     0    37     1    10
 -7.3977592959758032E-02 a       731     0    37     1    11
 -1.0226571431686848E-01 a       732     0    37     1    12
 -3.7700907648340859E-01 a       733     0    37     1    13
 -1.1467280518671887E-02 a       734     0    37     1    14
 -3.1395927518461914E-01 a       735     0    37     1    15
  1.5946548261699345E-01 a       736     0    37     1    16
  9.4290640133562701E-03 a       737     0    37     1    17
  9.6784634525561047E-02 a       738     0    37     1    18
  1.8357251910132443E-02 a       739     0    37     1    19
 -4.4159156713001269E-01 a       740     0    37     1    20
 -4.5422968933125522E-02 a       741     0    38     1     1
 -7.9613959640783910E-02 a       742     0    38     1     2
 -4.2493069895807767E-01 a       743     0    38     1     3
  2.0193873235171958E-01 a       744     0    38     1     4
 -3.9516655579283688E-02 a       745     0    38     1     5
 -3.7719220721976460E-01 a       746     0    38     1     6
  1.4018623546301448E-01 a       747     0    38     1     7
  2.9934883401280771E-01 a       748     0    38     1     8
  4.1426068150867129E-01 a       749     0    38     1     9
 -1.5721362912730608E-01 a       750     0    38     1    10
  2.3789678219922875E-01 a       751     0    38     1    11
 -4.6327762876476747E-02 a       752     0    38     1    12
  3.5357369149166040E-01 a       753     0    38     1    13
  4.4912939893309928E-01 a       754     0    38     1    14
  7.3511118512952456E-01 a       755     0    38     1    15
 -3.2738989959933190E-01 a       756     0    38     1    16
  8.5989003300262476E-02 a       757     0    38     1    17
  9.6423625991068199E-02 a       758     0    38     1    18
 -1.7763963009726841E-01 a       759     0    38     1    19
  2.9115195579078962E-01 a       760     0    38     1    20
 -1.0871648881231351E-01 a       761     0    39     1     1
 -9.9064784754281668E-02 a       762     0    39     1     2
 -7.8872550753153567E-02 a       763     0    39     1     3
 -1.1209964123932502E-01 a       764     0    39     1     4
  2.1120725345678326E-01 a       765     0    39     1     5
  2.2640010198590912E-01 a       766     0    39     1     6
 -8.7838974479614002E-02 a       767     0    39     1     7
 -1.8913055761768943E-01 a       768     0    39     1     8
  8.0160009201528659E-02 a       769     0    39     1     9
  2.1294646988486651E-01 a       770     0    39     1    10
 -2.3883130516364925E-01 a       771     0    39     1    11
  1.4313349877621118E-01 a       772     0    39     1    12
 -1.7239172081144880E-01 a       773     0    39     1    13
 -1.1015844223696353E-02 a       774     0    39     1    14
  3.3906726177309700E-02 a       775     0    39     1    15
  1.0216749150901870E-01 a       776     0    39     1    16
 -3.8068275659967143E-01 a       777     0    39     1    17
 -3.3910435461605104E-01 a       778     0    39     1    18
  7.5924497744603317E-02 a       779     0    39     1    19
 -2.7580051112256410E-01 a       780     0    39     1    20
 -3.2294787978595391E-01 a       781     0    40     1     1
  1.3077800196335068E-01 a       782     0    40     1     2
 -5.1713111787517391E-02 a       783     0    40     1     3
  1.8089786983966652E-01 a       784     0    40     1     4
 -7.3479441248862479E-02 a       785     0    40     1     5
 -5.1024897254090963E-02 a       786     0    40     1     6
 -1.2360123310818533E-01 a       787     0    40     1     7
 -4.3858541196349421E-01 a       788     0    40     1     8
  1.0566186733015237E-01 a       789     0    40     1     9
  3.3086717466868620E-01 a       790     0    40     1    10
  1.9853696558997166E-01 a       791     0    40     1    11
 -2.6939586847757874E-01 a       792     0    40     1    12
  1.2268813708065124E-01 a       793     0    40     1    13
 -3.2037923788360739E-01 a       794     0    40     1    14
 -3.9854337775551574E-01 a       795     0    40     1    15
  5.4438241252921071E-01 a       796     0    40     1    16
 -3.9568299613529512E-01 a       797     0    40     1    17
  4.6564923021659786E-02 a       798     0    40     1    18
  2.2182930253515956E-01 a       799     0    40     1    19
 -1.0407182860188888E-01 a       800     0    40     1    20
 -2.1761796609842196E-01 a       801     0    41     1     1
  2.4935897149216908E-02 a       802     0    41     1     2
 -2.4556604310588181E-03 a       803     0    41     1     3
  1.8456340702772894E-01 a       804     0    41     1     4
 -3.9480844976677071E-01 a       805     0    41     1     5
 -3.8292108741347369E-01 a       806     0    41     1     6
 -2.9893909580633754E-01 a       807     0    41     1     7
  1.4073458331662408E-02 a       808     0    41     1     8
  1.0688020635509116E-01 a       809     0    41     1     9
  2.3871612410456819E-01 a       810     0    41     1    10
 -2.2322186827540438E-01 a       811     0    41     1    11
  1.7168230289446454E-01 a       812     0    41     1    12
  6.0534255433573230E-03 a       813     0    41     1    13
 -1.5138630921449750E-01 a       814     0    41     1    14
 -2.1048291288042226E-02 a       815     0    41     1    15
 -2.8387341180335873E-01 a       816     0    41     1    16
  3.5915972038938743E-01 a       817     0    41     1    17
  1.5793744336967244E-01 a       818     0    41     1    18
 -3.5916821107276919E-01 a       819     0    41     1    19
 -2.2448720430370745E-03 a       820     0    41     1    20
 -6.5237600367263324E-02 a       821     0    42     1     1
 -9.9498489317929970E-02 a       822     0    42     1     2
  5.3583944729912132E-02 a       823     0    42     1     3
  1.0585003489479906E-01 a       824     0    42     1     4
  3.3051869020297338E-02 a       825     0    42     1     5
 -5.8547610608503074E-02 a       826     0    42     1     6
  1.9161841679834375E-02 a       827     0    42     1     7
 -2.4406296531355235E-02 a       828     0    42     1     8
  5.2855059762719210E-02 a       829     0    42     1     9
 -1.2931775406502516E-01 a       830     0    42     1    10
  4.5197585812843472E-02 a       831     0    42     1    11
  1.8451301766776823E-01 a       832     0    42     1    12
  1.2769220911667775E-01 a       833     0    42     1    13
 -1.3996129439206924E-02 a       834     0    42     1    14
  6.0118516036864404E-02 a       835     0    42     1    15
  2.4477793141576956E-01 a       836     0    42     1    16
 -1.2540251489139936E-01 a       837     0    42     1    17
 -1.0800815187938805E-01 a       838     0    42     1    18
  2.0037199947996306E-01 a       839     0    42     1    19
  9.7578901625278800E-03 a       840     0    42     1    20
  4.8117532807675456E-01 a       841     0    43     1     1
 -2.9641736452381974E-02 a       842     0    43     1     2
  2.1914719119612491E-01 a       843     0    43     1     3
  2.1543144107117937E-01 a       844     0    43     1     4
  1.9267476595842589E-01 a       845     0    43     1     5
 -4.6235735999557415E-01 a       846     0    43     1     6
 -1.6578861072696874E-01 a       847     0    43     1     7
  9.7584530989875587E-02 a       848     0    43     1     8
 -3.4982884692441030E-01 a       849     0    43     1     9
  2.9106599593872046E-02 a       850     0    43     1    10
  3.0350101240029786E-01 a       851     0    43     1    11
 -1.1430151277747728E-01 a       852     0    43     1    12
 -1.3921204256256858E-01 a       853     0    43     1    13
  2.3032210494680275E-01 a       854     0    43     1    14
 -6.7846668179768185E-02 a       855     0    43     1    15
 -5.8131800715113702E-02 a       856     0    43     1    16
 -2.5753526320836229E-01 a       857     0    43     1    17
 -1.7419648043565272E-01 a       858     0    43     1    18
 -1.0315110035253815E-01 a       859     0    43     1    19
  1.0588212411047849E-03 a       860     0    43     1    20
 -4.3066736710062703E-01 a       861     0    44     1     1
  6.8380290800850452E-02 a       862     0    44     1     2
 -2.1487531031373830E-01 a       863     0    44     1     3
 -1.2701757893192453E-01 a       864     0    44     1     4
  6.5310503912826862E-02 a       865     0    44     1     5
 -2.5136270448395587E-01 a       866     0    44     1     6
 -7.6534155373333196E-03 a       867     0    44     1     7
  1.0619231946692748E-01 a       868     0    44     1     8
  3.9415508158809126E-01 a       869     0    44     1     9
 -1.1159588791002580E-01 a       870     0    44     1    10
 -2.5041385785068593E-01 a       871     0    44     1    11
  2.9233739903485723E-01 a       872     0    44     1    12
  5.2205525428341774E-02 a       873     0    44     1    13
  3.2254962944765075E-01 a       874     0    44     1    14
  1.1976032611285388E-01 a       875     0    44     1    15
 -2.0556943831868138E-01 a       876     0    44     1    16
  4.5469154587302957E-01 a       877     0    44     1    17
  2.6081406718889844E-01 a       878     0    44     1    18
 -7.2672699805722357E-02 a       879     0    44     1    19
 -5.5083293316671694E-02 a       880     0    44     1    20
  6.3618139076504820E-02 a       881     0    45     1     1
 -7.2764426087163228E-02 a       882     0    45     1     2
 -2.2416768911841144E-02 a       883     0    45     1     3
  6.4065148262900010E-02 a       884     0    45     1     4
  1.5237589343069516E-01 a       885     0    45     1     5
 -9.2790569351604041E-02 a       886     0    45     1     6
 -6.5505404857145136E-02 a       887     0    45     1     7
 -1.6605325539419608E-01 a       888     0    45     1     8
 -1.2427577126326823E-01 a       889     0    45     1     9
  1.9584763692336268E-01 a       890     0    45     1    10
 -3.0707085609020696E-01 a       891     0    45     1    11
 -4.1321417726189927E-02 a       892     0    45     1    12
  1.4572903835980108E-01 a       893     0    45     1    13
  6.5042504896160411E-02 a       894     0    45     1    14
 -7.4000017548266087E-02 a       895     0    45     1    15
  2.5006748815786700E-01 a       896     0    45     1    16
 -1.1926943648747503E-01 a       897     0    45     1    17
 -2.2219717366929412E-01 a       898     0    45     1    18
  1.7737339402004346E-01 a       899     0    45     1    19
 -1.6723963768933528E-01 a       900     0    45     1    20
  6.5458528473336650E-02 a       901     0    46     1     1
  3.6676211168127977E-02 a       902     0    46     1     2
  6.1660829633152461E-02 a       903     0    46     1     3
 -8.8059141960365028E-03 a       904     0    46     1     4
 -2.3753506253502010E-01 a       905     0    46     1     5
 -2.5490834424451803E-01 a       906     0    46     1     6
  2.5877872336501680E-02 a       907     0    46     1     7
 -1.3583527482157762E-01 a       908     0    46     1     8
 -1.7979279638606460E-01 a       909     0    46     1     9
  3.2596716856412656E-03 a       910     0    46     1    10
  2.2781878118649707E-01 a       911     0    46     1    11
 -9.0613382700072992E-02 a       912     0    46     1    12
 -2.8653207605382031E-01 a       913     0    46     1    13
 -1.2938019176925537E-02 a       914     0    46     1    14
 -2.3641015861252928E-02 a       915     0    46     1    15
 -8.0028371811185522E-02 a       916     0    46     1    16
 -2.5053524878834432E-01 a       917     0    46     1    17
  2.9533167818183054E-01 a       918     0    46     1    18
  1.9690655279122909E-01 a       919     0    46     1    19
 -6.1392528361224712E-03 a       920     0    46     1    20
  1.3612433645672295E-01 a       921     0    47     1     1
  2.9985507338050638E-02 a       922     0    47     1     2
 -4.8336349765434966E-02 a       923     0    47     1     3
  6.4344305552193198E-02 a       924     0    47     1     4
  5.2130134833374975E-02 a       925     0    47     1     5
 -1.7514863386580572E-02 a       926     0    47     1     6
  2.2863761611406373E-02 a       927     0    47     1     7
 -2.2967185384727605E-02 a       928     0    47     1     8
 -1.1744815454527985E-01 a       929     0    47     1     9
 -3.9041312337789000E-02 a       930     0    47     1    10
 -8.6835747455144899E-02 a       931     0    47     1    11
 -2.3930274959661761E-02 a       932     0    47     1    12
  1.0398730471928858E-01 a       933     0    47     1    13
 -1.9959051608547698E-01 a       934     0    47     1    14
  2.7351166886275119E-02 a       935     0    47     1    15
 -5.4933138905341135E-02 a       936     0    47     1    16
  1.1255761009831358E-01 a       937     0    47     1    17
  2.4281055970492883E-02 a       938     0    47     1    18
 -2.4752347207961392E-02 a       939     0    47     1    19
 -2.8169261474611673E-01 a       940     0    47     1    20
 -8.8018796769384372E-02 a       941     0    48     1     1
 -5.8029706282297526E-02 a       942     0    48     1     2
 -1.5650440542612130E-02 a       943     0    48     1     3
 -1.7585049200108362E-02 a       944     0    48     1     4
 -1.4681672639665270E-02 a       945     0    48     1     5
  1.2435973298427612E-02 a       946     0    48     1     6
  2.4435959390417830E-02 a       947     0    48     1     7
 -1.8155779658072516E-01 a       948     0    48     1     8
 -6.1241125178562748E-02 a       949     0    48     1     9
  2.1349263002830562E-01 a       950     0    48     1    10
  1.0568803061971987E-01 a       951     0    48     1    11
 -3.6544224036079029E-02 a       952     0    48     1    12
  1.5104839498808806E-01 a       953     0    48     1    13
 -1.2588454015581097E-03 a       954     0    48     1    14
 -7.0826834011972886E-02 a       955     0    48     1    15
 -5.3551043941141185E-02 a       956     0    48     1    16
 -1.3369827953856464E-01 a       957     0    48     1    17
  1.1813928322832340E-01 a       958     0    48     1    18
  1.3577203380047292E-01 a       959     0    48     1    19
  1.2313676296980047E-01 a       960     0    48     1    20
  1.5922167399082096E-01 a       961     0    49     1     1
 -1.9753517262191711E-01 a       962     0    49     1     2
  1.1603405221277803E-01 a       963     0    49     1     3
  1.6600772810264561E-01 a       964     0    49     1     4
 -3.9840204909154235E-02 a       965     0    49     1     5
 -9.9407629602079883E-02 a       966     0    49     1     6
  1.8913862645555418E-01 a       967     0    49     1     7
 -1.5095540722683762E-01 a       968     0    49     1     8
  2.9476307920351164E-01 a       969     0    49     1     9
 -2.2117099670493240E-01 a       970     0    49     1    10
 -1.0258795545013757E-01 a       971     0    49     1    11
  1.8695060999681848E-01 a       972     0    49     1    12
  1.4056472683999621E-01 a       973     0    49     1    13
 -8.6809051039993368E-02 a       974     0    49     1    14
 -1.8312100062090414E-02 a       975     0    49     1    15
  3.7288534370603615E-02 a       976     0    49     1    16
  1.8642091673570707E-01 a       977     0    49     1    17
 -3.2426707076523414E-01 a       978     0    49     1    18
  3.2577042568185943E-01 a       979     0    49     1    19
  1.7131891944287223E-01 a       980     0    49     1    20
  9.1985776217017479E-01 a       981     0    50     1     1
  9.3092839457375273E-02 a       982     0    50     1     2
  7.4245426070266340E-01 a       983     0    50     1     3
 -2.4608057685931717E-01 a       984     0    50     1     4
 -4.8694536159304225E-01 a       985     0    50     1     5
 -7.7823093064539259E-02 a       986     0    50     1     6
 -6.8364346981575475E-01 a       987     0    50     1     7
  4.2615317504736766E-01 a       988     0    50     1     8
 -4.0126800951946745E-01 a       989     0    50     1     9
  4.1288026987116500E-01 a       990     0    50     1    10
 -4.0978663736506382E-02 a       991     0    50     1    11
  2.2617940942520651E-01 a       992     0    50     1    12
 -1.2816938932262131E-01 a       993     0    50     1    13
  1.5208183456236929E-01 a       994     0    50     1    14
 -5.8358890713097425E-02 a       995     0    50     1    15
 -7.3420087705591131E-01 a       996     0    50     1    16
 -1.3418281207168950E-01 a       997     0    50     1    17
  2.5636466047159545E-01 a       998     0    50     1    18
 -2.0886288252395591E-01 a       999     0    50     1    19
  5.9804109824430123E-02 a      1000     0    50     1    20
  2.5945308174623437E-02 a      1001     0    51     1     1
  6.4683689259656937E-02 a      1002     0    51     1     2
 -7.6061275454650995E-02 a      1003     0    51     1     3
 -6.0449020025740548E-02 a      1004     0    51     1     4
 -1.5107513776172016E-01 a      1005     0    51     1     5
  8.3299634714595922E-02 a      1006     0    51     1     6
  1.1234219759526660E-01 a      1007     0    51     1     7
  4.2258308886226240E-02 a      1008     0    51     1     8
 -1.8246717869141502E-01 a      1009     0    51     1     9
 -1.9264379546916208E-01 a      1010     0    51     1    10
 -2.3865701166886297E-01 a      1011     0    51     1    11
 -9.7805833584076532E-02 a      1012     0    51     1    12
  3.4948696013803619E-02 a      1013     0    51     1    13
  2.7858494092237101E-02 a      1014     0    51     1    14
 -2.8093076944170323E-02 a      1015     0    51     1    15
  1.2122998436403526E-01 a      1016     0    51     1    16
  1.2363358440694344E-01 a      1017     0    51     1    17
  3.3969089327102742E-02 a      1018     0    51     1    18
  1.5041896075293837E-01 a      1019     0    51     1    19
 -1.3568880302900527E-01 a      1020     0    51     1    20
  1.5891836315396052E-02 a      1021     0    52     1     1
  5.6277612199982910E-02 a      1022     0    52     1     2
  7.5579346887877527E-02 a      1023     0    52     1     3
 -1.9124490809088784E-01 a      1024     0    52     1     4
  2.9662457208887943E-01 a      1025     0    52     1     5
  2.9310542249268884E-01 a      1026     0    52     1     6
  3.6623810394305956E-01 a      1027     0    52     1     7
  2.6579358718249724E-01 a      1028     0    52     1     8
 -1.6439870301162848E-01 a      1029     0    52     1     9
 -1.6509088512777179E-01 a      1030     0    52     1    10
 -1.0157120768969018E-01 a      1031     0    52     1    11
 -8.6637956798900587E-02 a      1032     0    52     1    12
 -1.2750909106984721E-02 a      1033     0    52     1    13
  4.4382421508075221E-03 a      1034     0    52     1    14
  1.5757350527947087E-01 a      1035     0    52     1    15
 -2.1874780470758207E-01 a      1036     0    52     1    16
  2.3179642634378234E-01 a      1037     0    52     1    17
  1.0015139111944027E-01 a      1038     0    52     1    18
 -6.5698332922815766E-02 a      1039     0    52     1    19
  6.5004729175881210E-02 a      1040     0    52     1    20
  3.3144643893178949E-01 a      1041     0    53     1     1
 -1.4597652284752671E-01 a      1042     0    53     1     2
  1.2334192968571880E-01 a      1043     0    53     1     3
  1.2847621633014429E-02 a      1044     0    53     1     4
  1.7633211743449367E-01 a      1045     0    53     1     5
  2.5668078881116042E-02 a      1046     0    53     1     6
  1.8276316718630520E-01 a      1047     0    53     1     7
  5.8961512534057195E-02 a      1048     0    53     1     8
  3.2096569195715345E-02 a      1049     0    53     1     9
 -9.7933948764566736E-02 a      1050     0    53     1    10
  1.3322560280476176E-01 a      1051     0    53     1    11
 -1.5888273006631315E-01 a      1052     0    53     1    12
  9.4625571769396552E-02 a      1053     0    53     1    13
  6.9349457674053767E-03 a      1054     0    53     1    14
  1.0359361072862462E-03 a      1055     0    53     1    15
 -1.0973819612969799E-02 a      1056     0    53     1    16
 -2.9374132179205881E-01 a      1057     0    53     1    17
  1.8637557953976851E-02 a      1058     0    53     1    18
  6.5066509433889261E-03 a      1059     0    53     1    19
 -1.0701461353638576E-01 a      1060     0    53     1    20
 -2.7408345891805699E-02 a      1061     0    54     1     1
  6.9599967823557415E-02 a      1062     0    54     1     2
  1.9020870697937002E-02 a      1063     0    54     1     3
  3.9466280500490163E-02 a      1064     0    54     1     4
  2.2804843876837727E-01 a      1065     0    54     1     5
  7.2091849431262553E-02 a      1066     0    54     1     6
  2.5111110537314441E-03 a      1067     0    54     1     7
  6.8360505437141200E-02 a      1068     0    54     1     8
 -7.6288973179110584E-02 a      1069     0    54     1     9
  2.3830106514634244E-01 a      1070     0    54     1    10
 -1.3591100296558192E-01 a      1071     0    54     1    11
 -6.1343602525368066E-02 a      1072     0    54     1    12
  1.7717663656042049E-01 a      1073     0    54     1    13
 -1.2856043215845867E-01 a      1074     0    54     1    14
 -2.9127015194727709E-02 a      1075     0    54     1    15
 -4.3648914082528419E-02 a      1076     0    54     1    16
  6.1418603267470964E-02 a      1077     0    54     1    17
 -9.3753783682297462E-02 a      1078     0    54     1    18
 -2.5486494076807753E-01 a      1079     0    54     1    19
  1.5129379592129039E-01 a      1080     0    54     1    20
  1.1963746720566535E+00 b      1081     1     1
 -2.4887509571706062E-01 b      1082     1     2
 -9.2026140379652177E-01 b      1083     1     3
  1.0273889167455088E+00 b      1084     1     4
 -1.2659898410851911E+00 b      1085     1     5
 -1.4753082401713351E+00 b      1086     1     6
 -1.3675359019217020E-01 b      1087     1     7
 -2.8633667602614987E-01 b      1088     1     8
 -1.0019044537808601E+00 b      1089     1     9
 -6.2601792543718837E-01 b      1090     1    10
 -6.9512133972883561E-01 b      1091     1    11
 -1.1409702541166974E-01 b      1092     1    12
  9.1223919192043024E-01 b      1093     1    13
 -1.0412014657556665E+00 b      1094     1    14
 -1.6190924648687463E-01 b      1095     1    15
 -1.1809341630421684E+00 b      1096     1    16
 -1.5616720019940284E+00 b      1097     1    17
 -1.3310266770566099E+00 b      1098     1    18
  9.3172660054975220E-01 b      1099     1    19
  1.3090025777390579E+00 b      1100     1    20
 -1.4782915469217903E-01 a      1101     1     1     2     1
  4.4758363362563136E-01 a      1102     1     1     2     2
 -8.0326977693179535E-02 a      1103     1     1     2     3
 -4.6999350839076753E-01 a      1104     1     1     2     4
  2.3560343472157064E-01 a      1105     1     1     2     5
 -1.9305446097910142E-02 a      1106     1     1     2     6
 -6.6901774385103552E-01 a      1107     1     1     2     7
  2.5060373113903106E-01 a      1108     1     1     2     8
 -1.4406409128610023E-01 a      1109     1     1     2     9
 -6.0208016912558826E-01 a      1110     1     1     2    10
  4.7122939936842745E-01 a      1111     1     1     2    11
  6.1538042131159032E-01 a      1112     1     1     2    12
 -3.3798794049427022E-01 a      1113     1     1     2    13
  5.4716102386435861E-01 a      1114     1     1     2    14
  7.4033586127126683E-01 a      1115     1     1     2    15
 -2.5874243990111118E-01 a      1116     1     1     2    16
 -5.7987480521448787E-01 a      1117     1     1     2    17
  1.1698213299606192E-01 a      1118     1     1     2    18
  5.6019448122745119E-01 a      1119     1     1     2    19
 -3.5573902553063824E-01 a      1120     1     1     2    20
 -3.0917916885244578E-01 a      1121     1     2     2     1
 -3.8057468278188011E-01 a      1122     1     2     2     2
 -4.4836796035958704E-01 a      1123     1     2     2     3
 -8.7636754528392175E-02 a      1124     1     2     2     4
 -5.8752771078029153E-01 a      1125     1     2     2     5
 -2.1952661200910037E-01 a      1126     1     2     2     6
  2.2489843526522689E-02 a      1127     1     2     2     7
  1.8757693563788336E-01 a      1128     1     2     2     8
  1.6072864876200219E-01 a      1129     1     2     2     9
 -2.2272337288402097E-01 a      1130     1     2     2    10
  5.9633981645141809E-01 a      1131     1     2     2    11
  1.9908085343891890E-01 a      1132     1     2     2    12
 -2.3295158131659516E-02 a      1133     1     2     2    13
 -7.5847589003010796E-01 a      1134     1     2     2    14
 -1.6324800677629603E-01 a      1135     1     2     2    15
  6.9337940389171915E-01 a      1136     1     2     2    16
 -3.4503044258438198E-01 a      1137     1     2     2    17
 -7.8255817086643853E-01 a      1138     1     2     2    18
  2.2026854313915903E-01 a      1139     1     2     2    19
  9.1044186798762625E-03 a      1140     1     2     2    20
  3.7228445670139654E-01 a      1141     1     3     2     1
 -9.5137061286531752E-02 a      1142     1     3     2     2
  3.3935833117311515E-01 a      1143     1     3     2     3
  1.7661534837659745E-01 a      1144     1     3     2     4
 -2.7119130000436587E-01 a      1145     1     3     2     5
  1.0099255550202274E-01 a      1146     1     3     2     6
  5.1178072440275291E-01 a      1147     1     3     2     7
 -1.6192108550827364E-01 a      1148     1     3     2     8
  2.1741538074360892E-01 a      1149     1     3     2     9
 -8.2072694857826048E-02 a      1150     1     3     2    10
 -3.3503057509000889E-01 a      1151     1     3     2    11
  5.2529095774893182E-02 a      1152     1     3     2    12
  1.4966648808811786E-01 a      1153     1     3     2    13
  6.6340134566749132E-01 a      1154     1     3     2    14
  7.4499838992445189E-01 a      1155     1     3     2    15
 -5.0373323207055798E-01 a      1156     1     3     2    16
 -5.8846903830934116E-01 a      1157     1     3     2    17
  4.9852189605058400E-01 a      1158     1     3     2    18
  3.2587816593600077E-01 a      1159     1     3     2    19
  4.4155806667324193E-01 a      1160     1     3     2    20
 -5.7842895805195638E-01 a      1161     1     4     2     1
  6.2266456361746281E-01 a      1162     1     4     2     2
  4.8658658595622389E-01 a      1163     1     4     2     3
  4.5581599370463843E-01 a      1164     1     4     2     4
  5.7218922489086288E-01 a      1165     1     4     2     5
  1.6365539164031254E-01 a      1166     1     4     2     6
  2.7292880052329116E-01 a      1167     1     4     2     7
  1.1656182971139629E-01 a      1168     1     4     2     8
 -3.3195960006427833E-01 a      1169     1     4     2     9
 -2.2952059979929254E-01 a      1170     1     4     2    10
  6.2693536636315117E-01 a      1171     1     4     2    11
  2.9055159214314125E-01 a      1172     1     4     2    12
  4.5221376858746326E-01 a      1173     1     4     2    13
 -3.3846734163979375E-01 a      1174     1     4     2    14
 -4.6018905154727410E-02 a      1175     1     4     2    15
  4.5719904893166413E-01 a      1176     1     4     2    16
  2.3912010499347897E-01 a      1177     1     4     2    17
  3.3754985880316368E-01 a      1178     1     4     2    18
 -5.0688188452489624E-02 a      1179     1     4     2    19
  1.7519641030847402E-01 a      1180     1     4     2    20
 -4.7907444891362161E-01 a      1181     1     5     2     1
 -1.7813256754041512E-01 a      1182     1     5     2     2
 -5.0495515733223306E-01 a      1183     1     5     2     3
  1.1383383569024438E-01 a      1184     1     5     2     4
  2.7360583041361025E-01 a      1185     1     5     2     5
  7.1216550230868669E-01 a      1186     1     5     2     6
  5.5900252325330002E-01 a      1187     1     5     2     7
  1.4259538772919228E-01 a      1188     1     5     2     8
  2.2232812676598221E-01 a      1189     1     5     2     9
 -2.2601187236532524E-01 a      1190     1     5     2    10
  2.7100963021922864E-01 a      1191     1     5     2    11
  1.2654158920037899E-02 a      1192     1     5     2    12
  4.5676309311119684E-01 a      1193     1     5     2    13
 -3.7624544650479652E-01 a      1194     1     5     2    14
 -4.5738592784694387E-01 a      1195     1     5     2    15
  4.5157067614093793E-01 a      1196     1     5     2    16
  1.1214922006112425E-01 a      1197     1     5     2    17
  5.5781892016999379E-01 a      1198     1     5     2    18
 -3.8105483122224593E-01 a      1199     1     5     2    19
  4.6122768891154220E-01 a      1200     1     5     2    20
 -3.4716549942986480E-01 a      1201     1     6     2     1
  5.4201866369162588E-01 a      1202     1     6     2     2
  5.2590514346178008E-01 a      1203     1     6     2     3
 -5.5699355935566053E-01 a      1204     1     6     2     4
  1.9120624144491466E-01 a      1205     1     6     2     5
  6.1924927266205454E-01 a      1206     1     6     2     6
  6.4172020815312703E-01 a      1207     1     6     2     7
 -1.7251545853736358E-01 a      1208     1     6     2     8
  5.5789372871405229E-01 a      1209     1     6     2     9
  2.2432008064782755E-02 a      1210     1     6     2    10
  5.5882927613527777E-01 a      1211     1     6     2    11
 -4.8862029050358807E-01 a      1212     1     6     2    12
  1.3988988644087583E-01 a      1213     1     6     2    13
  2.7814238808953062E-01 a      1214     1     6     2    14
  4.9528163158098332E-01 a      1215     1     6     2    15
 -3.8500682565718941E-01 a      1216     1     6     2    16
  7.6328798215511764E-02 a      1217     1     6     2    17
 -2.9022123621849333E-01 a      1218     1     6     2    18
  4.1604700833645225E-01 a      1219     1     6     2    19
  1.8960068528044180E-01 a      1220     1     6     2    20
  3.8199502695727638E-01 a      1221     1     7     2     1
  4.8141889199262583E-01 a      1222     1     7     2     2
 -1.9739495388006184E-01 a      1223     1     7     2     3
  2.4731504375211702E-01 a      1224     1     7     2     4
  1.9358711990465713E-01 a      1225     1     7     2     5
 -2.0446181900316068E-01 a      1226     1     7     2     6
 -9.6218715994148482E-02 a      1227     1     7     2     7
  5.0306063631231857E-01 a      1228     1     7     2     8
  3.5203799267473662E-01 a      1229     1     7     2     9
  5.1489366446656359E-02 a      1230     1     7     2    10
  3.3813814691914340E-01 a      1231     1     7     2    11
  2.2745484324544080E-01 a      1232     1     7     2    12
 -2.1902255727104566E-01 a      1233     1     7     2    13
 -4.4438338490524165E-01 a      1234     1     7     2    14
 -2.9946598930874591E-01 a      1235     1     7     2    15
 -6.1975249289767165E-01 a      1236     1     7     2    16
  2.1575203299926582E-01 a      1237     1     7     2    17
  1.2431840124495892E-01 a      1238     1     7     2    18
  1.8587366913301775E-02 a      1239     1     7     2    19
 -3.1378953887022631E-01 a      1240     1     7     2    20
  5.4546466601654582E-02 a      1241     1     8     2     1
 -4.2076151765912051E-01 a      1242     1     8     2     2
  7.6384803274551027E-01 a      1243     1     8     2     3
  4.9196227415753563E-01 a      1244     1     8     2     4
 -4.5096458706028686E-01 a      1245     1     8     2     5
 -2.1818419217299057E-01 a      1246     1     8     2     6
 -3.9675953807968922E-01 a      1247     1     8     2     7
 -2.7744474073609882E-01 a      1248     1     8     2     8
  5.5347026558791734E-01 a      1249     1     8     2     9
  3.0592550311711181E-01 a      1250     1     8     2    10
 -3.0714984738579126E-01 a      1251     1     8     2    11
  3.0176210508009088E-01 a      1252     1     8     2    12
 -9.3117170711582598E-01 a      1253     1     8     2    13
  3.0251687297749230E-01 a      1254     1     8     2    14
  2.4128432877238662E-01 a      1255     1     8     2    15
 -6.3436344033439618E-01 a      1256     1     8     2    16
  6.3304583879293996E-01 a      1257     1     8     2    17
  1.8537152354846817E-01 a      1258     1     8     2    18
  5.0010533430790749E-01 a      1259     1     8     2    19
 -1.8893032790344141E-01 a      1260     1     8     2    20
  4.7198511185223857E-01 a      1261     1     9     2     1
 -4.4247585476655421E-01 a      1262     1     9     2     2
  5.2759784647009478E-01 a      1263     1     9     2     3
 -5.3495347182662183E-02 a      1264     1     9     2     4
  1.1959696510604748E-02 a      1265     1     9     2     5
  7.9428176151926388E-01 a      1266     1     9     2     6
 -2.3923552756801275E-01 a      1267     1     9     2     7
 -5.4847474084835213E-01 a      1268     1     9     2     8
 -7.8838445273741592E-02 a      1269     1     9     2     9
 -4.7639747975822788E-01 a      1270     1     9     2    10
 -4.7124002528731412E-01 a      1271     1     9     2    11
 -4.0443859425065315E-01 a      1272     1     9     2    12
 -1.5127887170629492E-01 a      1273     1     9     2    13
  4.3400714669373890E-02 a      1274     1     9     2    14
 -1.9626911701826388E-01 a      1275     1     9     2    15
 -5.2064433227796425E-01 a      1276     1     9     2    16
  3.7729045351506861E-02 a      1277     1     9     2    17
 -1.7964085972680541E-01 a      1278     1     9     2    18
  1.1342919385236176E-01 a      1279     1     9     2    19
  5.3402801703246761E-01 a      1280     1     9     2    20
  4.5673480503679525E-01 a      1281     1    10     2     1
 -1.5007330490725829E-01 a      1282     1    10     2     2
  1.5383726695794869E-01 a      1283     1    10     2     3
  4.8539158169310720E-01 a      1284     1    10     2     4
  3.8331701187401607E-01 a      1285     1    10     2     5
  2.9188570441759065E-01 a      1286     1    10     2     6
 -2.4549705270755179E-01 a      1287     1    10     2     7
  4.7212068222588299E-01 a      1288     1    10     2     8
 -4.1627894821358075E-01 a      1289     1    10     2     9
  2.4488396799280662E-01 a      1290     1    10     2    10
  1.0410701854080132E-01 a      1291     1    10     2    11
 -4.2645582893705802E-01 a      1292     1    10     2    12
 -4.1652427858751900E-01 a      1293     1    10     2    13
 -3.9926241098522941E-01 a      1294     1    10     2    14
 -1.1045169578991948E-01 a      1295     1    10     2    15
  6.8118183613380696E-03 a      1296     1    10     2    16
  2.5807972265505952E-02 a      1297     1    10     2    17
 -6.2906463131063961E-01 a      1298     1    10     2    18
  7.7268019308034530E-01 a      1299     1    10     2    19
 -4.4461655981387604E-01 a      1300     1    10     2    20
 -5.3681442113742497E-02 a      1301     1    11     2     1
 -3.5972375332735923E-02 a      1302     1    11     2     2
 -1.1962962994939493E-02 a      1303     1    11     2     3
  1.0292515751461444E-01 a      1304     1    11     2     4
  3.3372913118524306E-01 a      1305     1    11     2     5
 -4.1511485484159494E-01 a      1306     1    11     2     6
  3.6636471409714683E-01 a      1307     1    11     2     7
 -4.2459785907778803E-02 a      1308     1    11     2     8
  3.2108627095679944E-02 a      1309     1    11     2     9
 -4.7976029115417934E-01 a      1310     1    11     2    10
  4.9989511640433371E-01 a      1311     1    11     2    11
  5.3662373576395672E-01 a      1312     1    11     2    12
 -1.4386643188580978E-01 a      1313     1    11     2    13
  1.6208601163479605E-01 a      1314     1    11     2    14
  3.4378050164334056E-01 a      1315     1    11     2    15
 -2.7844862495340372E-01 a      1316     1    11     2    16
 -3.0747762983670440E-01 a      1317     1    11     2    17
  6.7927646273171205E-01 a      1318     1    11     2    18
  2.0114169179940888E-01 a      1319     1    11     2    19
  1.8322997348937101E-01 a      1320     1    11     2    20
 -1.2654015954284614E-01 a      1321     1    12     2     1
  3.7753944369205394E-01 a      1322     1    12     2     2
  4.1568129296466000E-02 a      1323     1    12     2     3
  2.9113834155174972E-01 a      1324     1    12     2     4
 -1.4255020476519489E-01 a      1325     1    12     2     5
  5.3753949650535904E-01 a      1326     1    12     2     6
 -6.4411884017946863E-01 a      1327     1    12     2     7
  2.5267926523096634E-01 a      1328     1    12     2     8
 -5.3553468713346475E-01 a      1329     1    12     2     9
 -3.0103568425584448E-01 a      1330     1    12     2    10
 -4.4943214909533930E-01 a      1331     1    12     2    11
  4.8071971656916612E-01 a      1332     1    12     2    12
 -6.1600866873708049E-01 a      1333     1    12     2    13
 -8.2915919560064111E-02 a      1334     1    12     2    14
  2.3458378787855355E-01 a      1335     1    12     2    15
 -3.8824337866191561E-01 a      1336     1    12     2    16
  3.0349968394781152E-01 a      1337     1    12     2    17
 -3.7371872656303634E-01 a      1338     1    12     2    18
  1.0260034962539966E-01 a      1339     1    12     2    19
  1.4886824649789823E-01 a      1340     1    12     2    20
 -5.9592240609973834E-01 a      1341     1    13     2     1
 -4.2244129805590486E-01 a      1342     1    13     2     2
  8.5696156770683707E-02 a      1343     1    13     2     3
 -4.9338655528057240E-01 a      1344     1    13     2     4
  4.7715309767931702E-01 a      1345     1    13     2     5
  3.1437010106991192E-01 a      1346     1    13     2     6
 -4.2966296916165175E-01 a      1347     1    13     2     7
 -4.9773149463167232E-01 a      1348     1    13     2     8
 -2.0844903029279194E-01 a      1349     1    13     2     9
 -1.5865425794305799E-01 a      1350     1    13     2    10
 -5.9903048052403141E-01 a      1351     1    13     2    11
  1.2667677653913084E-01 a      1352     1    13     2    12
 -3.2678101856340902E-01 a      1353     1    13     2    13
  3.8171077531025926E-01 a      1354     1    13     2    14
  2.8983014732215290E-01 a      1355     1    13     2    15
 -6.6085199503812875E-01 a      1356     1    13     2    16
  1.0717222433998480E-02 a      1357     1    13     2    17
 -6.0266085591867047E-01 a      1358     1    13     2    18
 -4.3115938581907259E-01 a      1359     1    13     2    19
 -4.2274557401840501E-01 a      1360     1    13     2    20
  4.1601113607318491E-01 a      1361     1    14     2     1
  2.8569616869970377E-01 a      1362     1    14     2     2
 -4.0391193892723404E-01 a      1363     1    14     2     3
 -1.5492518128937713E-01 a      1364     1    14     2     4
 -3.6617505618566104E-01 a      1365     1    14     2     5
  4.2509174434190578E-01 a      1366     1    14     2     6
  6.7666080140435625E-01 a      1367     1    14     2     7
  2.7984642024007311E-01 a      1368     1    14     2     8
  6.6177321668315037E-01 a      1369     1    14     2     9
  2.2629848672299968E-01 a      1370     1    14     2    10
  2.2118460512723134E-01 a      1371     1    14     2    11
 -5.5762669048490532E-01 a      1372     1    14     2    12
  4.6968153559179660E-01 a      1373     1    14     2    13
 -2.4572757201063715E-02 a      1374     1    14     2    14
  4.0238587813638294E-01 a      1375     1    14     2    15
 -3.7510344523775974E-01 a      1376     1    14     2    16
 -3.7682254657482761E-01 a      1377     1    14     2    17
 -5.4555597832124983E-04 a      1378     1    14     2    18
 -2.2015674739960403E-01 a      1379     1    14     2    19
 -4.8637234679698566E-01 a      1380     1    14     2    20
  3.6535650573303075E-01 a      1381     1    15     2     1
  1.3303239772028119E-01 a      1382     1    15     2     2
 -4.3475232202338898E-01 a      1383     1    15     2     3
  3.7453523643106501E-02 a      1384     1    15     2     4
  4.7096825209747406E-01 a      1385     1    15     2     5
  5.9681472029574567E-01 a      1386     1    15     2     6
 -6.6367950433749689E-01 a      1387     1    15     2     7
  1.6979317929499771E-01 a      1388     1    15     2     8
 -4.0699204495928637E-01 a      1389     1    15     2     9
 -5.3053683152550234E-02 a      1390     1    15     2    10
 -2.9139909008034703E-01 a      1391     1    15     2    11
  2.9450501584458805E-01 a      1392     1    15     2    12
  6.5666927197791702E-01 a      1393     1    15     2    13
  2.2816187462785986E-01 a      1394     1    15     2    14
 -1.9111929244897272E-01 a      1395     1    15     2    15
  6.9663667213109009E-04 a      1396     1    15     2    16
  4.1860767310114760E-01 a      1397     1    15     2    17
  4.2308374501933987E-01 a      1398     1    15     2    18
 -1.9902504321575233E-02 a      1399     1    15     2    19
 -1.9237316211859387E-01 a      1400     1    15     2    20
 -1.5265710966228443E-01 a      1401     1    16     2     1
  1.4988851637674503E-03 a      1402     1    16     2     2
  7.8268708382178365E-02 a      1403     1    16     2     3
 -4.2096339384084697E-01 a      1404     1    16     2     4
  9.4583952043219371E-02 a      1405     1    16     2     5
 -1.5433254306100341E-01 a      1406     1    16     2     6
 -1.9257841884932811E-01 a      1407     1    16     2     7
 -1.1037846729188759E-01 a      1408     1    16     2     8
  4.3977532498268096E-01 a      1409     1    16     2     9
 -4.5910045796702015E-01 a      1410     1    16     2    10
 -6.1782948935436670E-02 a      1411     1    16     2    11
  3.1410678264188080E-01 a      1412     1    16     2    12
  2.3066442241268686E-01 a      1413     1    16     2    13
  3.9846016957703449E-03 a      1414     1    16     2    14
  2.6808909223461108E-01 a      1415     1    16     2    15
 -2.4146314167935620E-01 a      1416     1    16     2    16
  1.6802723907096642E-01 a      1417     1    16     2    17
 -4.8978219667075384E-01 a      1418     1    16     2    18
  3.5458939471733097E-01 a      1419     1    16     2    19
  4.8781423421546377E-01 a      1420     1    16     2    20
 -4.0004803647559034E-01 a      1421     1    17     2     1
  3.9772228880298832E-01 a      1422     1    17     2     2
 -6.8172131292282667E-02 a      1423     1    17     2     3
 -9.2795210816056684E-02 a      1424     1    17     2     4
  8.2310238368749622E-02 a      1425     1    17     2     5
 -7.9857807034439898E-02 a      1426     1    17     2     6
  5.7791992554234006E-01 a      1427     1    17     2     7
  2.4071721988486069E-01 a      1428     1    17     2     8
  8.4927441404219123E-02 a      1429     1    17     2     9
 -4.6183941667372241E-01 a      1430     1    17     2    10
  3.1629294556225568E-01 a      1431     1    17     2    11
 -4.1307767957770514E-01 a      1432     1    17     2    12
  3.0634432779574411E-01 a      1433     1    17     2    13
 -1.8516006684828881E-01 a      1434     1    17     2    14
 -4.2094564260882583E-01 a      1435     1    17     2    15
  9.2303547615217210E-02 a      1436     1    17     2    16
 -3.9795572118727529E-01 a      1437     1    17     2    17
 -5.6187925536724068E-02 a      1438     1    17     2    18
  6.0576514536347725E-01 a      1439     1    17     2    19
 -1.8974789237465800E-01 a      1440     1    17     2    20
  4.3381212814442287E-02 a      1441     1    18     2     1
 -5.4077977222815266E-01 a      1442     1    18     2     2
 -7.0932830426721205E-01 a      1443     1    18     2     3
  6.2646617474914157E-01 a      1444     1    18     2     4
 -6.0903207139076188E-01 a      1445     1    18     2     5
  1.1521231426081191E-01 a      1446     1    18     2     6
 -8.9634351217360367E-02 a      1447     1    18     2     7
  2.7151343115322008E-01 a      1448     1    18     2     8
  3.3766709782032583E-01 a      1449     1    18     2     9
 -4.2909635348152481E-01 a      1450     1    18     2    10
  6.4068026642725290E-02 a      1451     1    18     2    11
 -9.1130470427677732E-02 a      1452     1    18     2    12
 -4.9442796048030507E-01 a      1453     1    18     2    13
  7.7141599236119818E-01 a      1454     1    18     2    14
  7.2750978157489499E-01 a      1455     1    18     2    15
 -1.8832793714295107E-01 a      1456     1    18     2    16
  1.3197163373266996E-01 a      1457     1    18     2    17
  8.7754206255265921E-02 a      1458     1    18     2    18
 -7.0711903818360081E-02 a      1459     1    18     2    19
 -6.4539813304423210E-01 a      1460     1    18     2    20
  1.1121646839102156E-01 a      1461     1    19     2     1
  4.5523678994353267E-01 a      1462     1    19     2     2
 -2.5031489272911561E-01 a      1463     1    19     2     3
 -4.9682264740941989E-01 a      1464     1    19     2     4
  1.8473526123079098E-01 a      1465     1    19     2     5
 -6.9256674065775445E-02 a      1466     1    19     2     6
 -3.4707250178562127E-01 a      1467     1    19     2     7
 -1.9538917194762778E-01 a      1468     1    19     2     8
 -4.8158118553191309E-01 a      1469     1    19     2     9
 -1.5811264124157784E-01 a      1470     1    19     2    10
  5.2014552813222974E-02 a      1471     1    19     2    11
  3.3339334642257107E-02 a      1472     1    19     2    12
 -5.5364973058489775E-01 a      1473     1    19     2    13
 -2.1738707578882860E-01 a      1474     1    19     2    14
 -1.2826403967556374E-01 a      1475     1    19     2    15
  4.8066064761131462E-02 a      1476     1    19     2    16
  6.0419747257644951E-01 a      1477     1    19     2    17
  2.4363469863173912E-01 a      1478     1    19     2    18
  6.7462205283444177E-01 a      1479     1    19     2    19
  1.3366506082733207E-01 a      1480     1    19     2    20
  5.1646155287377937E-01 a      1481     1    20     2     1
  1.6535642591475733E-01 a      1482     1    20     2     2
  1.1406516876088388E-01 a      1483     1    20     2     3
 -2.9181680898739480E-02 a      1484     1    20     2     4
  4.3660344312984078E-01 a      1485     1    20     2     5
  8.1226555723735196E-03 a      1486     1    20     2     6
  1.0648541452202735E-01 a      1487     1    20     2     7
 -4.2542857089062819E-01 a      1488     1    20     2     8
 -3.8037331827952756E-02 a      1489     1    20     2     9
  5.9816409721839392E-01 a      1490     1    20     2    10
  5.0139581022033797E-01 a      1491     1    20     2    11
  4.2532527929439429E-01 a      1492     1    20     2    12
  5.0420597201217732E-01 a      1493     1    20     2    13
  1.9907636451361524E-01 a      1494     1    20     2    14
  4.3612473828134941E-02 a      1495     1    20     2    15
 -1.0502385702033218E-01 a      1496     1    20     2    16
  3.0096765019381649E-01 a      1497     1    20     2    17
  2.0085568235946902E-01 a      1498     1    20     2    18
 -4.8361108239681039E-01 a      1499     1    20     2    19
  1.6151460038167420E-01 a      1500     1    20     2    20
  5.3164939818923662E-01 b      1501     2     1
 -1.4937229426694754E+00 b      1502     2     2
  1.5954337776203547E+00 b      1503     2     3
 -7.8371048343414396E-01 b      1504     2     4
  1.3608422814794388E+00 b      1505     2     5
  1.5124427005637009E-01 b      1506     2     6
  6.3087167974645275E-01 b      1507     2     7
  2.0225998741328025E-01 b      1508     2     8
 -4.0608684065490330E-01 b      1509     2     9
  5.4020297856526667E-01 b      1510     2    10
 -3.3096204309736343E-01 b      1511     2    11
  4.9220350830710308E-01 b      1512     2    12
 -1.1579347595091269E+00 b      1513     2    13
 -8.9620884272154172E-02 b      1514     2    14
  8.3329866736538838E-01 b      1515     2    15
 -9.7166414561343242E-02 b      1516     2    16
 -8.9846088460403328E-01 b      1517     2    17
  1.4993750793311866E-01 b      1518     2    18
  1.0981572911261530E+00 b      1519     2    19
  1.1088526640984497E+00 b      1520     2    20
  4.7504866655269137E-02 a      1521     2     1     3     1
 -4.4041749687195831E-03 a      1522     2     2     3     1
 -9.3211664379356018E-01 a      1523     2     3     3     1
 -4.2301041713966279E-03 a      1524     2     4     3     1
  2.9380748314682503E-01 a      1525     2     5     3     1
  5.2699905376892331E-01 a      1526     2     6     3     1
  1.2438179116082844E+00 a      1527     2     7     3     1
 -7.2295653228119983E-01 a      1528     2     8     3     1
  5.0024219696297378E-01 a      1529     2     9     3     1
 -3.7107146482013098E-01 a      1530     2    10     3     1
 -1.4500855665988124E-01 a      1531     2    11     3     1
 -4.3979530443488057E-01 a      1532     2    12     3     1
  1.3869425380493514E+00 a      1533     2    13     3     1
  2.5244327734727412E-01 a      1534     2    14     3     1
 -2.2795721631591265E-01 a      1535     2    15     3     1
  4.7021543108404373E-01 a      1536     2    16     3     1
 -1.4115857004453683E-01 a      1537     2    17     3     1
  1.3111503803704599E-01 a      1538     2    18     3     1
  4.7771085845173872E-01 a      1539     2    19     3     1
 -4.0859564713244101E-01 a      1540     2    20     3     1
 -4.1059377920949819E-01 b      1541     3     1
