################################################################################
# Neural network connection values (weights and biases).
################################################################################
# Col  Name       Description
################################################################################
# 1    connection Neural network connection value.
# 2    t          Connection type (a = weight, b = bias).
# 3    index      Index enumerating weights.
# 4    l_s        Starting point layer (end point layer for biases).
# 5    n_s        Starting point neuron in starting layer (end point neuron for biases).
# 6    l_e        End point layer.
# 7    n_e        End point neuron in end layer.
################################################################################
#                      1 2         3     4     5     6     7
#             connection t     index   l_s   n_s   l_e   n_e
############################################################
  1.5863188322135582E-01 a         1     0     1     1     1
 -3.9412915357916356E-01 a         2     0     1     1     2
  1.2059104695697498E-01 a         3     0     1     1     3
 -3.2334073857421874E-01 a         4     0     1     1     4
 -2.4256430272969673E-01 a         5     0     1     1     5
  1.3272239910209760E-01 a         6     0     1     1     6
 -9.7663690238701167E-02 a         7     0     1     1     7
  1.9946252031074641E-01 a         8     0     1     1     8
  3.1506736005131225E-01 a         9     0     1     1     9
 -2.2904496690144577E-02 a        10     0     1     1    10
 -7.0974619982179271E-02 a        11     0     1     1    11
  1.7231756923171199E-01 a        12     0     1     1    12
  1.0410485723726223E-01 a        13     0     1     1    13
 -5.0215818370192455E-02 a        14     0     1     1    14
  1.9932932050207550E-01 a        15     0     1     1    15
 -1.6885270549955168E-03 a        16     0     1     1    16
  6.0179824276323977E-02 a        17     0     1     1    17
  1.2314621991048945E-01 a        18     0     1     1    18
  2.4995307826923413E-02 a        19     0     1     1    19
  6.1962072653126932E-01 a        20     0     1     1    20
 -1.9444709729869133E-01 a        21     0     2     1     1
  1.5627601492161036E-01 a        22     0     2     1     2
 -1.9910288249830671E-01 a        23     0     2     1     3
  2.6011710171576397E-01 a        24     0     2     1     4
  4.7525157187813055E-01 a        25     0     2     1     5
  1.9262980721697651E-01 a        26     0     2     1     6
  2.1578841325840969E-01 a        27     0     2     1     7
 -1.3363586978141642E-01 a        28     0     2     1     8
 -3.6402012949772578E-01 a        29     0     2     1     9
 -3.6596174876946047E-01 a        30     0     2     1    10
 -9.6916799373086768E-02 a        31     0     2     1    11
  5.8451442420754618E-02 a        32     0     2     1    12
 -2.4065988786739809E-02 a        33     0     2     1    13
 -2.6416056003458821E-01 a        34     0     2     1    14
  1.5338973268958672E-01 a        35     0     2     1    15
  3.4077411809061708E-01 a        36     0     2     1    16
 -2.7300994801999143E-03 a        37     0     2     1    17
  9.1586313308717762E-02 a        38     0     2     1    18
 -1.5910985815028433E-01 a        39     0     2     1    19
  9.4395037133958387E-02 a        40     0     2     1    20
 -1.1610831974144591E-01 a        41     0     3     1     1
  1.4496483988705489E-01 a        42     0     3     1     2
  7.1866367540762083E-03 a        43     0     3     1     3
  2.7498447722080183E-01 a        44     0     3     1     4
  8.1874440489457717E-02 a        45     0     3     1     5
 -8.1636493403132296E-02 a        46     0     3     1     6
 -2.4310267129060439E-01 a        47     0     3     1     7
 -1.7408391572786044E-01 a        48     0     3     1     8
 -2.4002685838846571E-01 a        49     0     3     1     9
 -7.7201788164536975E-02 a        50     0     3     1    10
 -1.3382761923012915E-01 a        51     0     3     1    11
  4.1858630277000174E-02 a        52     0     3     1    12
  2.7498253713714508E-02 a        53     0     3     1    13
 -7.7012032115986923E-02 a        54     0     3     1    14
  2.7647380797436760E-01 a        55     0     3     1    15
 -1.7456209396675898E-01 a        56     0     3     1    16
  8.6609628186188239E-02 a        57     0     3     1    17
 -1.4746899658941751E-02 a        58     0     3     1    18
 -2.1248162758401806E-01 a        59     0     3     1    19
  8.8549746767728282E-02 a        60     0     3     1    20
 -1.6126815646968048E-02 a        61     0     4     1     1
  1.4537415044697555E-01 a        62     0     4     1     2
  6.8562766122562596E-02 a        63     0     4     1     3
 -1.0763722777511439E-01 a        64     0     4     1     4
  5.8550872415079347E-01 a        65     0     4     1     5
 -4.5073139715444804E-01 a        66     0     4     1     6
 -8.9901157340420451E-02 a        67     0     4     1     7
  5.4612426265540792E-01 a        68     0     4     1     8
  6.5129224648088613E-01 a        69     0     4     1     9
  3.1630671314450565E-01 a        70     0     4     1    10
  5.5066677867831218E-02 a        71     0     4     1    11
  1.5770983824997178E-01 a        72     0     4     1    12
 -1.4184756921602251E-01 a        73     0     4     1    13
  6.4970733139964418E-02 a        74     0     4     1    14
 -3.9830523563194042E-01 a        75     0     4     1    15
  1.4216818844793486E-01 a        76     0     4     1    16
 -2.3231763453827106E-01 a        77     0     4     1    17
  2.9831259945394845E-02 a        78     0     4     1    18
  1.6109052124311252E-01 a        79     0     4     1    19
  4.1614478254227671E-01 a        80     0     4     1    20
  9.4979216356393240E-02 a        81     0     5     1     1
  3.0287682918127036E-02 a        82     0     5     1     2
 -9.2546669107225643E-02 a        83     0     5     1     3
 -3.5905100521859801E-01 a        84     0     5     1     4
 -3.8408809865626042E-01 a        85     0     5     1     5
 -9.4606468327725873E-02 a        86     0     5     1     6
  3.3286778255721589E-01 a        87     0     5     1     7
  1.8409701194218422E-01 a        88     0     5     1     8
  6.8954366866102690E-01 a        89     0     5     1     9
  7.5095592514683285E-01 a        90     0     5     1    10
  3.4803657876034205E-01 a        91     0     5     1    11
 -1.6872176888259233E-01 a        92     0     5     1    12
  1.4158900435066221E-01 a        93     0     5     1    13
  4.1101544471563681E-02 a        94     0     5     1    14
 -5.8103933843902922E-01 a        95     0     5     1    15
 -4.9907948545391190E-01 a        96     0     5     1    16
 -1.4294594356587892E-01 a        97     0     5     1    17
 -6.2238848769053279E-01 a        98     0     5     1    18
 -4.7529078365634830E-01 a        99     0     5     1    19
 -1.9020828978167229E-01 a       100     0     5     1    20
  1.6244817229913774E-02 a       101     0     6     1     1
 -1.8437599289061801E-02 a       102     0     6     1     2
  1.0577231508397794E-01 a       103     0     6     1     3
  2.0744503650119087E-01 a       104     0     6     1     4
 -5.5275345666255124E-02 a       105     0     6     1     5
 -3.9842488928093507E-02 a       106     0     6     1     6
 -9.2493118792624937E-02 a       107     0     6     1     7
  1.4524411179527427E-01 a       108     0     6     1     8
  9.0267214325224207E-02 a       109     0     6     1     9
  1.1867834548995224E-01 a       110     0     6     1    10
  1.1095442374095309E-02 a       111     0     6     1    11
 -3.3025065395751008E-02 a       112     0     6     1    12
 -2.1836416290362143E-01 a       113     0     6     1    13
 -2.7455266819258894E-04 a       114     0     6     1    14
 -1.3100042795965500E-01 a       115     0     6     1    15
  2.4669498473298046E-01 a       116     0     6     1    16
 -4.5987463119797442E-02 a       117     0     6     1    17
  2.5385554383742526E-01 a       118     0     6     1    18
  2.2826971480480429E-01 a       119     0     6     1    19
 -1.0635620955536475E-01 a       120     0     6     1    20
  1.6853085352482902E-01 a       121     0     7     1     1
  4.2949988466197114E-01 a       122     0     7     1     2
  1.1972617107675776E-01 a       123     0     7     1     3
  2.5943127972128244E-01 a       124     0     7     1     4
 -8.4051027428013514E-02 a       125     0     7     1     5
  3.4534925517671200E-01 a       126     0     7     1     6
 -1.6363455807560850E-01 a       127     0     7     1     7
 -4.0282401978804711E-01 a       128     0     7     1     8
 -8.3095771378426020E-01 a       129     0     7     1     9
 -8.4667109670400670E-02 a       130     0     7     1    10
 -1.4086602037764642E-01 a       131     0     7     1    11
 -3.9392264381667208E-01 a       132     0     7     1    12
 -2.6458326720727794E-05 a       133     0     7     1    13
 -2.3687179368723976E-01 a       134     0     7     1    14
  2.6664647188183210E-01 a       135     0     7     1    15
 -7.6941049990715507E-02 a       136     0     7     1    16
 -1.6298365332242291E-02 a       137     0     7     1    17
  1.4951400885590002E-01 a       138     0     7     1    18
  2.1584008726532239E-01 a       139     0     7     1    19
 -5.2457927830763529E-01 a       140     0     7     1    20
 -4.6451443486067767E-01 a       141     0     8     1     1
  2.9517643157531709E-01 a       142     0     8     1     2
  1.8842014590047101E-01 a       143     0     8     1     3
 -4.5096382995900214E-02 a       144     0     8     1     4
 -6.7199739216692825E-02 a       145     0     8     1     5
  3.4727200007743608E-01 a       146     0     8     1     6
  1.5377104688694893E-01 a       147     0     8     1     7
 -6.2548324322944132E-02 a       148     0     8     1     8
  8.2652738796849770E-02 a       149     0     8     1     9
 -2.4952058525734572E-01 a       150     0     8     1    10
 -1.9247210262989541E-02 a       151     0     8     1    11
  5.3825347885864738E-02 a       152     0     8     1    12
 -1.5510868253499027E-01 a       153     0     8     1    13
 -2.1209425064316553E-01 a       154     0     8     1    14
  4.2092208691439192E-01 a       155     0     8     1    15
  2.6611828392871278E-01 a       156     0     8     1    16
  8.1187354735161154E-03 a       157     0     8     1    17
  1.1993052863049712E-02 a       158     0     8     1    18
  1.5361883932133449E-01 a       159     0     8     1    19
 -1.7139707608010002E-01 a       160     0     8     1    20
  1.5346816738849756E-01 a       161     0     9     1     1
 -8.8701567228720066E-02 a       162     0     9     1     2
 -1.0553915607074023E-01 a       163     0     9     1     3
 -1.4867570613701961E-01 a       164     0     9     1     4
  7.6172496432079462E-02 a       165     0     9     1     5
 -1.7337076701296281E-01 a       166     0     9     1     6
  1.9846563325143449E-01 a       167     0     9     1     7
  1.9653873503335589E-01 a       168     0     9     1     8
  7.4389777815735400E-02 a       169     0     9     1     9
 -1.1727081391001484E-01 a       170     0     9     1    10
 -2.1328192379904520E-01 a       171     0     9     1    11
  3.4020421156804731E-02 a       172     0     9     1    12
  7.5631466794777984E-03 a       173     0     9     1    13
  1.0582935607770549E-01 a       174     0     9     1    14
  1.3884455533056894E-01 a       175     0     9     1    15
 -1.2358323945575458E-01 a       176     0     9     1    16
 -1.6945655876663804E-01 a       177     0     9     1    17
 -1.2423027932143936E-01 a       178     0     9     1    18
  3.1014028513598177E-02 a       179     0     9     1    19
  1.7878453951705331E-01 a       180     0     9     1    20
  7.3223477065047754E-02 a       181     0    10     1     1
 -2.9718962173082603E-01 a       182     0    10     1     2
  1.8308114060382424E-01 a       183     0    10     1     3
 -1.7335256450358849E-01 a       184     0    10     1     4
 -5.7018481219110885E-02 a       185     0    10     1     5
  6.2492117985276527E-02 a       186     0    10     1     6
 -4.0522473086119110E-01 a       187     0    10     1     7
  5.9048140810016059E-01 a       188     0    10     1     8
 -2.2065807014694121E-02 a       189     0    10     1     9
  3.1565816279485572E-03 a       190     0    10     1    10
  1.5454581574489401E-01 a       191     0    10     1    11
  5.4394005822840841E-01 a       192     0    10     1    12
 -1.5200770327233129E-01 a       193     0    10     1    13
 -2.9421761823835985E-01 a       194     0    10     1    14
 -1.1451548075426905E-01 a       195     0    10     1    15
  3.6088763568500472E-02 a       196     0    10     1    16
 -2.1868274931240428E-01 a       197     0    10     1    17
 -2.8825773932645288E-01 a       198     0    10     1    18
 -2.1930369355207413E-01 a       199     0    10     1    19
  3.5840474512766846E-01 a       200     0    10     1    20
 -3.1439243757207491E-01 a       201     0    11     1     1
 -4.0464740326110149E-01 a       202     0    11     1     2
  4.4035895992689610E-02 a       203     0    11     1     3
  7.6015728386323922E-02 a       204     0    11     1     4
 -6.3551405307285827E-02 a       205     0    11     1     5
 -7.0382820426007275E-01 a       206     0    11     1     6
  2.4872732289940974E-01 a       207     0    11     1     7
  1.5061034982784552E-01 a       208     0    11     1     8
 -1.0709163038558871E-01 a       209     0    11     1     9
 -5.4784106419463893E-02 a       210     0    11     1    10
 -1.5891518907658702E-03 a       211     0    11     1    11
 -1.7284128687529934E-01 a       212     0    11     1    12
  2.5839258822658717E-01 a       213     0    11     1    13
  3.4721504591197933E-01 a       214     0    11     1    14
 -2.0650120341259601E-01 a       215     0    11     1    15
 -1.1987605275548992E-01 a       216     0    11     1    16
  3.7041390779114773E-02 a       217     0    11     1    17
 -3.1318889276424067E-01 a       218     0    11     1    18
 -9.6790444914348850E-02 a       219     0    11     1    19
 -1.0353651349001466E-01 a       220     0    11     1    20
  5.4576098644385972E-02 a       221     0    12     1     1
 -1.2342745780547072E-01 a       222     0    12     1     2
 -2.1381537244440883E-02 a       223     0    12     1     3
  1.0409142392169034E-01 a       224     0    12     1     4
 -1.7334172777746210E-01 a       225     0    12     1     5
  9.6152418039837845E-02 a       226     0    12     1     6
 -2.0727948404829585E-01 a       227     0    12     1     7
  1.7043492402046503E-01 a       228     0    12     1     8
 -2.7564396449517714E-01 a       229     0    12     1     9
 -2.2993951459653034E-01 a       230     0    12     1    10
  6.2509160291983223E-02 a       231     0    12     1    11
  6.2021736714472718E-02 a       232     0    12     1    12
 -8.8641918190144470E-02 a       233     0    12     1    13
  3.4176597349863620E-02 a       234     0    12     1    14
 -3.7882845675718646E-02 a       235     0    12     1    15
 -6.3727944082448426E-03 a       236     0    12     1    16
  1.6224316448264473E-01 a       237     0    12     1    17
 -8.3851244511785172E-03 a       238     0    12     1    18
 -5.8455593465099279E-02 a       239     0    12     1    19
 -1.4945303903473963E-03 a       240     0    12     1    20
  3.6864418653149933E-01 a       241     0    13     1     1
  3.9547628399920565E-01 a       242     0    13     1     2
  5.5239580306670484E-02 a       243     0    13     1     3
 -3.5110969132935016E-01 a       244     0    13     1     4
  2.1990766038756498E-01 a       245     0    13     1     5
  1.2093337376419312E-01 a       246     0    13     1     6
 -1.6646584402667461E-01 a       247     0    13     1     7
 -3.6328265019347758E-02 a       248     0    13     1     8
  1.3625745038303178E-01 a       249     0    13     1     9
  1.2082045170128765E-01 a       250     0    13     1    10
 -2.5369826044987817E-02 a       251     0    13     1    11
 -7.4906975103556248E-02 a       252     0    13     1    12
 -1.6841987864899510E-01 a       253     0    13     1    13
  6.1263923875578769E-03 a       254     0    13     1    14
  3.3495706293153821E-02 a       255     0    13     1    15
  8.7075275587905315E-02 a       256     0    13     1    16
  4.8634232143372244E-02 a       257     0    13     1    17
  2.1193446808515465E-01 a       258     0    13     1    18
  3.4988244873436392E-01 a       259     0    13     1    19
  2.3930977805348888E-01 a       260     0    13     1    20
 -2.6527903720029905E-01 a       261     0    14     1     1
  1.0296426260177040E-01 a       262     0    14     1     2
 -2.1657373412744488E-01 a       263     0    14     1     3
  1.2286793287061692E-01 a       264     0    14     1     4
 -1.5086924021487788E-01 a       265     0    14     1     5
  4.4023343678415754E-02 a       266     0    14     1     6
  3.2181341280598258E-01 a       267     0    14     1     7
 -4.4622316068142993E-02 a       268     0    14     1     8
  2.3533533202627399E-01 a       269     0    14     1     9
 -2.9668787050181833E-01 a       270     0    14     1    10
  3.8588843660729288E-02 a       271     0    14     1    11
 -1.5716038894305073E-01 a       272     0    14     1    12
  7.6931805407001119E-02 a       273     0    14     1    13
 -1.1438398296882100E-01 a       274     0    14     1    14
 -1.3358725181611428E-01 a       275     0    14     1    15
 -2.6046496609692582E-01 a       276     0    14     1    16
 -3.0390187979235750E-01 a       277     0    14     1    17
 -1.3057764389643917E-01 a       278     0    14     1    18
  2.6033416573140518E-02 a       279     0    14     1    19
 -1.0280924866738289E-01 a       280     0    14     1    20
  7.5606175486437152E-02 a       281     0    15     1     1
  1.2994977192679499E-01 a       282     0    15     1     2
 -3.3526188729032455E-04 a       283     0    15     1     3
  8.2128282891368032E-02 a       284     0    15     1     4
  6.8373290609629211E-02 a       285     0    15     1     5
  2.4113672730507435E-01 a       286     0    15     1     6
 -1.7957371406719344E-01 a       287     0    15     1     7
 -9.2261554246322632E-03 a       288     0    15     1     8
 -1.7064023474198239E-01 a       289     0    15     1     9
  4.2375531110908825E-02 a       290     0    15     1    10
 -2.2641180375933689E-01 a       291     0    15     1    11
 -4.6431976990348928E-02 a       292     0    15     1    12
 -6.3086487199550290E-02 a       293     0    15     1    13
 -1.2200363037895905E-01 a       294     0    15     1    14
  1.4985184916158645E-01 a       295     0    15     1    15
 -3.7076916048688978E-02 a       296     0    15     1    16
 -1.6066474151768753E-01 a       297     0    15     1    17
 -1.2025063624596796E-01 a       298     0    15     1    18
 -8.4657520204718145E-02 a       299     0    15     1    19
  1.3805416995994957E-01 a       300     0    15     1    20
 -2.1692972213187683E-01 a       301     0    16     1     1
 -8.3400247226117497E-03 a       302     0    16     1     2
  1.8492359957889004E-01 a       303     0    16     1     3
  1.8457085786721716E-01 a       304     0    16     1     4
 -1.1037479130987311E-02 a       305     0    16     1     5
  1.3852100720131866E-01 a       306     0    16     1     6
 -1.7646123383903933E-01 a       307     0    16     1     7
 -1.4263208779127759E-03 a       308     0    16     1     8
 -7.9635930277600395E-02 a       309     0    16     1     9
  1.7013495610963389E-01 a       310     0    16     1    10
 -1.2761998457369389E-02 a       311     0    16     1    11
  2.0952089827949905E-01 a       312     0    16     1    12
 -5.2158500319990760E-02 a       313     0    16     1    13
 -1.9761832787457784E-01 a       314     0    16     1    14
  2.1065950686526697E-01 a       315     0    16     1    15
  1.6420545584350846E-01 a       316     0    16     1    16
 -5.4846795579631825E-02 a       317     0    16     1    17
  9.8720495792726834E-02 a       318     0    16     1    18
 -1.6266023130744495E-01 a       319     0    16     1    19
 -2.1011472742792744E-01 a       320     0    16     1    20
 -2.9341871349092585E-01 a       321     0    17     1     1
 -2.9418513495489967E-01 a       322     0    17     1     2
 -4.5470043419024518E-02 a       323     0    17     1     3
  1.5254066975287248E-01 a       324     0    17     1     4
  1.1330554105587655E-01 a       325     0    17     1     5
 -2.1098068246096896E-01 a       326     0    17     1     6
  1.0693557045520802E-01 a       327     0    17     1     7
 -7.1437732054630290E-02 a       328     0    17     1     8
  2.1580173453885727E-03 a       329     0    17     1     9
 -6.0072645495804232E-02 a       330     0    17     1    10
 -1.4202367153756523E-01 a       331     0    17     1    11
 -2.2915918426153101E-01 a       332     0    17     1    12
  2.5197654321458657E-01 a       333     0    17     1    13
  2.9661742340510433E-01 a       334     0    17     1    14
 -1.3230257397323691E-01 a       335     0    17     1    15
  1.5178191948735632E-02 a       336     0    17     1    16
  2.1926081246729645E-01 a       337     0    17     1    17
  1.1193492567000132E-02 a       338     0    17     1    18
 -5.3476188198383852E-02 a       339     0    17     1    19
  5.3609605165702241E-02 a       340     0    17     1    20
  5.5630724243340937E-02 a       341     0    18     1     1
  1.9771317033576468E-02 a       342     0    18     1     2
 -4.8170109408669184E-02 a       343     0    18     1     3
 -1.6604985865746430E-01 a       344     0    18     1     4
 -4.9254191529051895E-02 a       345     0    18     1     5
 -9.5156047705651919E-02 a       346     0    18     1     6
 -5.8878160829781444E-02 a       347     0    18     1     7
  9.1919503748952539E-02 a       348     0    18     1     8
  1.1572973888307587E-01 a       349     0    18     1     9
 -4.5314593269868010E-02 a       350     0    18     1    10
  1.8974920219163574E-01 a       351     0    18     1    11
  2.0244491026160388E-01 a       352     0    18     1    12
 -8.5905525208695779E-02 a       353     0    18     1    13
  8.3223300928516198E-03 a       354     0    18     1    14
 -1.4309993229433710E-01 a       355     0    18     1    15
  1.4574193539119268E-01 a       356     0    18     1    16
  4.9653386794208311E-02 a       357     0    18     1    17
  1.8320440161277859E-01 a       358     0    18     1    18
  1.9538306172720910E-01 a       359     0    18     1    19
 -6.5150753416136728E-02 a       360     0    18     1    20
  4.1681172770141495E-01 a       361     0    19     1     1
  1.4635710053452380E-01 a       362     0    19     1     2
 -2.3182870700822197E-02 a       363     0    19     1     3
 -2.8969530801027465E-01 a       364     0    19     1     4
 -1.5595142990951153E-03 a       365     0    19     1     5
  2.1222584821434362E-01 a       366     0    19     1     6
 -5.8257030967006851E-02 a       367     0    19     1     7
  9.2218724163125487E-02 a       368     0    19     1     8
  1.5666726003708869E-02 a       369     0    19     1     9
 -1.1210383857271668E-02 a       370     0    19     1    10
  4.2338976893051300E-02 a       371     0    19     1    11
  8.9652294316665479E-02 a       372     0    19     1    12
 -1.5143304975763883E-01 a       373     0    19     1    13
  8.8326029080950677E-02 a       374     0    19     1    14
  2.2061249203004850E-03 a       375     0    19     1    15
  2.1264425590094362E-02 a       376     0    19     1    16
  1.1698801872111336E-01 a       377     0    19     1    17
 -9.1268565411078244E-03 a       378     0    19     1    18
  1.0679920003459235E-01 a       379     0    19     1    19
  2.4820921404569307E-01 a       380     0    19     1    20
 -1.5966461932929371E-01 a       381     0    20     1     1
  1.0614681207404884E-01 a       382     0    20     1     2
  6.7932393552287737E-02 a       383     0    20     1     3
  9.0399104404846123E-02 a       384     0    20     1     4
 -6.3891906502843279E-02 a       385     0    20     1     5
 -3.3028429512404966E-01 a       386     0    20     1     6
  2.6925833071671884E-01 a       387     0    20     1     7
 -4.1338811685033672E-02 a       388     0    20     1     8
  1.3230704589111555E-01 a       389     0    20     1     9
 -3.2710768977769721E-02 a       390     0    20     1    10
  1.6437166920203036E-01 a       391     0    20     1    11
 -1.9888889017429592E-01 a       392     0    20     1    12
  4.0399856986582564E-02 a       393     0    20     1    13
 -1.7462236748886467E-01 a       394     0    20     1    14
 -1.3239616055094891E-01 a       395     0    20     1    15
 -1.5139277873896517E-01 a       396     0    20     1    16
 -2.8128445251309564E-01 a       397     0    20     1    17
 -8.4089974072497423E-02 a       398     0    20     1    18
  5.8733925901860919E-02 a       399     0    20     1    19
 -9.8281555410102278E-02 a       400     0    20     1    20
  4.2060937310256549E-02 a       401     0    21     1     1
  5.9186879589105158E-03 a       402     0    21     1     2
  5.3557795847994312E-02 a       403     0    21     1     3
  1.6888452577200233E-01 a       404     0    21     1     4
  7.8407323341116011E-02 a       405     0    21     1     5
  2.1372210815053616E-01 a       406     0    21     1     6
 -2.4098090748484399E-02 a       407     0    21     1     7
 -1.7850640442362595E-02 a       408     0    21     1     8
 -1.0626590593682257E-01 a       409     0    21     1     9
  6.5088963503894454E-02 a       410     0    21     1    10
 -1.7676158814173279E-01 a       411     0    21     1    11
 -8.0075815156786898E-02 a       412     0    21     1    12
  2.7131139521947630E-02 a       413     0    21     1    13
 -7.9434560932616907E-04 a       414     0    21     1    14
  1.4656905115747232E-01 a       415     0    21     1    15
 -8.0981236520232661E-02 a       416     0    21     1    16
 -8.9539910216627928E-03 a       417     0    21     1    17
 -5.8592770601803734E-02 a       418     0    21     1    18
 -1.5049874192431406E-01 a       419     0    21     1    19
  1.1417209895119124E-01 a       420     0    21     1    20
 -1.8263684068901578E-01 a       421     0    22     1     1
  3.9371611522452443E-02 a       422     0    22     1     2
  8.6392788798115294E-02 a       423     0    22     1     3
  9.4409896128385087E-02 a       424     0    22     1     4
  3.7290038809184224E-02 a       425     0    22     1     5
  1.1335141945633563E-01 a       426     0    22     1     6
 -2.0285425828632331E-01 a       427     0    22     1     7
 -1.4024753563852426E-02 a       428     0    22     1     8
  9.0581463933075302E-03 a       429     0    22     1     9
 -6.5839743442767079E-02 a       430     0    22     1    10
 -6.2882286328943701E-02 a       431     0    22     1    11
  9.1984540497815639E-02 a       432     0    22     1    12
  5.0948614064420417E-02 a       433     0    22     1    13
 -1.2335725594827572E-01 a       434     0    22     1    14
  8.5942804821664914E-02 a       435     0    22     1    15
 -1.0362381747573653E-02 a       436     0    22     1    16
 -1.0609093380567937E-01 a       437     0    22     1    17
  9.9734252704682322E-02 a       438     0    22     1    18
 -4.0002193074960619E-02 a       439     0    22     1    19
  2.8348944923189578E-02 a       440     0    22     1    20
 -6.1688564973738924E-02 a       441     0    23     1     1
 -1.6228946173427058E-01 a       442     0    23     1     2
 -2.8627638985886100E-01 a       443     0    23     1     3
 -2.5676078942422093E-02 a       444     0    23     1     4
 -5.7520835734269242E-02 a       445     0    23     1     5
  1.0274607710465417E-02 a       446     0    23     1     6
  5.1252695428211717E-02 a       447     0    23     1     7
 -3.4391683808294146E-02 a       448     0    23     1     8
 -6.6855663433781895E-02 a       449     0    23     1     9
 -1.1802237966459095E-01 a       450     0    23     1    10
 -1.0337451961054686E-01 a       451     0    23     1    11
  3.9089215871863418E-02 a       452     0    23     1    12
  1.4811445904190823E-01 a       453     0    23     1    13
  2.6695078398405214E-01 a       454     0    23     1    14
 -3.8549528263403132E-02 a       455     0    23     1    15
  6.0484940729104110E-03 a       456     0    23     1    16
  2.0705183245698644E-01 a       457     0    23     1    17
 -1.1384234235662941E-02 a       458     0    23     1    18
 -6.5243053238843371E-02 a       459     0    23     1    19
  1.1488967629593519E-02 a       460     0    23     1    20
 -2.6133787806162278E-02 a       461     0    24     1     1
 -9.3753735557198254E-03 a       462     0    24     1     2
 -6.3086982071559147E-02 a       463     0    24     1     3
 -1.1412743886327169E-01 a       464     0    24     1     4
 -6.0039395188659743E-02 a       465     0    24     1     5
 -8.8306567331539146E-02 a       466     0    24     1     6
 -5.9959337025349620E-02 a       467     0    24     1     7
  9.2576904700540173E-03 a       468     0    24     1     8
  7.1609794334293861E-02 a       469     0    24     1     9
 -1.3579416435927685E-01 a       470     0    24     1    10
  1.0489124417795422E-01 a       471     0    24     1    11
  4.8438570265116637E-02 a       472     0    24     1    12
 -6.0209176230032226E-02 a       473     0    24     1    13
  2.8741121556686323E-03 a       474     0    24     1    14
 -1.1960334678095680E-01 a       475     0    24     1    15
  4.9779140139086506E-02 a       476     0    24     1    16
 -1.0471017016042406E-03 a       477     0    24     1    17
  2.7221114652984536E-02 a       478     0    24     1    18
  1.2940112454498828E-01 a       479     0    24     1    19
 -8.5931384425852103E-02 a       480     0    24     1    20
  1.2042009889690504E-01 a       481     0    25     1     1
  1.1917218971811441E-01 a       482     0    25     1     2
  9.6898332722449590E-02 a       483     0    25     1     3
 -1.1993235041078032E-01 a       484     0    25     1     4
 -2.0492196292804458E-02 a       485     0    25     1     5
  1.4878040200939288E-01 a       486     0    25     1     6
  1.6434757517909751E-01 a       487     0    25     1     7
  9.7356858636159296E-03 a       488     0    25     1     8
 -8.0264055221132821E-02 a       489     0    25     1     9
  1.8797870799485930E-01 a       490     0    25     1    10
  1.0656913840828619E-01 a       491     0    25     1    11
  2.9990592252047484E-02 a       492     0    25     1    12
  8.4292262001740333E-03 a       493     0    25     1    13
 -1.0674134547513371E-02 a       494     0    25     1    14
 -3.2884860685813921E-02 a       495     0    25     1    15
  4.8444659195245571E-02 a       496     0    25     1    16
 -4.3118176783362664E-03 a       497     0    25     1    17
  2.0753879597955154E-03 a       498     0    25     1    18
 -3.2255307800056823E-02 a       499     0    25     1    19
 -2.4170085416504623E-02 a       500     0    25     1    20
 -8.5430289113390567E-02 a       501     0    26     1     1
 -1.7560805428632687E-02 a       502     0    26     1     2
  1.0806183127265345E-01 a       503     0    26     1     3
  1.1022232016444404E-01 a       504     0    26     1     4
  3.8526962886932400E-02 a       505     0    26     1     5
 -1.6627500164549491E-01 a       506     0    26     1     6
 -9.6295173815681839E-02 a       507     0    26     1     7
 -1.9369190340856702E-02 a       508     0    26     1     8
  4.6952428581829776E-02 a       509     0    26     1     9
 -2.9001912382171268E-02 a       510     0    26     1    10
  1.5425038012505091E-02 a       511     0    26     1    11
 -1.6841320187294137E-01 a       512     0    26     1    12
 -9.5669610721332551E-02 a       513     0    26     1    13
 -1.5562305985432201E-01 a       514     0    26     1    14
 -1.6356374615132997E-02 a       515     0    26     1    15
 -2.8354313829479862E-02 a       516     0    26     1    16
 -9.2349362686918290E-02 a       517     0    26     1    17
 -7.4259069679180278E-02 a       518     0    26     1    18
  4.5253085179658349E-02 a       519     0    26     1    19
 -2.9644072038878106E-02 a       520     0    26     1    20
  1.4399214103813604E-01 a       521     0    27     1     1
  1.6548793977222743E-03 a       522     0    27     1     2
  2.7920938864232758E-02 a       523     0    27     1     3
  8.1365996941825405E-02 a       524     0    27     1     4
  9.7143496928179147E-03 a       525     0    27     1     5
  9.7430096874561417E-02 a       526     0    27     1     6
  3.3021455745696753E-02 a       527     0    27     1     7
  3.5574958784839648E-02 a       528     0    27     1     8
 -9.0143213832731231E-02 a       529     0    27     1     9
  1.5818456628089930E-01 a       530     0    27     1    10
 -5.9805534664368463E-02 a       531     0    27     1    11
  3.3526489862463087E-02 a       532     0    27     1    12
 -2.9762691974091933E-03 a       533     0    27     1    13
 -2.1765192339997935E-03 a       534     0    27     1    14
  1.5640645868837272E-01 a       535     0    27     1    15
 -1.7507396540145277E-02 a       536     0    27     1    16
  4.5889956433201359E-02 a       537     0    27     1    17
 -3.6845497701044012E-02 a       538     0    27     1    18
 -1.1915614745661009E-01 a       539     0    27     1    19
  3.5154575538531699E-02 a       540     0    27     1    20
 -1.0081197885845816E-03 a       541     0    28     1     1
  1.1549690523005105E-03 a       542     0    28     1     2
  1.9039787752095080E-02 a       543     0    28     1     3
  2.3933635046623835E-02 a       544     0    28     1     4
  6.5586241975154100E-02 a       545     0    28     1     5
  2.0293108004555360E-02 a       546     0    28     1     6
 -5.0529698332110615E-02 a       547     0    28     1     7
  1.9219120515733386E-02 a       548     0    28     1     8
  4.9177772739872977E-02 a       549     0    28     1     9
 -4.3159810235824998E-02 a       550     0    28     1    10
 -2.4860161451683082E-02 a       551     0    28     1    11
  3.1723862327803221E-02 a       552     0    28     1    12
  1.4103334656420484E-02 a       553     0    28     1    13
 -2.6414894168094026E-02 a       554     0    28     1    14
 -1.6923335503332703E-02 a       555     0    28     1    15
 -5.9028086721965509E-02 a       556     0    28     1    16
 -4.8552438381882709E-02 a       557     0    28     1    17
  5.7709153423390648E-02 a       558     0    28     1    18
  3.9002990446993006E-02 a       559     0    28     1    19
  2.9412070530719057E-02 a       560     0    28     1    20
  1.5328557220010277E-02 a       561     0    29     1     1
 -6.6489655516870708E-02 a       562     0    29     1     2
 -1.3203475609558288E-01 a       563     0    29     1     3
  2.4005912248879577E-02 a       564     0    29     1     4
 -6.3768102869189699E-02 a       565     0    29     1     5
 -1.2272252538311031E-01 a       566     0    29     1     6
  1.0805242934622494E-01 a       567     0    29     1     7
 -6.4631946474770054E-03 a       568     0    29     1     8
  1.7984471510726525E-02 a       569     0    29     1     9
 -1.2581620437953127E-02 a       570     0    29     1    10
 -2.4841402335324361E-02 a       571     0    29     1    11
  1.5181438078403926E-02 a       572     0    29     1    12
  2.6754408512152834E-02 a       573     0    29     1    13
  1.3465632918910916E-01 a       574     0    29     1    14
  3.9149528258115129E-02 a       575     0    29     1    15
  1.5148684547424070E-02 a       576     0    29     1    16
  9.2235086198638294E-02 a       577     0    29     1    17
 -1.6787469394301924E-02 a       578     0    29     1    18
 -1.4805176018298427E-02 a       579     0    29     1    19
 -3.9650838640575031E-02 a       580     0    29     1    20
 -7.7472851913438126E-02 a       581     0    30     1     1
  6.5423872044905124E-04 a       582     0    30     1     2
  3.5947510346672644E-02 a       583     0    30     1     3
 -3.1243896492467713E-02 a       584     0    30     1     4
  3.8808533534572510E-02 a       585     0    30     1     5
  1.5002778654046992E-03 a       586     0    30     1     6
 -3.0220828341977365E-02 a       587     0    30     1     7
 -1.6607312713127317E-02 a       588     0    30     1     8
  2.4189952657889820E-02 a       589     0    30     1     9
 -4.9826361295784542E-02 a       590     0    30     1    10
  6.3823498915645401E-04 a       591     0    30     1    11
 -1.0872714769972735E-02 a       592     0    30     1    12
  6.4035477591410390E-03 a       593     0    30     1    13
 -2.3725959896432846E-02 a       594     0    30     1    14
 -6.5992375390408767E-02 a       595     0    30     1    15
 -2.7726155031698400E-03 a       596     0    30     1    16
 -4.2061918498621474E-02 a       597     0    30     1    17
  3.8930152884062950E-02 a       598     0    30     1    18
  5.9268283080572769E-02 a       599     0    30     1    19
  6.6458836129609424E-03 a       600     0    30     1    20
 -8.5590774109106538E-02 a       601     0    31     1     1
 -1.4554959620005045E-01 a       602     0    31     1     2
 -8.2776115496210943E-04 a       603     0    31     1     3
  1.2875829092209062E-01 a       604     0    31     1     4
  1.4544575551102831E-01 a       605     0    31     1     5
  9.8191185410966553E-02 a       606     0    31     1     6
  8.8090319097436864E-02 a       607     0    31     1     7
 -3.5160143599578403E-01 a       608     0    31     1     8
  3.1050344756563547E-01 a       609     0    31     1     9
 -1.1428729824647789E-01 a       610     0    31     1    10
 -8.7945020334276369E-02 a       611     0    31     1    11
  2.6449147519005528E-01 a       612     0    31     1    12
  1.5587875262051898E-01 a       613     0    31     1    13
  1.5509996971647527E-01 a       614     0    31     1    14
 -3.1692446934736573E-01 a       615     0    31     1    15
 -2.9533753186685457E-01 a       616     0    31     1    16
 -1.5876851882510776E-01 a       617     0    31     1    17
  3.8548887198199200E-01 a       618     0    31     1    18
  4.3728268872353492E-03 a       619     0    31     1    19
  7.0590342134401263E-03 a       620     0    31     1    20
 -6.9568539371917648E-01 a       621     0    32     1     1
  2.9095486199299764E-01 a       622     0    32     1     2
 -3.0192500119465654E-01 a       623     0    32     1     3
 -1.0833017497063820E-01 a       624     0    32     1     4
 -2.1467007859500548E-01 a       625     0    32     1     5
 -4.3005553309215544E-01 a       626     0    32     1     6
  2.6311027323214053E-01 a       627     0    32     1     7
  1.2356123419741323E-01 a       628     0    32     1     8
 -6.1442737231003422E-02 a       629     0    32     1     9
  3.8375209942867849E-01 a       630     0    32     1    10
  2.2268184922429438E-01 a       631     0    32     1    11
  1.8611156431654164E-02 a       632     0    32     1    12
  3.6319671614130095E-01 a       633     0    32     1    13
 -9.6502335510548487E-02 a       634     0    32     1    14
  4.4506140702638131E-01 a       635     0    32     1    15
  1.4348182367801054E-01 a       636     0    32     1    16
  2.2426615190048854E-01 a       637     0    32     1    17
 -4.2999520629540094E-01 a       638     0    32     1    18
 -4.5729418717329690E-01 a       639     0    32     1    19
 -1.5307964556130671E-01 a       640     0    32     1    20
 -1.7401213242157304E-01 a       641     0    33     1     1
 -2.0179454322721826E-01 a       642     0    33     1     2
  5.2184598056223511E-02 a       643     0    33     1     3
  1.7503805814344583E-01 a       644     0    33     1     4
  4.5211895742781658E-02 a       645     0    33     1     5
 -4.1465469690356867E-02 a       646     0    33     1     6
  7.2963017678444833E-02 a       647     0    33     1     7
 -1.4349783774840340E-03 a       648     0    33     1     8
  2.8611833052886987E-01 a       649     0    33     1     9
  7.2667675575062915E-02 a       650     0    33     1    10
 -8.5239349815082091E-02 a       651     0    33     1    11
  6.0360128493719009E-02 a       652     0    33     1    12
 -1.9222230031726392E-01 a       653     0    33     1    13
 -9.6855262397811628E-02 a       654     0    33     1    14
 -8.1881806607406779E-02 a       655     0    33     1    15
 -2.2404203919149515E-01 a       656     0    33     1    16
 -1.5995443441587642E-01 a       657     0    33     1    17
  1.8234947516686054E-01 a       658     0    33     1    18
 -2.5039253513450682E-03 a       659     0    33     1    19
 -2.7685255509080081E-01 a       660     0    33     1    20
  7.8067851248611475E-01 a       661     0    34     1     1
 -1.5664263736711515E-01 a       662     0    34     1     2
  2.0352253104589088E-01 a       663     0    34     1     3
  3.1712668112392828E-01 a       664     0    34     1     4
  3.4790215515823530E-01 a       665     0    34     1     5
  1.6067372608102669E-02 a       666     0    34     1     6
 -4.7244281090481732E-02 a       667     0    34     1     7
 -4.9965697212657112E-01 a       668     0    34     1     8
  2.0602269590634237E-01 a       669     0    34     1     9
  1.5047851661884565E-01 a       670     0    34     1    10
 -1.5924128589240757E-01 a       671     0    34     1    11
 -3.6503446960193836E-01 a       672     0    34     1    12
 -5.4137492627426460E-02 a       673     0    34     1    13
  1.1917183774928894E-01 a       674     0    34     1    14
 -1.7769138535022982E-01 a       675     0    34     1    15
  1.1696924399404462E-02 a       676     0    34     1    16
  1.2907323654023622E-01 a       677     0    34     1    17
  7.3168851230912035E-01 a       678     0    34     1    18
 -5.1878435938921198E-02 a       679     0    34     1    19
  4.0539098471354290E-01 a       680     0    34     1    20
 -8.0256827168650791E-02 a       681     0    35     1     1
 -9.7333346595244827E-02 a       682     0    35     1     2
 -1.5847868900917750E-01 a       683     0    35     1     3
  1.8165989555030015E-01 a       684     0    35     1     4
 -2.2921166436292561E-02 a       685     0    35     1     5
 -2.9145243484850567E-02 a       686     0    35     1     6
 -1.1564714450605579E-01 a       687     0    35     1     7
 -1.0282677534153074E-01 a       688     0    35     1     8
  1.5870467994322530E-02 a       689     0    35     1     9
  5.2904923890311914E-02 a       690     0    35     1    10
  3.2373064915147486E-02 a       691     0    35     1    11
 -1.5270646971024263E-01 a       692     0    35     1    12
  2.1781041121029843E-02 a       693     0    35     1    13
  6.2731172205890843E-03 a       694     0    35     1    14
  9.4193016842773661E-02 a       695     0    35     1    15
  5.4429246506285417E-02 a       696     0    35     1    16
  1.8699110087630533E-01 a       697     0    35     1    17
 -1.7213966135980480E-01 a       698     0    35     1    18
  3.5633265537978194E-02 a       699     0    35     1    19
  2.4096014629613891E-01 a       700     0    35     1    20
 -8.3167597236545307E-02 a       701     0    36     1     1
  1.8677474264677554E-01 a       702     0    36     1     2
 -2.2488642673142334E-01 a       703     0    36     1     3
 -1.4540278142899268E-01 a       704     0    36     1     4
  1.0412639078129600E-01 a       705     0    36     1     5
  2.6340398736809922E-01 a       706     0    36     1     6
  1.0794366921200675E-01 a       707     0    36     1     7
 -1.6903959595689313E-01 a       708     0    36     1     8
 -2.8443507163192328E-01 a       709     0    36     1     9
 -3.9320514421525066E-01 a       710     0    36     1    10
 -6.8350152631048112E-03 a       711     0    36     1    11
 -1.8474286407499016E-01 a       712     0    36     1    12
 -2.2022964177873028E-01 a       713     0    36     1    13
  1.7465004929209668E-01 a       714     0    36     1    14
  2.5803446008680366E-02 a       715     0    36     1    15
 -2.7624130461850385E-02 a       716     0    36     1    16
  2.5527362063845388E-01 a       717     0    36     1    17
  1.6020457184560252E-01 a       718     0    36     1    18
  1.8164093832001954E-01 a       719     0    36     1    19
 -4.9870952736534219E-02 a       720     0    36     1    20
  6.9666875207135470E-01 a       721     0    37     1     1
 -4.9352885644497813E-01 a       722     0    37     1     2
  5.4821677865733287E-01 a       723     0    37     1     3
 -3.2729964465302036E-01 a       724     0    37     1     4
 -2.9526871982745145E-01 a       725     0    37     1     5
  2.8708308634915125E-01 a       726     0    37     1     6
 -4.2775568502830208E-01 a       727     0    37     1     7
  6.1195572220875738E-01 a       728     0    37     1     8
  2.8893470147954126E-01 a       729     0    37     1     9
 -2.2325246459952355E-01 a       730     0    37     1    10
 -1.3033604635491061E-01 a       731     0    37     1    11
  7.6490722075311479E-01 a       732     0    37     1    12
  6.0451088472606905E-02 a       733     0    37     1    13
  1.8927647934813854E-01 a       734     0    37     1    14
  3.0606743175264595E-01 a       735     0    37     1    15
  4.3080982956343827E-01 a       736     0    37     1    16
 -1.0496757151109766E-01 a       737     0    37     1    17
  2.4711327492600330E-01 a       738     0    37     1    18
  1.9502093808219059E-01 a       739     0    37     1    19
  3.2454958989442256E-01 a       740     0    37     1    20
  2.0807276769418195E-01 a       741     0    38     1     1
  6.0724183552083373E-02 a       742     0    38     1     2
 -1.4890801181384236E-02 a       743     0    38     1     3
 -7.6186983412124168E-02 a       744     0    38     1     4
  1.4045590703356614E-01 a       745     0    38     1     5
  3.0175855464734912E-02 a       746     0    38     1     6
  2.1782176881612339E-01 a       747     0    38     1     7
 -1.4811382559998668E-01 a       748     0    38     1     8
 -5.8727687139571917E-02 a       749     0    38     1     9
 -7.7687385132024431E-02 a       750     0    38     1    10
  7.7057210102686097E-02 a       751     0    38     1    11
 -4.0300025687860591E-02 a       752     0    38     1    12
  1.9012687013871496E-01 a       753     0    38     1    13
  2.4222365126681217E-01 a       754     0    38     1    14
 -9.3032580011813762E-02 a       755     0    38     1    15
  9.9697261561021627E-02 a       756     0    38     1    16
  1.2201854168606463E-01 a       757     0    38     1    17
  1.0451996404862215E-01 a       758     0    38     1    18
  5.8109572190828710E-03 a       759     0    38     1    19
 -8.1505180995247464E-02 a       760     0    38     1    20
 -2.7229755477966533E-01 a       761     0    39     1     1
  1.8610568447667200E-01 a       762     0    39     1     2
 -8.5344115607761048E-02 a       763     0    39     1     3
  1.8290691064355857E-01 a       764     0    39     1     4
 -1.1372266564051378E-01 a       765     0    39     1     5
 -6.7362952962511493E-03 a       766     0    39     1     6
 -6.9510098621854643E-02 a       767     0    39     1     7
  1.8915506866038348E-01 a       768     0    39     1     8
 -1.7162532076864547E-02 a       769     0    39     1     9
  2.0366025875514407E-02 a       770     0    39     1    10
 -1.0619764808381225E-01 a       771     0    39     1    11
 -3.2327467448498148E-01 a       772     0    39     1    12
 -3.5782438858090104E-01 a       773     0    39     1    13
  6.4531931528946040E-02 a       774     0    39     1    14
  1.4233460833128939E-01 a       775     0    39     1    15
  1.1865183948900228E-01 a       776     0    39     1    16
  5.2872561908377746E-02 a       777     0    39     1    17
 -4.5089654834223947E-01 a       778     0    39     1    18
 -3.8123603168893627E-02 a       779     0    39     1    19
 -2.0979082211919622E-01 a       780     0    39     1    20
  1.4008210551013855E-01 a       781     0    40     1     1
  9.0336629493922252E-02 a       782     0    40     1     2
 -6.7505155612355316E-02 a       783     0    40     1     3
 -1.4798455009585043E-01 a       784     0    40     1     4
  8.9476654697401875E-02 a       785     0    40     1     5
 -1.1588401383421471E-01 a       786     0    40     1     6
 -1.8324951120306901E-01 a       787     0    40     1     7
  7.4584253640599396E-02 a       788     0    40     1     8
  8.3653983100659982E-02 a       789     0    40     1     9
  2.1257175574233591E-02 a       790     0    40     1    10
  2.6548344728264648E-02 a       791     0    40     1    11
  2.3272790649966651E-01 a       792     0    40     1    12
  5.9619736236161909E-02 a       793     0    40     1    13
 -5.2105011924696992E-03 a       794     0    40     1    14
  3.8930064512787181E-02 a       795     0    40     1    15
  1.0634234404394662E-01 a       796     0    40     1    16
  8.0722546332757814E-02 a       797     0    40     1    17
  1.2150434149033681E-01 a       798     0    40     1    18
  9.8195823751221253E-02 a       799     0    40     1    19
 -5.9254597348518151E-02 a       800     0    40     1    20
  3.3701363589988938E-02 a       801     0    41     1     1
  4.7666723129906413E-02 a       802     0    41     1     2
  5.2446663076970927E-02 a       803     0    41     1     3
 -4.7953317672271199E-02 a       804     0    41     1     4
 -9.6150641562747705E-02 a       805     0    41     1     5
  1.6098264898674938E-01 a       806     0    41     1     6
  6.0250843965187935E-02 a       807     0    41     1     7
 -8.8347239690978446E-03 a       808     0    41     1     8
 -4.3057402491561793E-02 a       809     0    41     1     9
  3.7327733571243533E-02 a       810     0    41     1    10
 -1.4657982708336920E-02 a       811     0    41     1    11
 -2.8011358026438320E-02 a       812     0    41     1    12
 -7.4419929231059140E-02 a       813     0    41     1    13
  7.2105949162927854E-02 a       814     0    41     1    14
  1.0249497323232641E-01 a       815     0    41     1    15
  1.0366593849069163E-01 a       816     0    41     1    16
  9.2997685363721230E-02 a       817     0    41     1    17
 -6.3083601721212412E-02 a       818     0    41     1    18
 -4.8998810480432690E-02 a       819     0    41     1    19
  7.9321124047543615E-02 a       820     0    41     1    20
  5.9302009254113733E-02 a       821     0    42     1     1
 -4.8228627481599201E-02 a       822     0    42     1     2
 -2.1709853489120098E-03 a       823     0    42     1     3
  2.3973642025261577E-02 a       824     0    42     1     4
 -8.2076731125240318E-02 a       825     0    42     1     5
 -3.5169448915847523E-01 a       826     0    42     1     6
  4.2511089594409607E-02 a       827     0    42     1     7
  4.8467829794098541E-02 a       828     0    42     1     8
  9.6635769324053336E-02 a       829     0    42     1     9
 -1.7128199103757225E-01 a       830     0    42     1    10
  1.8420084575213988E-01 a       831     0    42     1    11
 -1.3913866416796958E-01 a       832     0    42     1    12
  4.0951423722644077E-02 a       833     0    42     1    13
  5.5109236608850013E-03 a       834     0    42     1    14
 -1.7886600744174494E-01 a       835     0    42     1    15
 -5.3055250851050659E-02 a       836     0    42     1    16
 -1.2272524667417770E-01 a       837     0    42     1    17
 -1.5161810877044052E-01 a       838     0    42     1    18
 -3.7866553115721929E-02 a       839     0    42     1    19
 -2.5593427913497624E-01 a       840     0    42     1    20
  6.5547022687900802E-02 a       841     0    43     1     1
  8.2463647804283419E-02 a       842     0    43     1     2
 -7.0580062856634762E-02 a       843     0    43     1     3
 -2.0275925911573187E-01 a       844     0    43     1     4
 -6.2544412725615922E-02 a       845     0    43     1     5
  8.2331187047451779E-02 a       846     0    43     1     6
  1.2225630385858179E-01 a       847     0    43     1     7
 -6.6809350492326530E-02 a       848     0    43     1     8
  2.5009638947384241E-02 a       849     0    43     1     9
 -7.1918606335209273E-02 a       850     0    43     1    10
  2.0683363804754654E-01 a       851     0    43     1    11
 -7.5084354612067986E-02 a       852     0    43     1    12
  1.8341791903727483E-01 a       853     0    43     1    13
  6.0247777557515855E-02 a       854     0    43     1    14
 -1.8732912867022677E-01 a       855     0    43     1    15
  1.0954522121038235E-01 a       856     0    43     1    16
  8.2966088493808526E-03 a       857     0    43     1    17
 -7.2502585551240561E-02 a       858     0    43     1    18
  7.3886388388103338E-02 a       859     0    43     1    19
 -1.1066588900824646E-01 a       860     0    43     1    20
 -2.8220479674334814E-01 a       861     0    44     1     1
 -1.7568278845647747E-01 a       862     0    44     1     2
 -6.9273027943255294E-02 a       863     0    44     1     3
  5.1455601142702867E-02 a       864     0    44     1     4
 -8.0466696469013443E-02 a       865     0    44     1     5
  2.5677482934659412E-01 a       866     0    44     1     6
  2.9005526508118812E-01 a       867     0    44     1     7
  1.4363416876683283E-01 a       868     0    44     1     8
 -2.6177348695065400E-01 a       869     0    44     1     9
 -2.0811461485661845E-01 a       870     0    44     1    10
 -6.6414682911433626E-02 a       871     0    44     1    11
  8.1846923150930232E-03 a       872     0    44     1    12
  1.5745148408987075E-01 a       873     0    44     1    13
  2.5734091820518962E-01 a       874     0    44     1    14
  1.8286465464295569E-03 a       875     0    44     1    15
  1.5813876960353840E-01 a       876     0    44     1    16
 -8.3086073676954097E-03 a       877     0    44     1    17
  1.7814516306925904E-01 a       878     0    44     1    18
  6.0834950496472480E-02 a       879     0    44     1    19
 -2.9827920466215730E-02 a       880     0    44     1    20
 -9.0218821728978618E-02 a       881     0    45     1     1
  4.1729292687243666E-02 a       882     0    45     1     2
 -1.8240855082952243E-01 a       883     0    45     1     3
  7.9176495676191991E-02 a       884     0    45     1     4
 -7.4869760856443826E-02 a       885     0    45     1     5
 -1.5493471123377681E-01 a       886     0    45     1     6
 -1.6183589460271933E-01 a       887     0    45     1     7
  1.8286077720622251E-02 a       888     0    45     1     8
  2.5091981196746462E-02 a       889     0    45     1     9
 -2.4652512806543700E-01 a       890     0    45     1    10
 -5.5113856296740600E-02 a       891     0    45     1    11
 -3.4369086987919913E-02 a       892     0    45     1    12
 -2.7176954804452383E-02 a       893     0    45     1    13
  5.5018457086346645E-02 a       894     0    45     1    14
 -5.6702152345758164E-03 a       895     0    45     1    15
 -5.3668207818322031E-02 a       896     0    45     1    16
  1.0446022453973716E-02 a       897     0    45     1    17
 -9.5892228370844310E-02 a       898     0    45     1    18
  5.8398081630903619E-02 a       899     0    45     1    19
 -9.0214079386713511E-02 a       900     0    45     1    20
 -4.8575609185830010E-02 a       901     0    46     1     1
 -2.5327361916522667E-01 a       902     0    46     1     2
  2.3813358878518798E-01 a       903     0    46     1     3
  1.9548770295631560E-01 a       904     0    46     1     4
 -3.6328632052962961E-01 a       905     0    46     1     5
 -6.3075479944588397E-02 a       906     0    46     1     6
  3.5019054698187342E-02 a       907     0    46     1     7
  2.2070794226208382E-01 a       908     0    46     1     8
 -3.1634947157489351E-01 a       909     0    46     1     9
  5.6680947302148101E-02 a       910     0    46     1    10
 -2.6374438291371729E-02 a       911     0    46     1    11
 -9.9494477020571612E-02 a       912     0    46     1    12
  6.1330529344573240E-02 a       913     0    46     1    13
 -2.0883817071234420E-01 a       914     0    46     1    14
  1.7478087717710128E-01 a       915     0    46     1    15
 -1.8262158419644325E-01 a       916     0    46     1    16
 -1.1391202511996990E-01 a       917     0    46     1    17
 -6.2582707525558234E-01 a       918     0    46     1    18
 -3.7239246104115031E-01 a       919     0    46     1    19
 -1.8824373900969205E-01 a       920     0    46     1    20
  4.4896506828251781E-01 a       921     0    47     1     1
  7.9153628153642880E-02 a       922     0    47     1     2
 -8.7270523865088601E-01 a       923     0    47     1     3
  2.7144776438206980E-01 a       924     0    47     1     4
  4.2797277759463936E-01 a       925     0    47     1     5
  1.1991428117557462E-02 a       926     0    47     1     6
 -1.9669524348980096E-02 a       927     0    47     1     7
 -6.5423558420644234E-01 a       928     0    47     1     8
 -2.7105859809623128E-01 a       929     0    47     1     9
  3.4813722995270546E-01 a       930     0    47     1    10
  1.1936305031046526E-01 a       931     0    47     1    11
 -1.3382654755590329E-01 a       932     0    47     1    12
 -3.1835897927752849E-01 a       933     0    47     1    13
 -3.7677882737069834E-01 a       934     0    47     1    14
 -4.6997215510779128E-01 a       935     0    47     1    15
 -3.0593952417332188E-01 a       936     0    47     1    16
  1.1175989648420205E-01 a       937     0    47     1    17
  4.3508915075979337E-01 a       938     0    47     1    18
  4.6051200399770814E-01 a       939     0    47     1    19
 -3.4872518832087679E-01 a       940     0    47     1    20
 -7.4785029286781823E-02 a       941     0    48     1     1
  1.0154554149531682E-02 a       942     0    48     1     2
  2.1148012447671706E-02 a       943     0    48     1     3
 -2.5930978345449877E-02 a       944     0    48     1     4
 -1.3684605717363427E-01 a       945     0    48     1     5
  6.7201008783589838E-02 a       946     0    48     1     6
  9.6505360759853043E-03 a       947     0    48     1     7
  8.0578805268769774E-02 a       948     0    48     1     8
 -5.6839856341265545E-02 a       949     0    48     1     9
  7.8849597421526280E-02 a       950     0    48     1    10
 -3.3478454171033685E-02 a       951     0    48     1    11
  8.4883119109961019E-02 a       952     0    48     1    12
 -9.2635208889188150E-02 a       953     0    48     1    13
 -1.0407858017355280E-01 a       954     0    48     1    14
  1.2455573923690459E-01 a       955     0    48     1    15
 -5.8105598177372153E-02 a       956     0    48     1    16
 -3.1433309296495772E-02 a       957     0    48     1    17
 -8.0433831333655059E-02 a       958     0    48     1    18
 -2.0182410512410768E-02 a       959     0    48     1    19
 -3.7116828927554670E-02 a       960     0    48     1    20
 -1.9331813444946157E-04 a       961     0    49     1     1
  1.9612192380168789E-02 a       962     0    49     1     2
  1.0121027081639079E-01 a       963     0    49     1     3
 -3.8414863728029582E-02 a       964     0    49     1     4
  4.2617842020294359E-02 a       965     0    49     1     5
 -2.2060649130697033E-01 a       966     0    49     1     6
  3.3709766777137128E-02 a       967     0    49     1     7
  7.0305990857074008E-02 a       968     0    49     1     8
  5.9796894096344588E-02 a       969     0    49     1     9
 -1.4826098162042695E-02 a       970     0    49     1    10
 -2.9757214064305704E-02 a       971     0    49     1    11
  2.1137972282779732E-01 a       972     0    49     1    12
  2.7108963019248461E-01 a       973     0    49     1    13
  1.5127925630477418E-01 a       974     0    49     1    14
  3.0980336627075777E-02 a       975     0    49     1    15
  1.5815829904172608E-02 a       976     0    49     1    16
 -5.7533308926452174E-03 a       977     0    49     1    17
  5.5904789797838091E-02 a       978     0    49     1    18
 -4.6707978952354179E-02 a       979     0    49     1    19
  2.1794341088764002E-01 a       980     0    49     1    20
 -8.6330044739784933E-03 a       981     0    50     1     1
 -1.1738806757756083E-01 a       982     0    50     1     2
  9.0288332729769119E-02 a       983     0    50     1     3
  1.3762667814981563E-01 a       984     0    50     1     4
  3.0443438469031974E-03 a       985     0    50     1     5
 -1.2087688636750460E-01 a       986     0    50     1     6
  7.6143761680934313E-02 a       987     0    50     1     7
 -5.1072179583923905E-02 a       988     0    50     1     8
  9.9249990596432542E-03 a       989     0    50     1     9
  6.1543740207103841E-02 a       990     0    50     1    10
 -1.2026307102653224E-02 a       991     0    50     1    11
 -1.0075875365833174E-01 a       992     0    50     1    12
 -7.4048854578866244E-02 a       993     0    50     1    13
 -5.5608621764292120E-02 a       994     0    50     1    14
  5.4343636257549746E-02 a       995     0    50     1    15
 -9.9452812876007476E-02 a       996     0    50     1    16
 -3.6263583843511513E-02 a       997     0    50     1    17
  2.8409011807322134E-02 a       998     0    50     1    18
  8.6849577712401656E-03 a       999     0    50     1    19
  6.7929883564621693E-02 a      1000     0    50     1    20
 -4.0669472775296373E-01 b      1001     1     1
 -1.3606211156627135E+00 b      1002     1     2
 -6.3490908989245376E-01 b      1003     1     3
  1.1162594468202156E+00 b      1004     1     4
 -3.2456535476868636E-01 b      1005     1     5
 -1.3906626491830212E+00 b      1006     1     6
  3.7974800232912675E-01 b      1007     1     7
  3.7873717469568557E-01 b      1008     1     8
  6.4884928141170239E-01 b      1009     1     9
  2.7099721964899037E-01 b      1010     1    10
  1.1149622856807480E+00 b      1011     1    11
 -2.6833190916072593E-02 b      1012     1    12
 -1.8863037147197428E-01 b      1013     1    13
  1.5852289195637040E-01 b      1014     1    14
  4.7419347982730772E-02 b      1015     1    15
  9.0817582435712463E-01 b      1016     1    16
  5.7687362813095389E-01 b      1017     1    17
  9.2864217726315712E-01 b      1018     1    18
 -1.5081657529377979E+00 b      1019     1    19
  9.0996386451279088E-01 b      1020     1    20
 -5.5101325426233050E-01 a      1021     1     1     2     1
  6.4061658068978178E-02 a      1022     1     1     2     2
 -1.2616014612151016E-01 a      1023     1     1     2     3
  1.6202852663536430E-01 a      1024     1     1     2     4
 -7.0835684863303872E-01 a      1025     1     1     2     5
  5.8723330325703693E-01 a      1026     1     1     2     6
 -7.3859317074258468E-01 a      1027     1     1     2     7
 -1.8546234248001137E-01 a      1028     1     1     2     8
  2.9517444775360757E-01 a      1029     1     1     2     9
 -2.4199427731452139E-01 a      1030     1     1     2    10
 -7.6294600443003746E-01 a      1031     1     1     2    11
 -5.4787033236421456E-01 a      1032     1     1     2    12
  3.1443243310742996E-02 a      1033     1     1     2    13
  2.8824943591960205E-02 a      1034     1     1     2    14
  4.3428999344119423E-02 a      1035     1     1     2    15
  3.0178585687059151E-01 a      1036     1     1     2    16
  3.9219631650409953E-01 a      1037     1     1     2    17
  2.9064325399957536E-01 a      1038     1     1     2    18
 -8.9180669400341070E-02 a      1039     1     1     2    19
 -6.2150245272220031E-02 a      1040     1     1     2    20
  1.4245845350497552E-01 a      1041     1     2     2     1
 -2.8424449357293141E-01 a      1042     1     2     2     2
 -2.8146810333587008E-01 a      1043     1     2     2     3
 -6.9128838831651593E-02 a      1044     1     2     2     4
 -1.6356954662978021E-01 a      1045     1     2     2     5
 -1.8088112665081071E-01 a      1046     1     2     2     6
  6.0522900568480931E-01 a      1047     1     2     2     7
  2.2530842414385657E-01 a      1048     1     2     2     8
 -4.3073280721263890E-01 a      1049     1     2     2     9
  3.6163358161291614E-01 a      1050     1     2     2    10
 -2.3071011821607482E-01 a      1051     1     2     2    11
 -2.3680469169903476E-01 a      1052     1     2     2    12
  5.9592986673989279E-01 a      1053     1     2     2    13
 -5.9615169131446244E-01 a      1054     1     2     2    14
 -9.1364987944170017E-01 a      1055     1     2     2    15
 -7.1381500203344084E-01 a      1056     1     2     2    16
  5.8865279604956211E-01 a      1057     1     2     2    17
 -5.5117467855743885E-01 a      1058     1     2     2    18
  5.3016036746000292E-02 a      1059     1     2     2    19
 -1.2251363372063742E-01 a      1060     1     2     2    20
  7.2520440920051443E-02 a      1061     1     3     2     1
  5.9136721576522167E-01 a      1062     1     3     2     2
 -5.2122048203908011E-01 a      1063     1     3     2     3
  3.0092350871973633E-01 a      1064     1     3     2     4
 -4.9367490084391269E-01 a      1065     1     3     2     5
 -8.7456943103039336E-02 a      1066     1     3     2     6
  6.0538703823933249E-01 a      1067     1     3     2     7
  4.6985296645294211E-01 a      1068     1     3     2     8
 -3.8683779543174701E-01 a      1069     1     3     2     9
  3.1366197925531042E-01 a      1070     1     3     2    10
 -4.3886877138957997E-01 a      1071     1     3     2    11
 -3.2313367924276114E-03 a      1072     1     3     2    12
 -6.0089122565488963E-02 a      1073     1     3     2    13
 -4.9157291837342670E-01 a      1074     1     3     2    14
  2.5069051590815628E-01 a      1075     1     3     2    15
 -7.4641607042775865E-02 a      1076     1     3     2    16
 -5.4255114271404636E-01 a      1077     1     3     2    17
  4.5110461666769175E-01 a      1078     1     3     2    18
 -2.1182798865719291E-01 a      1079     1     3     2    19
 -2.6054062017332458E-01 a      1080     1     3     2    20
  4.6568511112490169E-01 a      1081     1     4     2     1
  3.8556777717391105E-01 a      1082     1     4     2     2
  3.6430853375247452E-01 a      1083     1     4     2     3
  1.4068918700234803E-01 a      1084     1     4     2     4
 -4.2201084925141108E-01 a      1085     1     4     2     5
  2.0919665620712785E-01 a      1086     1     4     2     6
  3.9531063433383845E-01 a      1087     1     4     2     7
 -6.1699024804035517E-02 a      1088     1     4     2     8
  3.4946569829877089E-01 a      1089     1     4     2     9
  3.1382970538472621E-01 a      1090     1     4     2    10
 -9.2566289263391749E-02 a      1091     1     4     2    11
 -1.5636127409129327E-01 a      1092     1     4     2    12
 -6.8897098455020378E-01 a      1093     1     4     2    13
  1.6281959451440028E-01 a      1094     1     4     2    14
  7.7699053870594148E-01 a      1095     1     4     2    15
  1.2395991091442644E-01 a      1096     1     4     2    16
  1.6011682466534234E-02 a      1097     1     4     2    17
  8.0832490921340450E-01 a      1098     1     4     2    18
 -3.9143301148661880E-01 a      1099     1     4     2    19
  2.7938671601836290E-01 a      1100     1     4     2    20
 -5.9177345008288196E-02 a      1101     1     5     2     1
  1.6745244815695051E-01 a      1102     1     5     2     2
  4.0598194084925632E-01 a      1103     1     5     2     3
  4.3304237659969336E-01 a      1104     1     5     2     4
 -1.4967197223866541E-01 a      1105     1     5     2     5
 -2.3294220756806058E-01 a      1106     1     5     2     6
 -5.9993593826046451E-02 a      1107     1     5     2     7
  7.4023264072370620E-01 a      1108     1     5     2     8
  8.8441468558164460E-01 a      1109     1     5     2     9
 -5.1045157336981650E-01 a      1110     1     5     2    10
 -2.8601493173472048E-01 a      1111     1     5     2    11
  1.0198729468486484E-01 a      1112     1     5     2    12
  5.6266180555680434E-01 a      1113     1     5     2    13
 -4.9604553538324780E-01 a      1114     1     5     2    14
  3.4771971687194314E-02 a      1115     1     5     2    15
 -3.8256936499487315E-01 a      1116     1     5     2    16
 -4.5093693600405743E-01 a      1117     1     5     2    17
 -5.2462190428204336E-01 a      1118     1     5     2    18
 -3.3726885544954005E-01 a      1119     1     5     2    19
 -2.4430303609490650E-01 a      1120     1     5     2    20
 -4.8615799912594126E-01 a      1121     1     6     2     1
 -3.3498273260771694E-01 a      1122     1     6     2     2
 -1.1549626837141917E-01 a      1123     1     6     2     3
 -7.2227577238671103E-01 a      1124     1     6     2     4
 -4.3357123891796967E-01 a      1125     1     6     2     5
 -1.9208986387473734E-01 a      1126     1     6     2     6
  2.3213153177922452E-01 a      1127     1     6     2     7
 -5.7078511353614048E-01 a      1128     1     6     2     8
 -3.7426528704282169E-01 a      1129     1     6     2     9
  2.3910081491415741E-01 a      1130     1     6     2    10
 -6.2526211865508241E-01 a      1131     1     6     2    11
 -1.9550969510556751E-01 a      1132     1     6     2    12
  2.2722276533217867E-01 a      1133     1     6     2    13
 -3.2465767708053583E-01 a      1134     1     6     2    14
  3.5734470622509346E-01 a      1135     1     6     2    15
  2.4662871651443793E-01 a      1136     1     6     2    16
  1.3970574865742821E-01 a      1137     1     6     2    17
  5.2307192518884627E-01 a      1138     1     6     2    18
  3.5709356329807146E-01 a      1139     1     6     2    19
  5.8160491794927571E-01 a      1140     1     6     2    20
 -4.2950214285824917E-01 a      1141     1     7     2     1
  4.3449478043887130E-01 a      1142     1     7     2     2
  2.7190610698733386E-01 a      1143     1     7     2     3
  2.8439032198060138E-01 a      1144     1     7     2     4
 -2.2248625484543461E-01 a      1145     1     7     2     5
  2.5095483461052964E-01 a      1146     1     7     2     6
  3.8441519068668462E-01 a      1147     1     7     2     7
  3.8934038207500682E-01 a      1148     1     7     2     8
 -9.1938747144525710E-04 a      1149     1     7     2     9
 -4.2673184623205090E-01 a      1150     1     7     2    10
  1.1729534940690230E-01 a      1151     1     7     2    11
 -7.7233888414067892E-02 a      1152     1     7     2    12
 -4.3677848850052145E-02 a      1153     1     7     2    13
  3.9315540824754602E-01 a      1154     1     7     2    14
 -5.1272528670057271E-01 a      1155     1     7     2    15
 -2.7431817101361605E-01 a      1156     1     7     2    16
 -2.3928770812690997E-01 a      1157     1     7     2    17
  2.0529183926708064E-01 a      1158     1     7     2    18
 -9.6413134884004756E-02 a      1159     1     7     2    19
 -6.3210479931648578E-01 a      1160     1     7     2    20
  3.4735093016997354E-01 a      1161     1     8     2     1
  7.1998515773700278E-01 a      1162     1     8     2     2
  5.1787573990522792E-02 a      1163     1     8     2     3
 -2.8486766948473408E-01 a      1164     1     8     2     4
  4.2542239039618859E-02 a      1165     1     8     2     5
  3.1102277901088660E-01 a      1166     1     8     2     6
 -1.1072068153835744E-01 a      1167     1     8     2     7
  3.9904537103523113E-01 a      1168     1     8     2     8
  3.8563815464641538E-01 a      1169     1     8     2     9
  2.1808154385195036E-01 a      1170     1     8     2    10
  6.9974851390390258E-01 a      1171     1     8     2    11
  6.0009472501823002E-01 a      1172     1     8     2    12
 -2.6952702106021115E-01 a      1173     1     8     2    13
  2.1095231058662287E-01 a      1174     1     8     2    14
  1.2199450979768364E-02 a      1175     1     8     2    15
 -4.8680056198683719E-01 a      1176     1     8     2    16
  1.2388575814418040E-01 a      1177     1     8     2    17
 -1.5608526800597815E-02 a      1178     1     8     2    18
 -3.4586873503141052E-01 a      1179     1     8     2    19
 -3.1101314051259471E-01 a      1180     1     8     2    20
  5.0748895243013425E-01 a      1181     1     9     2     1
  8.2991708865813751E-01 a      1182     1     9     2     2
  1.9029333649023514E-02 a      1183     1     9     2     3
  1.0477815620016136E-01 a      1184     1     9     2     4
 -4.6430088902680838E-01 a      1185     1     9     2     5
  5.6594385886419807E-01 a      1186     1     9     2     6
 -1.9849507552994117E-01 a      1187     1     9     2     7
  6.5899530315218846E-01 a      1188     1     9     2     8
 -8.5637149425704440E-01 a      1189     1     9     2     9
 -3.1190361891508218E-02 a      1190     1     9     2    10
 -1.9953488055261070E-01 a      1191     1     9     2    11
 -3.8263964926276463E-02 a      1192     1     9     2    12
  1.8857809547943225E-01 a      1193     1     9     2    13
  7.5558750102883543E-02 a      1194     1     9     2    14
  3.7906453580982241E-01 a      1195     1     9     2    15
  7.7689611503147904E-02 a      1196     1     9     2    16
 -5.3754252386100898E-01 a      1197     1     9     2    17
 -2.1873220938764877E-02 a      1198     1     9     2    18
 -4.1386555837402123E-01 a      1199     1     9     2    19
 -8.1244359744635064E-01 a      1200     1     9     2    20
 -1.0583448684182976E-01 a      1201     1    10     2     1
 -3.6004587239429298E-01 a      1202     1    10     2     2
 -1.2207450062014834E-02 a      1203     1    10     2     3
 -3.8219364020855373E-01 a      1204     1    10     2     4
  4.6813623960982714E-01 a      1205     1    10     2     5
 -1.6154440521498695E-01 a      1206     1    10     2     6
  9.3346647669735261E-01 a      1207     1    10     2     7
 -1.6683280769089978E-01 a      1208     1    10     2     8
  4.2412460197754170E-01 a      1209     1    10     2     9
  2.3160819796215784E-01 a      1210     1    10     2    10
  3.2968710145153934E-01 a      1211     1    10     2    11
  2.0334845777361332E-01 a      1212     1    10     2    12
 -4.9432779862270770E-01 a      1213     1    10     2    13
 -2.4555296430537479E-01 a      1214     1    10     2    14
  2.1082439683526383E-01 a      1215     1    10     2    15
  1.2577473846627293E-01 a      1216     1    10     2    16
  4.7699199586144808E-01 a      1217     1    10     2    17
 -5.2550807260422061E-01 a      1218     1    10     2    18
  1.6570576490020958E-01 a      1219     1    10     2    19
  1.8259192976093575E-01 a      1220     1    10     2    20
 -6.0953229604683101E-01 a      1221     1    11     2     1
 -6.3399406031566119E-01 a      1222     1    11     2     2
 -7.3512839572126465E-01 a      1223     1    11     2     3
  5.2132705751591768E-01 a      1224     1    11     2     4
 -3.1810846852640068E-01 a      1225     1    11     2     5
 -7.6245932742795952E-01 a      1226     1    11     2     6
  7.2289659917118804E-02 a      1227     1    11     2     7
  9.8169832515715441E-02 a      1228     1    11     2     8
  3.0993572789696078E-01 a      1229     1    11     2     9
  2.4573013000421998E-01 a      1230     1    11     2    10
  5.1177044057795384E-02 a      1231     1    11     2    11
  6.4256624219297642E-01 a      1232     1    11     2    12
 -5.5283283673422567E-01 a      1233     1    11     2    13
  3.8816951528039378E-01 a      1234     1    11     2    14
 -3.9959732401907488E-01 a      1235     1    11     2    15
  5.7812627055246438E-02 a      1236     1    11     2    16
  2.3048438498430590E-01 a      1237     1    11     2    17
 -4.5733901905403135E-02 a      1238     1    11     2    18
 -5.5267539926431630E-01 a      1239     1    11     2    19
  3.1929982015451841E-01 a      1240     1    11     2    20
 -4.1516874811378457E-01 a      1241     1    12     2     1
  9.8573924581466565E-01 a      1242     1    12     2     2
  3.2191336805404613E-01 a      1243     1    12     2     3
  5.6485944377808939E-01 a      1244     1    12     2     4
 -2.7887098479091127E-02 a      1245     1    12     2     5
 -7.5319018328146925E-01 a      1246     1    12     2     6
  1.8852139095148393E-02 a      1247     1    12     2     7
  2.9131729109781362E-01 a      1248     1    12     2     8
  9.1917901431695231E-02 a      1249     1    12     2     9
  5.2793066404429580E-02 a      1250     1    12     2    10
  2.3626422163062744E-01 a      1251     1    12     2    11
 -2.8605556189311721E-01 a      1252     1    12     2    12
 -1.0538753538113504E-01 a      1253     1    12     2    13
 -3.2785700772463305E-01 a      1254     1    12     2    14
  4.8619371455371702E-01 a      1255     1    12     2    15
  7.3088032803274930E-02 a      1256     1    12     2    16
 -2.9986414452234694E-01 a      1257     1    12     2    17
  1.0964882517521894E-01 a      1258     1    12     2    18
 -1.2985822103964398E-01 a      1259     1    12     2    19
  1.0012619559191165E-01 a      1260     1    12     2    20
  2.6027512021671895E-01 a      1261     1    13     2     1
  6.7416623144383667E-02 a      1262     1    13     2     2
 -5.5145628759046264E-03 a      1263     1    13     2     3
  3.5820749934058919E-02 a      1264     1    13     2     4
 -5.2304831897199577E-01 a      1265     1    13     2     5
 -1.9001575535873101E-03 a      1266     1    13     2     6
 -9.4422964369752557E-03 a      1267     1    13     2     7
  1.7795025617298099E-01 a      1268     1    13     2     8
 -3.3272277984579951E-01 a      1269     1    13     2     9
 -8.4898741907830866E-02 a      1270     1    13     2    10
  1.3440735365256048E-02 a      1271     1    13     2    11
 -7.1500266350732783E-02 a      1272     1    13     2    12
 -4.2036393714669851E-01 a      1273     1    13     2    13
  4.0798020503652532E-01 a      1274     1    13     2    14
  4.0306928138403297E-01 a      1275     1    13     2    15
  7.1694880071366940E-01 a      1276     1    13     2    16
 -1.1376372516244031E-01 a      1277     1    13     2    17
 -7.5090727607416030E-01 a      1278     1    13     2    18
 -5.0287990098962176E-01 a      1279     1    13     2    19
  4.0088057794725035E-01 a      1280     1    13     2    20
  2.3279694464320100E-01 a      1281     1    14     2     1
 -4.4012501966133329E-02 a      1282     1    14     2     2
  7.3904124344180158E-02 a      1283     1    14     2     3
 -2.1871888020062535E-01 a      1284     1    14     2     4
  4.8858838915081909E-01 a      1285     1    14     2     5
 -5.2802136244885622E-01 a      1286     1    14     2     6
 -6.1451119218939665E-01 a      1287     1    14     2     7
  4.2276263943906350E-01 a      1288     1    14     2     8
 -4.6766225719410226E-01 a      1289     1    14     2     9
  4.6682872685705162E-01 a      1290     1    14     2    10
 -4.7308658436916345E-01 a      1291     1    14     2    11
 -1.4357510817659910E-01 a      1292     1    14     2    12
 -5.1581801154344176E-01 a      1293     1    14     2    13
 -5.3383391229257793E-01 a      1294     1    14     2    14
  1.5873825401212058E-01 a      1295     1    14     2    15
 -1.9346169643936487E-01 a      1296     1    14     2    16
 -1.3556398576849232E-01 a      1297     1    14     2    17
 -3.0689001517712211E-01 a      1298     1    14     2    18
 -7.6545810465432462E-01 a      1299     1    14     2    19
 -2.7351402839649530E-01 a      1300     1    14     2    20
  4.1990494338287832E-01 a      1301     1    15     2     1
 -2.2795483268499950E-02 a      1302     1    15     2     2
  4.6314453169355213E-01 a      1303     1    15     2     3
  3.8115370865801218E-01 a      1304     1    15     2     4
 -1.4573784314741725E-01 a      1305     1    15     2     5
  3.1248028412787560E-01 a      1306     1    15     2     6
  1.7723154674570782E-01 a      1307     1    15     2     7
 -1.2568869637092803E-01 a      1308     1    15     2     8
 -2.3439697187304104E-01 a      1309     1    15     2     9
 -4.1506032727681325E-01 a      1310     1    15     2    10
 -6.9383357350585628E-01 a      1311     1    15     2    11
 -9.2271290858728376E-04 a      1312     1    15     2    12
  3.3552744968819964E-01 a      1313     1    15     2    13
 -2.9235455022468088E-01 a      1314     1    15     2    14
 -4.6553558673427455E-02 a      1315     1    15     2    15
 -4.4663275479789555E-01 a      1316     1    15     2    16
 -2.1805434732948870E-01 a      1317     1    15     2    17
 -4.0971653023739368E-01 a      1318     1    15     2    18
 -2.4335684492247406E-01 a      1319     1    15     2    19
  4.4391661059322651E-01 a      1320     1    15     2    20
 -3.6399874938131044E-01 a      1321     1    16     2     1
  3.7301550877980000E-01 a      1322     1    16     2     2
  2.1374754096558451E-01 a      1323     1    16     2     3
  1.5097375069332990E-02 a      1324     1    16     2     4
 -2.3551318794985513E-02 a      1325     1    16     2     5
 -2.7715346760104898E-01 a      1326     1    16     2     6
 -1.6478153999266393E-01 a      1327     1    16     2     7
 -1.4330337384926360E-02 a      1328     1    16     2     8
 -1.7205688097863267E-01 a      1329     1    16     2     9
 -5.2563166623050106E-01 a      1330     1    16     2    10
  1.3274567677011487E-01 a      1331     1    16     2    11
  1.1361935677574285E-02 a      1332     1    16     2    12
 -1.3174626774320017E-01 a      1333     1    16     2    13
 -7.4512880859403685E-01 a      1334     1    16     2    14
  4.4343652871592498E-01 a      1335     1    16     2    15
  3.2960415218213684E-01 a      1336     1    16     2    16
 -4.6838892900619000E-01 a      1337     1    16     2    17
  3.8367665874810863E-01 a      1338     1    16     2    18
 -2.3087517182965511E-01 a      1339     1    16     2    19
  3.5469852136648983E-01 a      1340     1    16     2    20
 -1.6610033097501783E-01 a      1341     1    17     2     1
 -4.5264325322475540E-01 a      1342     1    17     2     2
 -1.9951432502555894E-01 a      1343     1    17     2     3
  8.2695070429888093E-02 a      1344     1    17     2     4
 -5.4849857720641396E-02 a      1345     1    17     2     5
  8.8514047190016612E-02 a      1346     1    17     2     6
 -2.6179781724611018E-01 a      1347     1    17     2     7
  7.8513391132894639E-01 a      1348     1    17     2     8
  3.9293458980945972E-01 a      1349     1    17     2     9
  3.8764528459737224E-01 a      1350     1    17     2    10
  1.5216429107884796E-01 a      1351     1    17     2    11
  4.4660485807088884E-01 a      1352     1    17     2    12
 -2.1812846597819668E-01 a      1353     1    17     2    13
  5.2274790384733788E-02 a      1354     1    17     2    14
  7.6275982687912580E-02 a      1355     1    17     2    15
  1.0177352076521780E-01 a      1356     1    17     2    16
  5.1289579438614130E-01 a      1357     1    17     2    17
 -2.7522674441184847E-01 a      1358     1    17     2    18
  2.8526625791489471E-02 a      1359     1    17     2    19
 -5.4301576473871183E-01 a      1360     1    17     2    20
  5.3265685509369154E-01 a      1361     1    18     2     1
 -8.0436266680128998E-01 a      1362     1    18     2     2
 -3.8334936190616847E-01 a      1363     1    18     2     3
  6.1625249843026164E-01 a      1364     1    18     2     4
  2.6194463094002429E-01 a      1365     1    18     2     5
  9.6721535281291104E-01 a      1366     1    18     2     6
 -7.0138865922216720E-01 a      1367     1    18     2     7
  2.2639735464040930E-01 a      1368     1    18     2     8
 -2.9677627643516719E-01 a      1369     1    18     2     9
 -1.4613473958928286E-01 a      1370     1    18     2    10
 -6.1257426960483245E-02 a      1371     1    18     2    11
 -3.6490074528188543E-01 a      1372     1    18     2    12
 -6.7218754044592688E-01 a      1373     1    18     2    13
  6.8157990761614468E-02 a      1374     1    18     2    14
 -8.2332994979370422E-01 a      1375     1    18     2    15
  2.1723870917800853E-01 a      1376     1    18     2    16
  5.5780247190399157E-01 a      1377     1    18     2    17
  7.8918236812235298E-01 a      1378     1    18     2    18
 -3.5628117859784669E-01 a      1379     1    18     2    19
  1.6209429259512459E-01 a      1380     1    18     2    20
  9.9721113627274566E-02 a      1381     1    19     2     1
 -6.3009332337784130E-01 a      1382     1    19     2     2
  2.3376211445031078E-01 a      1383     1    19     2     3
  3.7054419416658685E-01 a      1384     1    19     2     4
 -2.3337918493327423E-01 a      1385     1    19     2     5
  3.6806627593972435E-01 a      1386     1    19     2     6
 -5.0418791097627064E-02 a      1387     1    19     2     7
  3.0607611477186764E-01 a      1388     1    19     2     8
  4.8940400473664714E-01 a      1389     1    19     2     9
 -8.0511192191096106E-02 a      1390     1    19     2    10
 -3.9671640712769873E-01 a      1391     1    19     2    11
 -1.9310781570409669E-01 a      1392     1    19     2    12
  3.3572272245734824E-01 a      1393     1    19     2    13
  1.1705765933852282E-01 a      1394     1    19     2    14
 -4.4312645926639099E-01 a      1395     1    19     2    15
  1.1780899825197975E-01 a      1396     1    19     2    16
  5.9040736642648473E-01 a      1397     1    19     2    17
 -4.6098644874090061E-01 a      1398     1    19     2    18
 -5.5021047071709350E-01 a      1399     1    19     2    19
  1.7046924845321723E-01 a      1400     1    19     2    20
 -3.4578992772481920E-01 a      1401     1    20     2     1
  9.9923130813847627E-01 a      1402     1    20     2     2
  2.4854905891395532E-01 a      1403     1    20     2     3
 -2.3999896865179457E-01 a      1404     1    20     2     4
  4.2040954791534207E-01 a      1405     1    20     2     5
 -1.0922767033848602E-01 a      1406     1    20     2     6
 -4.9296015131146079E-02 a      1407     1    20     2     7
 -6.0934520640014166E-02 a      1408     1    20     2     8
  5.8717028829613840E-02 a      1409     1    20     2     9
 -3.2872472290637444E-01 a      1410     1    20     2    10
 -2.6574432486841298E-01 a      1411     1    20     2    11
  4.1044954158235131E-01 a      1412     1    20     2    12
 -8.0781738300398226E-02 a      1413     1    20     2    13
 -7.4926813574009954E-01 a      1414     1    20     2    14
 -2.1713418134646711E-01 a      1415     1    20     2    15
  5.0208382831488978E-02 a      1416     1    20     2    16
  3.8212314648958573E-01 a      1417     1    20     2    17
  5.0350032945859613E-01 a      1418     1    20     2    18
  4.0831128181122617E-01 a      1419     1    20     2    19
 -1.2959184645706973E-01 a      1420     1    20     2    20
  1.2960930897153098E+00 b      1421     2     1
  9.4190354194491288E-01 b      1422     2     2
 -1.1675528875530126E+00 b      1423     2     3
 -6.6651843025939816E-01 b      1424     2     4
 -1.7368439243996742E-01 b      1425     2     5
  9.0967098040347183E-01 b      1426     2     6
 -2.0157121175878775E-01 b      1427     2     7
 -1.3156887841603832E-01 b      1428     2     8
 -8.7140708187025562E-01 b      1429     2     9
  4.9115650162750718E-01 b      1430     2    10
 -2.9070704961129989E-01 b      1431     2    11
 -1.5483216158365798E+00 b      1432     2    12
  8.6453465941936603E-01 b      1433     2    13
 -1.9003609137403654E-01 b      1434     2    14
  1.0658395902148612E+00 b      1435     2    15
  7.5432409884695106E-01 b      1436     2    16
 -1.4913688626044408E+00 b      1437     2    17
 -2.8563857277634211E-03 b      1438     2    18
 -7.1943689776122033E-01 b      1439     2    19
  7.0608568591419463E-01 b      1440     2    20
 -2.1114952499414513E-01 a      1441     2     1     3     1
 -7.0431190676273481E-01 a      1442     2     2     3     1
  3.8268572886034219E-01 a      1443     2     3     3     1
  3.0138763172318039E-01 a      1444     2     4     3     1
 -6.5923802049063207E-01 a      1445     2     5     3     1
 -1.8646759165426910E-01 a      1446     2     6     3     1
 -8.6999037075644228E-02 a      1447     2     7     3     1
  2.0733256505369929E-01 a      1448     2     8     3     1
 -1.7650761758533841E-02 a      1449     2     9     3     1
  3.2147144826767571E-01 a      1450     2    10     3     1
 -9.5193877173359442E-01 a      1451     2    11     3     1
  6.8638154907875848E-01 a      1452     2    12     3     1
  6.6595223512177260E-01 a      1453     2    13     3     1
  1.1436514854640559E-01 a      1454     2    14     3     1
 -1.3988771021936062E+00 a      1455     2    15     3     1
 -1.2740240076312626E-01 a      1456     2    16     3     1
  1.0714245550467802E+00 a      1457     2    17     3     1
 -1.3094254949694326E+00 a      1458     2    18     3     1
  2.9292680062841320E-01 a      1459     2    19     3     1
  1.4825773593419944E-01 a      1460     2    20     3     1
  7.4814714258767845E-01 b      1461     3     1
