################################################################################
# Neural network connection values (weights and biases).
################################################################################
# Col  Name       Description
################################################################################
# 1    connection Neural network connection value.
# 2    t          Connection type (a = weight, b = bias).
# 3    index      Index enumerating weights.
# 4    l_s        Starting point layer (end point layer for biases).
# 5    n_s        Starting point neuron in starting layer (end point neuron for biases).
# 6    l_e        End point layer.
# 7    n_e        End point neuron in end layer.
################################################################################
#                      1 2         3     4     5     6     7
#             connection t     index   l_s   n_s   l_e   n_e
############################################################
  3.0173261629612699E-02 a         1     0     1     1     1
  3.3632422834761137E-02 a         2     0     1     1     2
 -9.0961843704277179E-02 a         3     0     1     1     3
 -3.0517291418158793E-01 a         4     0     1     1     4
 -2.6033717902153208E-01 a         5     0     1     1     5
  2.5001954231852414E-01 a         6     0     1     1     6
 -2.4886313394056758E-01 a         7     0     1     1     7
  2.4426289359580428E-02 a         8     0     1     1     8
  8.0648558476251353E-02 a         9     0     1     1     9
  5.6021602962559891E-01 a        10     0     1     1    10
 -1.2465959309815733E-01 a        11     0     1     1    11
  1.1001564621800024E-01 a        12     0     1     1    12
 -2.1459036789973557E-01 a        13     0     1     1    13
  8.6710501198510537E-01 a        14     0     1     1    14
  3.7962429346324911E-01 a        15     0     1     1    15
 -9.9519686745482325E-02 a        16     0     1     1    16
 -6.7588120445360400E-01 a        17     0     1     1    17
 -3.8674696167321658E-02 a        18     0     1     1    18
  1.7440598587011460E-01 a        19     0     1     1    19
 -1.2999013483963240E-01 a        20     0     1     1    20
 -1.1945760480798336E-01 a        21     0     2     1     1
 -4.3630366098595559E-03 a        22     0     2     1     2
 -1.4728812415682541E-01 a        23     0     2     1     3
 -1.9734478230356164E-01 a        24     0     2     1     4
 -7.7129902947248541E-01 a        25     0     2     1     5
 -2.1173718945422629E-01 a        26     0     2     1     6
  1.9723660902348789E-01 a        27     0     2     1     7
 -6.4270069871834690E-01 a        28     0     2     1     8
 -3.0683429054942796E-01 a        29     0     2     1     9
  3.4736756476126796E-01 a        30     0     2     1    10
  1.3986646075367373E-01 a        31     0     2     1    11
 -3.4403834272175371E-01 a        32     0     2     1    12
 -8.8521435351577485E-02 a        33     0     2     1    13
 -4.2404561449320649E-01 a        34     0     2     1    14
  1.2921236254300641E-01 a        35     0     2     1    15
 -2.4908661227315421E-01 a        36     0     2     1    16
 -3.1165719285449306E-01 a        37     0     2     1    17
  3.3883743763469687E-01 a        38     0     2     1    18
  2.3744858229777865E-01 a        39     0     2     1    19
 -3.3945845290365523E-01 a        40     0     2     1    20
 -2.2203101087080415E-01 a        41     0     3     1     1
 -3.9438066718274767E-02 a        42     0     3     1     2
  1.9214317332189154E-01 a        43     0     3     1     3
  8.9311833556021611E-02 a        44     0     3     1     4
  2.6924118240208739E-01 a        45     0     3     1     5
 -1.8645961674763553E-01 a        46     0     3     1     6
  2.2485819973734303E-01 a        47     0     3     1     7
 -2.2491597833567006E-01 a        48     0     3     1     8
 -1.1839926516012290E-01 a        49     0     3     1     9
 -7.0471557259423247E-03 a        50     0     3     1    10
 -3.6446531084229634E-02 a        51     0     3     1    11
  7.2144098364196135E-02 a        52     0     3     1    12
  2.0544942624564544E-01 a        53     0     3     1    13
 -7.7385586018840435E-02 a        54     0     3     1    14
  1.1346536926719769E-01 a        55     0     3     1    15
  2.9380799256157539E-02 a        56     0     3     1    16
 -2.7660976561769340E-02 a        57     0     3     1    17
  5.1444021051470215E-03 a        58     0     3     1    18
  1.4305730720378831E-01 a        59     0     3     1    19
  1.0214782578755167E-01 a        60     0     3     1    20
 -1.1606067838601999E-01 a        61     0     4     1     1
 -9.1074688112079458E-02 a        62     0     4     1     2
  2.7812058376696808E-01 a        63     0     4     1     3
 -1.3556084645531954E-01 a        64     0     4     1     4
  3.1587738281323052E-02 a        65     0     4     1     5
 -4.5903103745263935E-01 a        66     0     4     1     6
 -4.1888663109990881E-01 a        67     0     4     1     7
 -1.8111443695301835E-01 a        68     0     4     1     8
  7.6111682559382943E-02 a        69     0     4     1     9
 -1.8481283643323435E-01 a        70     0     4     1    10
 -2.1305622872503407E-01 a        71     0     4     1    11
 -1.0850492223351423E-01 a        72     0     4     1    12
  5.4243175114662956E-01 a        73     0     4     1    13
  2.5644519457777903E-01 a        74     0     4     1    14
 -2.7840445006669262E-01 a        75     0     4     1    15
  3.3144958849052575E-01 a        76     0     4     1    16
 -1.9271835543422083E-01 a        77     0     4     1    17
  6.4351142413962470E-01 a        78     0     4     1    18
  2.6574731869072415E-01 a        79     0     4     1    19
 -1.9723802695715525E-01 a        80     0     4     1    20
  7.6271932021755463E-03 a        81     0     5     1     1
  1.3327869565707609E-01 a        82     0     5     1     2
  1.8614124300831047E-02 a        83     0     5     1     3
  2.6195647942506289E-01 a        84     0     5     1     4
  4.9853057315981025E-01 a        85     0     5     1     5
 -4.3399696319382688E-02 a        86     0     5     1     6
 -2.9349547064417769E-01 a        87     0     5     1     7
  4.2818292249514597E-02 a        88     0     5     1     8
  8.8684816324301674E-01 a        89     0     5     1     9
 -4.2313414385336173E-02 a        90     0     5     1    10
  1.8032159377648441E-01 a        91     0     5     1    11
 -1.6222574425891506E-01 a        92     0     5     1    12
 -2.2501218374154575E-01 a        93     0     5     1    13
  3.6923027174691259E-01 a        94     0     5     1    14
  1.3076515277698300E-01 a        95     0     5     1    15
  1.7241308667589869E-01 a        96     0     5     1    16
  6.0907563991935521E-01 a        97     0     5     1    17
 -2.1472084607838887E-01 a        98     0     5     1    18
 -6.7308266301864905E-01 a        99     0     5     1    19
  1.4045483052891583E-01 a       100     0     5     1    20
 -1.5749736729448024E-01 a       101     0     6     1     1
  2.6206378475215192E-01 a       102     0     6     1     2
  2.7671026451031944E-01 a       103     0     6     1     3
 -4.1159471177149930E-02 a       104     0     6     1     4
 -2.5718483392128455E-01 a       105     0     6     1     5
 -1.5483318089509812E-01 a       106     0     6     1     6
  2.6001608695797385E-01 a       107     0     6     1     7
  1.8969187522893862E-02 a       108     0     6     1     8
  1.1267039624225744E-01 a       109     0     6     1     9
 -1.2416184099834121E-01 a       110     0     6     1    10
  1.8894214554232544E-01 a       111     0     6     1    11
 -1.0966324069953810E-01 a       112     0     6     1    12
 -2.0866423396213010E-01 a       113     0     6     1    13
  1.9202753452793123E-01 a       114     0     6     1    14
 -3.5326640325409019E-02 a       115     0     6     1    15
 -1.2329685586972224E-01 a       116     0     6     1    16
  7.1395716888793759E-02 a       117     0     6     1    17
  1.1956477999200039E-01 a       118     0     6     1    18
  2.3841280799746176E-01 a       119     0     6     1    19
  6.6626622343641903E-02 a       120     0     6     1    20
  3.9212444550021586E-01 a       121     0     7     1     1
 -1.0631986873317703E-01 a       122     0     7     1     2
  1.3805759755638264E-01 a       123     0     7     1     3
  1.9298558747384534E-01 a       124     0     7     1     4
  3.1317936768582488E-01 a       125     0     7     1     5
  5.0733721285986000E-01 a       126     0     7     1     6
  5.6187021325829567E-01 a       127     0     7     1     7
  9.1503062634989057E-02 a       128     0     7     1     8
  7.0252033901038194E-02 a       129     0     7     1     9
  1.7841579520131762E-01 a       130     0     7     1    10
  1.6697041591104338E-02 a       131     0     7     1    11
  1.8615126939572776E-01 a       132     0     7     1    12
 -1.4211052793479198E-01 a       133     0     7     1    13
 -7.5068256029099589E-01 a       134     0     7     1    14
  2.3366956403825045E-01 a       135     0     7     1    15
 -3.0330945961898265E-01 a       136     0     7     1    16
 -2.7442279939069758E-01 a       137     0     7     1    17
 -2.9465139095370846E-01 a       138     0     7     1    18
  2.4469263713411424E-01 a       139     0     7     1    19
  4.2039479052932721E-01 a       140     0     7     1    20
 -1.3189061046456474E-01 a       141     0     8     1     1
 -1.2220820164875805E-01 a       142     0     8     1     2
 -2.1662063211783128E-02 a       143     0     8     1     3
 -4.5121282160036913E-02 a       144     0     8     1     4
 -2.8972027734470812E-01 a       145     0     8     1     5
  5.1296650840284820E-02 a       146     0     8     1     6
  1.1589687072919254E-01 a       147     0     8     1     7
 -3.6386167307631295E-01 a       148     0     8     1     8
 -1.6094162699190884E-01 a       149     0     8     1     9
  4.0523950599920461E-01 a       150     0     8     1    10
  8.7185762898933164E-02 a       151     0     8     1    11
  1.4740721433686285E-01 a       152     0     8     1    12
 -7.9772421051731046E-02 a       153     0     8     1    13
 -1.7853848744095158E-01 a       154     0     8     1    14
 -1.7635544305978224E-01 a       155     0     8     1    15
  8.2032912369098664E-03 a       156     0     8     1    16
 -3.3326428767807065E-01 a       157     0     8     1    17
  1.9628800185637948E-01 a       158     0     8     1    18
 -1.2721181392900788E-01 a       159     0     8     1    19
 -2.5696515496610389E-01 a       160     0     8     1    20
  4.6190354225640001E-01 a       161     0     9     1     1
 -9.5655946187433741E-02 a       162     0     9     1     2
 -1.3784697006216995E-01 a       163     0     9     1     3
  2.0359791313747141E-01 a       164     0     9     1     4
 -1.1995019719985681E-01 a       165     0     9     1     5
  1.0410899778450379E-01 a       166     0     9     1     6
  5.5934307573034484E-02 a       167     0     9     1     7
 -7.4167372732013986E-02 a       168     0     9     1     8
 -2.8580148399178029E-01 a       169     0     9     1     9
 -9.3484657810540744E-02 a       170     0     9     1    10
 -1.2576824215155533E-01 a       171     0     9     1    11
  7.9822168849777150E-02 a       172     0     9     1    12
  1.6210902302125366E-01 a       173     0     9     1    13
 -2.2049520030597464E-01 a       174     0     9     1    14
 -1.7753843492574392E-01 a       175     0     9     1    15
  1.4786172321257333E-02 a       176     0     9     1    16
 -1.8632705557123949E-01 a       177     0     9     1    17
  1.8466703532954559E-01 a       178     0     9     1    18
  5.6844785677236456E-02 a       179     0     9     1    19
 -1.1120002172718624E-01 a       180     0     9     1    20
 -2.1189776807528951E-01 a       181     0    10     1     1
  1.4287594458959132E-01 a       182     0    10     1     2
 -1.4276094333467501E-01 a       183     0    10     1     3
  5.4492658784495183E-02 a       184     0    10     1     4
 -2.8407697599004772E-01 a       185     0    10     1     5
 -2.9675384621121426E-01 a       186     0    10     1     6
 -1.9999313598735136E-01 a       187     0    10     1     7
  3.4900899042104533E-01 a       188     0    10     1     8
 -1.3754430473045540E-01 a       189     0    10     1     9
  1.3701583895949865E-01 a       190     0    10     1    10
 -2.6620236296354455E-01 a       191     0    10     1    11
  1.4923459723364710E-01 a       192     0    10     1    12
 -9.0209236779181343E-02 a       193     0    10     1    13
  2.4129625900026880E-01 a       194     0    10     1    14
  2.9327897107001516E-01 a       195     0    10     1    15
  8.1108737925954313E-02 a       196     0    10     1    16
 -3.8967756205496212E-01 a       197     0    10     1    17
  4.3615195367419074E-01 a       198     0    10     1    18
  6.7445397634260762E-01 a       199     0    10     1    19
 -4.8745060693930758E-01 a       200     0    10     1    20
 -1.5505738946500772E-01 a       201     0    11     1     1
  2.1817310873409623E-01 a       202     0    11     1     2
  2.9762673335368184E-01 a       203     0    11     1     3
  2.5039577810426550E-01 a       204     0    11     1     4
  4.0928267623717413E-01 a       205     0    11     1     5
  7.7967118371856187E-02 a       206     0    11     1     6
 -1.5897463463765768E-01 a       207     0    11     1     7
 -1.1504745968034213E-01 a       208     0    11     1     8
  8.5641169962173108E-02 a       209     0    11     1     9
  2.5146214470291663E-02 a       210     0    11     1    10
 -6.3931231350938876E-04 a       211     0    11     1    11
  5.7757123791823524E-02 a       212     0    11     1    12
  2.0300423974549048E-01 a       213     0    11     1    13
  2.4225276774311488E-01 a       214     0    11     1    14
  4.6265422470017518E-02 a       215     0    11     1    15
  2.5938547602448708E-01 a       216     0    11     1    16
  2.3746331061894471E-01 a       217     0    11     1    17
  4.0790007309279827E-02 a       218     0    11     1    18
 -1.8042685801613037E-01 a       219     0    11     1    19
  1.5094797024126046E-03 a       220     0    11     1    20
 -2.1877232292683438E-01 a       221     0    12     1     1
  9.7869944866155925E-02 a       222     0    12     1     2
  4.8697676213661632E-02 a       223     0    12     1     3
 -2.0744662993588978E-01 a       224     0    12     1     4
 -2.9259671554813921E-02 a       225     0    12     1     5
  8.0862592557315288E-02 a       226     0    12     1     6
  1.0433869082116412E-01 a       227     0    12     1     7
  6.6450867868550964E-02 a       228     0    12     1     8
 -2.9290612696554259E-02 a       229     0    12     1     9
 -1.5062976279133938E-01 a       230     0    12     1    10
  1.1896948057456157E-01 a       231     0    12     1    11
  9.0439207032944516E-02 a       232     0    12     1    12
  2.9236586444610167E-02 a       233     0    12     1    13
  3.8831866747663352E-01 a       234     0    12     1    14
 -8.2989361524451147E-02 a       235     0    12     1    15
  4.4499851367562019E-03 a       236     0    12     1    16
 -2.9932365460912241E-01 a       237     0    12     1    17
  5.0311465397110663E-02 a       238     0    12     1    18
  2.1788003630294595E-01 a       239     0    12     1    19
 -1.9226820119263702E-01 a       240     0    12     1    20
  1.6930207566983943E-01 a       241     0    13     1     1
 -1.7797142925336887E-01 a       242     0    13     1     2
  1.2569959738446688E-02 a       243     0    13     1     3
 -1.0505504604876222E-01 a       244     0    13     1     4
  2.6757922404485585E-01 a       245     0    13     1     5
 -1.8282420691656076E-01 a       246     0    13     1     6
  3.1266395523422863E-02 a       247     0    13     1     7
 -1.7167049014860500E-01 a       248     0    13     1     8
  1.8302034348154544E-01 a       249     0    13     1     9
  1.3277538466879371E-01 a       250     0    13     1    10
  1.5947596019650098E-01 a       251     0    13     1    11
 -1.9286528482735116E-01 a       252     0    13     1    12
  1.8062223269043814E-01 a       253     0    13     1    13
  5.0311213131634003E-02 a       254     0    13     1    14
 -2.2628436882432920E-02 a       255     0    13     1    15
 -9.4592814751905285E-02 a       256     0    13     1    16
 -3.1446193472537409E-01 a       257     0    13     1    17
  1.1047608194937494E-01 a       258     0    13     1    18
  2.2597959187639305E-01 a       259     0    13     1    19
  3.1835533382233994E-01 a       260     0    13     1    20
 -1.0327183894888979E-01 a       261     0    14     1     1
  2.5131193577254524E-01 a       262     0    14     1     2
  3.8519185917803879E-02 a       263     0    14     1     3
 -1.7425142272895044E-01 a       264     0    14     1     4
 -3.3029234064009455E-01 a       265     0    14     1     5
  7.2447186934002483E-02 a       266     0    14     1     6
 -1.0153542087599821E-01 a       267     0    14     1     7
 -6.2886528339390221E-02 a       268     0    14     1     8
  2.5581585572273940E-02 a       269     0    14     1     9
  5.4733262110486562E-02 a       270     0    14     1    10
 -1.1759897857776885E-01 a       271     0    14     1    11
  9.1075116221717517E-02 a       272     0    14     1    12
 -2.0979637975184789E-01 a       273     0    14     1    13
 -1.4101143963594301E-01 a       274     0    14     1    14
 -7.7625402111790573E-02 a       275     0    14     1    15
  1.8296572689585514E-02 a       276     0    14     1    16
  1.1707611533538781E-01 a       277     0    14     1    17
 -1.1874347103949198E-01 a       278     0    14     1    18
 -4.6778631458742526E-01 a       279     0    14     1    19
  1.4475848809063002E-01 a       280     0    14     1    20
 -6.9964357579325981E-02 a       281     0    15     1     1
  1.4940837416165129E-01 a       282     0    15     1     2
 -2.7418486534333843E-02 a       283     0    15     1     3
  2.0157990047517454E-01 a       284     0    15     1     4
  1.0488309175587551E-02 a       285     0    15     1     5
  2.6278826910298998E-02 a       286     0    15     1     6
 -1.7380225761858592E-01 a       287     0    15     1     7
 -1.5130709883915897E-01 a       288     0    15     1     8
 -2.4086223546884836E-02 a       289     0    15     1     9
  9.5445595794368288E-02 a       290     0    15     1    10
  4.7597678510209275E-02 a       291     0    15     1    11
 -6.1880852657064833E-02 a       292     0    15     1    12
 -1.9754041683459275E-01 a       293     0    15     1    13
 -2.5943841433469245E-01 a       294     0    15     1    14
  2.0004845778228506E-01 a       295     0    15     1    15
 -5.0626817618062821E-02 a       296     0    15     1    16
 -1.7096351073300051E-01 a       297     0    15     1    17
 -2.7787775766905720E-02 a       298     0    15     1    18
  2.8458888358516327E-01 a       299     0    15     1    19
 -4.0908218254331809E-02 a       300     0    15     1    20
 -2.2903689579225286E-01 a       301     0    16     1     1
  2.0167521612154352E-01 a       302     0    16     1     2
 -3.4991452922424254E-01 a       303     0    16     1     3
 -1.1240838555635106E-01 a       304     0    16     1     4
 -3.3079248392587114E-02 a       305     0    16     1     5
  2.0937576719260198E-01 a       306     0    16     1     6
  4.3765124727507204E-01 a       307     0    16     1     7
  1.0482245872752259E-02 a       308     0    16     1     8
 -2.2884822145357916E-01 a       309     0    16     1     9
 -4.8190335373313679E-02 a       310     0    16     1    10
  9.4300169001903647E-02 a       311     0    16     1    11
  2.0497150595507685E-01 a       312     0    16     1    12
  1.1623912708931423E-01 a       313     0    16     1    13
  1.7576020649108770E-01 a       314     0    16     1    14
 -1.1052894369442411E-01 a       315     0    16     1    15
 -1.7913965285466862E-01 a       316     0    16     1    16
  1.9520565274794004E-02 a       317     0    16     1    17
 -1.3784375492702403E-01 a       318     0    16     1    18
  2.0931708746343672E-01 a       319     0    16     1    19
 -4.2377250603713890E-01 a       320     0    16     1    20
  2.6182666435552415E-01 a       321     0    17     1     1
 -2.0899904690825374E-01 a       322     0    17     1     2
  2.1653330360087519E-01 a       323     0    17     1     3
  1.3604728341612216E-01 a       324     0    17     1     4
  3.5879409499444216E-02 a       325     0    17     1     5
 -8.5236396006765774E-03 a       326     0    17     1     6
 -2.8079189039946817E-01 a       327     0    17     1     7
  1.8077784317665493E-01 a       328     0    17     1     8
  6.4291041679098868E-02 a       329     0    17     1     9
 -7.4174117565978049E-03 a       330     0    17     1    10
 -9.3096818745377327E-02 a       331     0    17     1    11
  6.1885779210791433E-03 a       332     0    17     1    12
  2.8840289091154853E-02 a       333     0    17     1    13
 -1.7707688213293698E-02 a       334     0    17     1    14
  7.8125899491857970E-02 a       335     0    17     1    15
  9.2874754889487515E-02 a       336     0    17     1    16
  7.2480821545443996E-02 a       337     0    17     1    17
  1.4311731474675896E-01 a       338     0    17     1    18
 -2.6878089256856785E-01 a       339     0    17     1    19
  3.7261570696464699E-02 a       340     0    17     1    20
 -1.2301940745919587E-02 a       341     0    18     1     1
 -2.2050067782019292E-01 a       342     0    18     1     2
  1.0862819702119829E-01 a       343     0    18     1     3
 -8.1410112885140953E-02 a       344     0    18     1     4
  3.1717552766020479E-02 a       345     0    18     1     5
  5.5600394739628465E-03 a       346     0    18     1     6
  2.2355939849298548E-01 a       347     0    18     1     7
 -9.9008831373769229E-02 a       348     0    18     1     8
 -8.8929366372940036E-02 a       349     0    18     1     9
 -5.5016140965582105E-02 a       350     0    18     1    10
  1.9324310487583960E-02 a       351     0    18     1    11
  9.7301800697913881E-04 a       352     0    18     1    12
  2.1365573089248177E-01 a       353     0    18     1    13
  2.6527386896190036E-01 a       354     0    18     1    14
 -2.8677821847253931E-01 a       355     0    18     1    15
  2.0632516716234936E-01 a       356     0    18     1    16
 -2.9542402625496941E-02 a       357     0    18     1    17
  6.1437491905074228E-02 a       358     0    18     1    18
  5.6415947374515787E-02 a       359     0    18     1    19
 -9.0575523197017102E-02 a       360     0    18     1    20
 -6.9909977309085599E-03 a       361     0    19     1     1
 -2.4051246468890278E-01 a       362     0    19     1     2
  2.3507853864382595E-02 a       363     0    19     1     3
  1.4609990489226238E-01 a       364     0    19     1     4
  9.7107750433886184E-02 a       365     0    19     1     5
 -1.6861952763383858E-01 a       366     0    19     1     6
  2.6290482474629968E-02 a       367     0    19     1     7
 -4.9156854806046896E-02 a       368     0    19     1     8
  9.9780084791020421E-02 a       369     0    19     1     9
 -7.9419631549829048E-02 a       370     0    19     1    10
  1.4533146908381542E-01 a       371     0    19     1    11
 -2.6256481084546784E-01 a       372     0    19     1    12
 -3.9856214844673991E-02 a       373     0    19     1    13
  1.7314288623977014E-01 a       374     0    19     1    14
 -2.5943047477297608E-02 a       375     0    19     1    15
 -9.1944529388189630E-02 a       376     0    19     1    16
 -3.4320217708749418E-01 a       377     0    19     1    17
  9.5276118925059328E-02 a       378     0    19     1    18
  1.9807087495006490E-01 a       379     0    19     1    19
  3.6835841554915365E-02 a       380     0    19     1    20
  4.0065683893781137E-02 a       381     0    20     1     1
  2.8427336283394161E-01 a       382     0    20     1     2
  1.5534113673516756E-01 a       383     0    20     1     3
 -1.2137620300140488E-01 a       384     0    20     1     4
 -1.3300833608399221E-01 a       385     0    20     1     5
  6.1308120637578012E-02 a       386     0    20     1     6
 -3.0036010784417405E-01 a       387     0    20     1     7
  1.8793458929719131E-02 a       388     0    20     1     8
  1.6406798753760114E-02 a       389     0    20     1     9
 -3.8520441545040894E-03 a       390     0    20     1    10
 -2.0542258076320491E-01 a       391     0    20     1    11
  5.9257911147040515E-02 a       392     0    20     1    12
 -5.0520088134769853E-02 a       393     0    20     1    13
 -1.5790485584358513E-01 a       394     0    20     1    14
  2.7232494659527505E-02 a       395     0    20     1    15
  1.0990974131610994E-01 a       396     0    20     1    16
  2.2177140408495014E-01 a       397     0    20     1    17
 -6.2465118184952019E-02 a       398     0    20     1    18
 -1.9770824027563683E-01 a       399     0    20     1    19
  2.1244405346684142E-01 a       400     0    20     1    20
 -4.1602655893597885E-02 a       401     0    21     1     1
  1.2136208096130270E-01 a       402     0    21     1     2
 -1.0156101642814709E-01 a       403     0    21     1     3
 -3.2554131836495304E-02 a       404     0    21     1     4
  6.2342826768901280E-02 a       405     0    21     1     5
 -5.9635317006033736E-02 a       406     0    21     1     6
  8.3133411234905696E-02 a       407     0    21     1     7
 -1.1123990248073737E-02 a       408     0    21     1     8
  4.0605355139983548E-02 a       409     0    21     1     9
  1.5708977353602235E-01 a       410     0    21     1    10
  3.6167226039417293E-02 a       411     0    21     1    11
 -5.7409913955577201E-02 a       412     0    21     1    12
 -5.2897713083331972E-02 a       413     0    21     1    13
 -4.5376213311821227E-02 a       414     0    21     1    14
  1.1933245913687975E-01 a       415     0    21     1    15
 -1.8489593398281601E-01 a       416     0    21     1    16
 -1.9406603504265738E-02 a       417     0    21     1    17
  2.4780233354615114E-02 a       418     0    21     1    18
  9.0426970815466995E-02 a       419     0    21     1    19
  5.0759305223533009E-02 a       420     0    21     1    20
  1.3024986809350908E-02 a       421     0    22     1     1
  7.0756887282024714E-02 a       422     0    22     1     2
 -8.3149480954665487E-03 a       423     0    22     1     3
 -2.3218498187064956E-01 a       424     0    22     1     4
 -8.5010982504831786E-02 a       425     0    22     1     5
  5.4302240633148591E-02 a       426     0    22     1     6
  4.0282724648122090E-02 a       427     0    22     1     7
 -1.9844502779086795E-01 a       428     0    22     1     8
 -9.3061016323483070E-02 a       429     0    22     1     9
  1.8894558344622042E-01 a       430     0    22     1    10
 -2.1450218521439978E-02 a       431     0    22     1    11
  2.3338958043736721E-01 a       432     0    22     1    12
  2.1662110475458282E-01 a       433     0    22     1    13
 -1.1666519235235560E-01 a       434     0    22     1    14
  1.1814117002336624E-01 a       435     0    22     1    15
 -1.4049424642337296E-01 a       436     0    22     1    16
  2.7350042174792677E-01 a       437     0    22     1    17
 -3.1496447740216385E-02 a       438     0    22     1    18
  6.6224486128390631E-02 a       439     0    22     1    19
 -7.1826756174058468E-02 a       440     0    22     1    20
  1.6680818401130712E-01 a       441     0    23     1     1
 -6.7061625697916113E-02 a       442     0    23     1     2
  5.5300892537659414E-02 a       443     0    23     1     3
  8.1981249821514515E-02 a       444     0    23     1     4
  9.2633574215149117E-02 a       445     0    23     1     5
 -3.1216361281210112E-02 a       446     0    23     1     6
 -2.6722124474426451E-01 a       447     0    23     1     7
  1.1819831307164229E-02 a       448     0    23     1     8
  1.2822027052988932E-01 a       449     0    23     1     9
  1.3270394066652666E-01 a       450     0    23     1    10
 -1.2021716234025348E-01 a       451     0    23     1    11
  1.2025910635925570E-02 a       452     0    23     1    12
 -5.6413158873797456E-02 a       453     0    23     1    13
 -1.5456606476834336E-01 a       454     0    23     1    14
  2.5960212273466493E-01 a       455     0    23     1    15
  9.4094526419275321E-02 a       456     0    23     1    16
 -2.2729479011295180E-02 a       457     0    23     1    17
  6.6029405586693665E-02 a       458     0    23     1    18
 -2.4137592524088694E-01 a       459     0    23     1    19
  8.1246882738907178E-02 a       460     0    23     1    20
 -1.0330700385918788E-02 a       461     0    24     1     1
 -7.5447462584653638E-02 a       462     0    24     1     2
  1.6537072032027431E-01 a       463     0    24     1     3
  5.5989100521938777E-02 a       464     0    24     1     4
 -3.6756148726367850E-02 a       465     0    24     1     5
  2.0774672959413858E-02 a       466     0    24     1     6
  6.4246224291630164E-03 a       467     0    24     1     7
 -2.8661892243158942E-02 a       468     0    24     1     8
 -1.7551777876072455E-02 a       469     0    24     1     9
 -1.1402752005543822E-01 a       470     0    24     1    10
 -1.5644864473056651E-02 a       471     0    24     1    11
  7.6528087574216658E-03 a       472     0    24     1    12
  4.5023637214832282E-02 a       473     0    24     1    13
 -9.8607893644410173E-03 a       474     0    24     1    14
 -2.5714201016841409E-02 a       475     0    24     1    15
  1.2175080331994026E-01 a       476     0    24     1    16
  5.2786123819504420E-03 a       477     0    24     1    17
 -6.6155835710203878E-02 a       478     0    24     1    18
  7.1683696346355238E-03 a       479     0    24     1    19
 -2.4906728102678747E-02 a       480     0    24     1    20
  3.1534393021332589E-02 a       481     0    25     1     1
 -1.1967908507495183E-01 a       482     0    25     1     2
  2.6430711265593688E-03 a       483     0    25     1     3
  1.4364623065575435E-01 a       484     0    25     1     4
  5.4586207264734309E-02 a       485     0    25     1     5
  5.7037208075427512E-03 a       486     0    25     1     6
  1.4677866233761877E-01 a       487     0    25     1     7
  1.0317593898348802E-01 a       488     0    25     1     8
  7.2898491078703586E-03 a       489     0    25     1     9
 -1.2058949433823410E-01 a       490     0    25     1    10
  1.6973247400277641E-01 a       491     0    25     1    11
 -1.3957025791231487E-01 a       492     0    25     1    12
 -5.6776798309922626E-02 a       493     0    25     1    13
  8.1494963251943484E-02 a       494     0    25     1    14
 -1.4419945913270710E-01 a       495     0    25     1    15
 -1.2119385714799430E-02 a       496     0    25     1    16
 -1.1190034849305745E-01 a       497     0    25     1    17
 -1.8780959343050983E-02 a       498     0    25     1    18
  6.1706911237510240E-03 a       499     0    25     1    19
 -1.1431634055118402E-01 a       500     0    25     1    20
 -4.7838240753621121E-02 a       501     0    26     1     1
  1.2824254703468129E-02 a       502     0    26     1     2
 -1.2774213909224849E-01 a       503     0    26     1     3
  2.6786080902664797E-02 a       504     0    26     1     4
 -7.2264418261312760E-02 a       505     0    26     1     5
  9.5462055065485794E-03 a       506     0    26     1     6
  4.4764061250909572E-02 a       507     0    26     1     7
  6.2925841731838253E-02 a       508     0    26     1     8
 -4.5694623402917633E-02 a       509     0    26     1     9
 -1.6416023550534264E-01 a       510     0    26     1    10
  4.0938958587626558E-03 a       511     0    26     1    11
 -3.0265711198984211E-04 a       512     0    26     1    12
 -1.5337544746220273E-02 a       513     0    26     1    13
  9.6089393232990761E-02 a       514     0    26     1    14
 -2.3478369506421809E-01 a       515     0    26     1    15
 -1.5715102237477751E-02 a       516     0    26     1    16
  6.5518127114249772E-02 a       517     0    26     1    17
  5.0743893790322703E-03 a       518     0    26     1    18
  5.3575592878686323E-02 a       519     0    26     1    19
 -2.0036378887591955E-02 a       520     0    26     1    20
 -1.8382143614077941E-02 a       521     0    27     1     1
 -3.5279761978879269E-02 a       522     0    27     1     2
 -2.8769001746296891E-01 a       523     0    27     1     3
 -5.4363858503148212E-02 a       524     0    27     1     4
  8.2398029135730341E-02 a       525     0    27     1     5
  4.8461532250561240E-02 a       526     0    27     1     6
 -1.7492775691301029E-02 a       527     0    27     1     7
  5.7579238769539583E-02 a       528     0    27     1     8
 -1.7815137547445035E-02 a       529     0    27     1     9
  1.6740442833317212E-01 a       530     0    27     1    10
  1.8528590903456064E-02 a       531     0    27     1    11
 -2.8312445830041288E-02 a       532     0    27     1    12
 -4.5477794244312225E-02 a       533     0    27     1    13
  1.2065077552620170E-01 a       534     0    27     1    14
 -9.2151496467017785E-02 a       535     0    27     1    15
  6.5177377145046858E-02 a       536     0    27     1    16
 -7.0036763061939580E-02 a       537     0    27     1    17
  6.1562421482803102E-02 a       538     0    27     1    18
  2.4700162396554336E-02 a       539     0    27     1    19
  1.2927905304108213E-02 a       540     0    27     1    20
 -5.8180956071413041E-02 a       541     0    28     1     1
  8.7773764180784520E-03 a       542     0    28     1     2
  2.8048151912983144E-02 a       543     0    28     1     3
 -8.1448415144013644E-02 a       544     0    28     1     4
  1.3308198573119264E-02 a       545     0    28     1     5
  5.3213840916501283E-02 a       546     0    28     1     6
 -4.0329953913963573E-02 a       547     0    28     1     7
 -4.1077077707340121E-02 a       548     0    28     1     8
 -4.1161419653307010E-02 a       549     0    28     1     9
  9.7558034149139980E-02 a       550     0    28     1    10
 -4.1867241631191932E-02 a       551     0    28     1    11
  3.1627346133095549E-02 a       552     0    28     1    12
  4.4465384239519935E-02 a       553     0    28     1    13
  2.6130458739890252E-02 a       554     0    28     1    14
  1.8800153137675853E-02 a       555     0    28     1    15
  8.8292788065050976E-02 a       556     0    28     1    16
 -2.8239380077099349E-02 a       557     0    28     1    17
 -1.5761320730349915E-02 a       558     0    28     1    18
  7.3812338349243278E-02 a       559     0    28     1    19
  3.2803660371469923E-02 a       560     0    28     1    20
  2.8693524320077827E-02 a       561     0    29     1     1
  1.3483179240472604E-01 a       562     0    29     1     2
 -1.9947273212806146E-02 a       563     0    29     1     3
 -2.9293338113593199E-02 a       564     0    29     1     4
 -4.1399998928673756E-03 a       565     0    29     1     5
 -3.5373406098970495E-02 a       566     0    29     1     6
 -1.5484380137697018E-01 a       567     0    29     1     7
  1.8101213772774183E-02 a       568     0    29     1     8
  5.8796005165343619E-02 a       569     0    29     1     9
  1.3009349932571083E-02 a       570     0    29     1    10
 -8.0577671660757300E-02 a       571     0    29     1    11
  1.4361490120943081E-02 a       572     0    29     1    12
 -4.7957276574230018E-02 a       573     0    29     1    13
 -4.7506577439002010E-02 a       574     0    29     1    14
  2.2837946434011791E-01 a       575     0    29     1    15
 -3.6050159698068560E-02 a       576     0    29     1    16
 -3.6559005203456223E-02 a       577     0    29     1    17
 -1.4734275023783725E-02 a       578     0    29     1    18
 -1.2207490352013844E-01 a       579     0    29     1    19
  9.3401074713075086E-02 a       580     0    29     1    20
 -1.1286091395862398E-02 a       581     0    30     1     1
  1.0883719253264158E-02 a       582     0    30     1     2
  1.4777659524134207E-01 a       583     0    30     1     3
  1.4974283830139119E-02 a       584     0    30     1     4
 -2.3162562565379619E-02 a       585     0    30     1     5
 -9.0922519119680856E-02 a       586     0    30     1     6
  1.5906320844077843E-01 a       587     0    30     1     7
  1.1650968028860545E-03 a       588     0    30     1     8
  4.8571944861022761E-03 a       589     0    30     1     9
 -5.9094128743961964E-02 a       590     0    30     1    10
  2.2604950174053774E-02 a       591     0    30     1    11
 -1.4438242359533449E-02 a       592     0    30     1    12
  4.3104850254115555E-02 a       593     0    30     1    13
 -3.4562258013582751E-02 a       594     0    30     1    14
 -1.4713915368486756E-02 a       595     0    30     1    15
 -3.9725936492439801E-02 a       596     0    30     1    16
  5.7087700559060824E-02 a       597     0    30     1    17
 -2.1799113498893012E-03 a       598     0    30     1    18
  3.4419315195095904E-02 a       599     0    30     1    19
  5.3716614882050612E-03 a       600     0    30     1    20
 -7.0364167469472036E-02 a       601     0    31     1     1
 -2.2262896991985881E-01 a       602     0    31     1     2
 -2.2681028262113292E-01 a       603     0    31     1     3
 -8.0054633211324874E-02 a       604     0    31     1     4
  1.3088365228639121E-01 a       605     0    31     1     5
 -9.6618207207089194E-03 a       606     0    31     1     6
 -9.5541295450387462E-02 a       607     0    31     1     7
 -5.5382543559778633E-02 a       608     0    31     1     8
 -1.3574600428175967E-01 a       609     0    31     1     9
  8.9868350399244928E-02 a       610     0    31     1    10
 -4.7996226633627605E-02 a       611     0    31     1    11
 -1.2837800904979499E-01 a       612     0    31     1    12
  1.2634277788031639E-01 a       613     0    31     1    13
  4.6733448724017074E-01 a       614     0    31     1    14
 -1.2576825575626738E-01 a       615     0    31     1    15
 -2.3850877184819400E-01 a       616     0    31     1    16
  4.7350288034056037E-01 a       617     0    31     1    17
 -4.9737474851855995E-01 a       618     0    31     1    18
 -1.7913655361538247E-01 a       619     0    31     1    19
 -3.8707519325569800E-01 a       620     0    31     1    20
 -6.2059738922598606E-01 a       621     0    32     1     1
  2.4606585455513433E-01 a       622     0    32     1     2
  2.0026471242026803E-01 a       623     0    32     1     3
  8.9023870134830790E-02 a       624     0    32     1     4
  2.0953246277824158E-02 a       625     0    32     1     5
  1.5321855379112020E-01 a       626     0    32     1     6
  2.0792743490911431E-01 a       627     0    32     1     7
  3.0470025255118610E-01 a       628     0    32     1     8
  6.0488815804118989E-01 a       629     0    32     1     9
 -1.1082074742747572E-01 a       630     0    32     1    10
  4.9023316495137842E-01 a       631     0    32     1    11
 -1.0058320018227865E-01 a       632     0    32     1    12
 -1.5158408757046055E-01 a       633     0    32     1    13
 -2.0790048816282214E-01 a       634     0    32     1    14
  2.9622366497267272E-01 a       635     0    32     1    15
 -8.3657713218053875E-02 a       636     0    32     1    16
 -2.0888089837583661E-02 a       637     0    32     1    17
  3.1207014735420046E-02 a       638     0    32     1    18
 -3.3977612735234242E-01 a       639     0    32     1    19
 -9.5197266219910981E-02 a       640     0    32     1    20
 -2.0874806850219754E-01 a       641     0    33     1     1
 -1.7572824513541391E-01 a       642     0    33     1     2
 -1.8929561509953050E-01 a       643     0    33     1     3
  9.6528835137656435E-02 a       644     0    33     1     4
  1.1307152784272946E-01 a       645     0    33     1     5
  1.2046328965829330E-01 a       646     0    33     1     6
 -2.3105259556008853E-02 a       647     0    33     1     7
 -4.2560519362611288E-03 a       648     0    33     1     8
 -3.8354360328940927E-02 a       649     0    33     1     9
 -7.9953999381464871E-02 a       650     0    33     1    10
 -2.1655577010348018E-01 a       651     0    33     1    11
 -2.8949271598416839E-02 a       652     0    33     1    12
 -9.7041656202554477E-02 a       653     0    33     1    13
  4.6795085132720508E-02 a       654     0    33     1    14
  1.1430365652319838E-01 a       655     0    33     1    15
 -1.7786882843647242E-01 a       656     0    33     1    16
  4.3138565468228852E-03 a       657     0    33     1    17
 -1.9125990043505972E-01 a       658     0    33     1    18
  3.2671011642459828E-02 a       659     0    33     1    19
 -1.3457003321749011E-01 a       660     0    33     1    20
  5.2344296754183606E-01 a       661     0    34     1     1
 -3.5624376726367885E-01 a       662     0    34     1     2
 -3.3656981416480752E-01 a       663     0    34     1     3
 -4.7340668742230380E-01 a       664     0    34     1     4
 -4.8748809284786737E-01 a       665     0    34     1     5
  2.8337631462378783E-02 a       666     0    34     1     6
  1.5634979853336589E-01 a       667     0    34     1     7
  7.7712885478713606E-02 a       668     0    34     1     8
 -7.4302474270028274E-01 a       669     0    34     1     9
 -3.5549746619865330E-01 a       670     0    34     1    10
 -2.4045573376858618E-02 a       671     0    34     1    11
  1.3308710059279932E-01 a       672     0    34     1    12
 -1.9466267188253009E-01 a       673     0    34     1    13
 -1.6919399146170488E-01 a       674     0    34     1    14
 -4.1775434144316065E-01 a       675     0    34     1    15
 -1.1162382452228206E-01 a       676     0    34     1    16
  1.2869586788371726E-03 a       677     0    34     1    17
 -1.0142069013356833E-01 a       678     0    34     1    18
  6.1577615113608175E-01 a       679     0    34     1    19
  1.6437292090084393E-01 a       680     0    34     1    20
 -8.0860279454275739E-03 a       681     0    35     1     1
 -1.0229025504225883E-01 a       682     0    35     1     2
 -1.6368621113376594E-01 a       683     0    35     1     3
  7.6312831375497048E-02 a       684     0    35     1     4
  1.7337595514673101E-01 a       685     0    35     1     5
 -2.2391782755433215E-01 a       686     0    35     1     6
  2.8547920291637666E-02 a       687     0    35     1     7
  3.0994621394617616E-01 a       688     0    35     1     8
  2.9859965858045395E-01 a       689     0    35     1     9
  8.4005916571828682E-02 a       690     0    35     1    10
 -2.4444676454233673E-02 a       691     0    35     1    11
 -1.1612164053795712E-01 a       692     0    35     1    12
 -9.6172876118983369E-02 a       693     0    35     1    13
 -8.0084925456334541E-03 a       694     0    35     1    14
 -3.3715052077169122E-01 a       695     0    35     1    15
 -3.2422806093078610E-01 a       696     0    35     1    16
  5.3089561982631629E-02 a       697     0    35     1    17
  1.3348549860494385E-01 a       698     0    35     1    18
 -1.3055596198072161E-01 a       699     0    35     1    19
 -1.3018462811352447E-02 a       700     0    35     1    20
  1.6552027686056323E-01 a       701     0    36     1     1
 -1.1059256909463712E-01 a       702     0    36     1     2
 -1.0199154686806298E-01 a       703     0    36     1     3
  2.7258491034736720E-02 a       704     0    36     1     4
  2.5830661086236090E-01 a       705     0    36     1     5
  1.4352421928596534E-01 a       706     0    36     1     6
 -6.3586088513064618E-02 a       707     0    36     1     7
 -1.7992256660119324E-01 a       708     0    36     1     8
 -1.8650947902242385E-01 a       709     0    36     1     9
  4.7384843974554863E-02 a       710     0    36     1    10
  1.1358658334194563E-01 a       711     0    36     1    11
 -3.8142877371905061E-02 a       712     0    36     1    12
  8.3959424530255206E-02 a       713     0    36     1    13
 -4.8290264618293011E-01 a       714     0    36     1    14
 -8.5904319032517926E-02 a       715     0    36     1    15
 -1.1097000699448906E-01 a       716     0    36     1    16
 -3.2679215555679758E-01 a       717     0    36     1    17
  9.9208406657550874E-02 a       718     0    36     1    18
 -1.2175097321187009E-01 a       719     0    36     1    19
  5.3118990454258386E-01 a       720     0    36     1    20
  9.7017662316670722E-02 a       721     0    37     1     1
  6.7753726832620598E-03 a       722     0    37     1     2
  2.2135877763112186E-01 a       723     0    37     1     3
  4.0234225572929598E-02 a       724     0    37     1     4
 -1.1164918271941048E-01 a       725     0    37     1     5
 -3.5844759042894903E-01 a       726     0    37     1     6
  2.1074426053422766E-02 a       727     0    37     1     7
 -3.7720467902228751E-02 a       728     0    37     1     8
 -3.2044220542217494E-01 a       729     0    37     1     9
 -2.0842194127962402E-02 a       730     0    37     1    10
 -5.4180657782155983E-01 a       731     0    37     1    11
  1.6264537614814203E-01 a       732     0    37     1    12
  2.3529996797432812E-01 a       733     0    37     1    13
  4.8255313818889295E-01 a       734     0    37     1    14
  3.6311684689939261E-01 a       735     0    37     1    15
 -4.0703973942841374E-03 a       736     0    37     1    16
  7.8238021997571502E-02 a       737     0    37     1    17
  2.1053579154680394E-01 a       738     0    37     1    18
  2.4997624761643764E-01 a       739     0    37     1    19
 -8.2416694115568634E-01 a       740     0    37     1    20
  5.3106516484702319E-03 a       741     0    38     1     1
  1.6185519738070847E-01 a       742     0    38     1     2
 -5.4478635655007691E-02 a       743     0    38     1     3
  4.8004302037021405E-02 a       744     0    38     1     4
  1.5616785231953129E-01 a       745     0    38     1     5
  7.1939189045847257E-02 a       746     0    38     1     6
  2.0133881491806255E-01 a       747     0    38     1     7
 -1.4414876441289812E-01 a       748     0    38     1     8
  1.0312318057054256E-02 a       749     0    38     1     9
  6.0709404804098255E-02 a       750     0    38     1    10
  6.4778445637179868E-02 a       751     0    38     1    11
  1.8025572398989706E-02 a       752     0    38     1    12
  5.7752501477661915E-02 a       753     0    38     1    13
 -1.1417325508099664E-01 a       754     0    38     1    14
 -3.0027941051735316E-02 a       755     0    38     1    15
 -5.9661184792901466E-02 a       756     0    38     1    16
 -1.0856550527306277E-01 a       757     0    38     1    17
 -7.5603966167634888E-03 a       758     0    38     1    18
  8.0163175404834863E-02 a       759     0    38     1    19
  3.6562572064159075E-02 a       760     0    38     1    20
 -6.0199840793913058E-02 a       761     0    39     1     1
  2.7644597714897090E-01 a       762     0    39     1     2
 -1.0066707118134155E-01 a       763     0    39     1     3
  7.0630779097529947E-02 a       764     0    39     1     4
  9.0281199543465390E-02 a       765     0    39     1     5
  1.6507289052348124E-02 a       766     0    39     1     6
  4.9040301285896128E-02 a       767     0    39     1     7
  1.0934481973094630E-01 a       768     0    39     1     8
  1.8016583051775764E-01 a       769     0    39     1     9
  1.1494240501225035E-01 a       770     0    39     1    10
  2.8576808684638171E-02 a       771     0    39     1    11
 -7.4189720817694801E-02 a       772     0    39     1    12
 -7.7738102535241715E-02 a       773     0    39     1    13
  6.1358965886350238E-02 a       774     0    39     1    14
 -1.6081823835471851E-01 a       775     0    39     1    15
  3.6177329949461667E-01 a       776     0    39     1    16
 -2.3971938357011210E-02 a       777     0    39     1    17
  1.1574595918453524E-01 a       778     0    39     1    18
 -1.7966145042873088E-01 a       779     0    39     1    19
  3.7044852399364908E-01 a       780     0    39     1    20
  3.4155479364244352E-02 a       781     0    40     1     1
 -2.0261113267029021E-01 a       782     0    40     1     2
 -8.5149826017180658E-02 a       783     0    40     1     3
  1.8377150230553513E-01 a       784     0    40     1     4
 -4.5163295753892531E-03 a       785     0    40     1     5
  1.1609609477841620E-01 a       786     0    40     1     6
  3.9874645757811578E-02 a       787     0    40     1     7
  4.5010846300640256E-02 a       788     0    40     1     8
  4.0473192383327292E-02 a       789     0    40     1     9
 -2.7544482828375666E-01 a       790     0    40     1    10
 -1.0229971748704105E-02 a       791     0    40     1    11
 -3.9748180247520019E-02 a       792     0    40     1    12
  9.5778574259753224E-02 a       793     0    40     1    13
 -1.6921433414436951E-01 a       794     0    40     1    14
  3.6573956729219387E-01 a       795     0    40     1    15
  1.6156369429487474E-01 a       796     0    40     1    16
  2.3074174209006129E-01 a       797     0    40     1    17
 -3.0522307792581332E-01 a       798     0    40     1    18
 -1.4251743256333574E-01 a       799     0    40     1    19
 -3.8086805482747163E-02 a       800     0    40     1    20
  9.5763226756807429E-02 a       801     0    41     1     1
  8.4722545783030956E-02 a       802     0    41     1     2
  6.1174198256237610E-03 a       803     0    41     1     3
 -4.8272972938239863E-03 a       804     0    41     1     4
 -3.3159234664194369E-02 a       805     0    41     1     5
  1.4886495909582731E-01 a       806     0    41     1     6
 -2.5200656858886661E-01 a       807     0    41     1     7
  8.9582120427589089E-04 a       808     0    41     1     8
 -1.1828312562718248E-01 a       809     0    41     1     9
 -1.0633082911632089E-01 a       810     0    41     1    10
  6.0834213223799664E-02 a       811     0    41     1    11
  7.8541593022264461E-02 a       812     0    41     1    12
 -1.4038403638215163E-02 a       813     0    41     1    13
 -1.7927450813006759E-03 a       814     0    41     1    14
 -1.5101870546683355E-01 a       815     0    41     1    15
  1.6893566535949570E-01 a       816     0    41     1    16
 -4.8529754036033837E-02 a       817     0    41     1    17
 -2.4759776717606378E-02 a       818     0    41     1    18
 -1.0372588075462608E-01 a       819     0    41     1    19
 -9.2277579818090857E-02 a       820     0    41     1    20
  1.4933214623953983E-01 a       821     0    42     1     1
  5.7022920468958982E-01 a       822     0    42     1     2
 -2.8610740655946204E-01 a       823     0    42     1     3
 -4.8631447827299883E-02 a       824     0    42     1     4
 -4.4629202178750230E-02 a       825     0    42     1     5
 -2.5352130201941980E-01 a       826     0    42     1     6
  8.7515661683509605E-02 a       827     0    42     1     7
  9.7038289340974429E-02 a       828     0    42     1     8
 -3.5069573918932499E-02 a       829     0    42     1     9
 -5.9200194467870476E-02 a       830     0    42     1    10
 -2.2243354600481728E-03 a       831     0    42     1    11
  7.3615736717498770E-02 a       832     0    42     1    12
  3.4513622996050486E-02 a       833     0    42     1    13
  6.3625806486096642E-02 a       834     0    42     1    14
  3.1643137033974800E-01 a       835     0    42     1    15
 -1.1227040644084911E-01 a       836     0    42     1    16
  1.7409726137508655E-01 a       837     0    42     1    17
  9.1784893416081134E-02 a       838     0    42     1    18
 -5.9226667461783074E-02 a       839     0    42     1    19
  1.7319431946386449E-01 a       840     0    42     1    20
 -4.5011062106188354E-02 a       841     0    43     1     1
  2.4379418918606144E-01 a       842     0    43     1     2
  2.6119455270999437E-01 a       843     0    43     1     3
 -1.5879771466470466E-01 a       844     0    43     1     4
 -4.9497781577009722E-02 a       845     0    43     1     5
 -6.4663891023481149E-02 a       846     0    43     1     6
 -3.4519040216450539E-02 a       847     0    43     1     7
  9.3479904582526488E-02 a       848     0    43     1     8
 -5.3077373076866378E-02 a       849     0    43     1     9
 -2.9775811476797424E-02 a       850     0    43     1    10
  3.0337376353104111E-02 a       851     0    43     1    11
 -4.5034631091932032E-03 a       852     0    43     1    12
  1.0563374777763547E-02 a       853     0    43     1    13
 -9.1920173905418096E-02 a       854     0    43     1    14
  8.0222764897184065E-02 a       855     0    43     1    15
  5.0012766491667852E-02 a       856     0    43     1    16
  6.1354757476880704E-02 a       857     0    43     1    17
 -1.0169031028271867E-01 a       858     0    43     1    18
 -3.9310575527763569E-02 a       859     0    43     1    19
  1.2437601442865422E-01 a       860     0    43     1    20
  4.7653924938073071E-02 a       861     0    44     1     1
  1.6641506478443446E-01 a       862     0    44     1     2
  8.5626431343939324E-02 a       863     0    44     1     3
  5.3513039787926910E-02 a       864     0    44     1     4
 -1.5413277999393357E-01 a       865     0    44     1     5
  1.9529477284628594E-01 a       866     0    44     1     6
 -2.7592964929154346E-01 a       867     0    44     1     7
  4.2329860760180839E-02 a       868     0    44     1     8
 -4.6391048915430366E-01 a       869     0    44     1     9
 -2.2649268392575811E-01 a       870     0    44     1    10
  1.1379018595449579E-01 a       871     0    44     1    11
 -4.0767546707233253E-02 a       872     0    44     1    12
 -5.7888316428351752E-02 a       873     0    44     1    13
  1.3578356780151660E-01 a       874     0    44     1    14
  4.0485912232018407E-04 a       875     0    44     1    15
 -3.9729523085956515E-02 a       876     0    44     1    16
 -5.0830929491616578E-02 a       877     0    44     1    17
 -1.2649969056845639E-01 a       878     0    44     1    18
 -3.5437167240708339E-01 a       879     0    44     1    19
 -1.2148981614756037E-01 a       880     0    44     1    20
  3.9539938912142622E-02 a       881     0    45     1     1
 -5.2309757847760346E-02 a       882     0    45     1     2
 -1.0777208028756019E-01 a       883     0    45     1     3
  5.5691192283144918E-02 a       884     0    45     1     4
 -4.6893781017410131E-02 a       885     0    45     1     5
 -4.2589855276675408E-02 a       886     0    45     1     6
  4.0236504384843254E-02 a       887     0    45     1     7
 -7.8294460912435183E-03 a       888     0    45     1     8
  4.6214239142613238E-02 a       889     0    45     1     9
 -2.2633456544961919E-02 a       890     0    45     1    10
  5.3317734385068566E-02 a       891     0    45     1    11
 -2.4527300873512913E-03 a       892     0    45     1    12
  1.8581169581972225E-02 a       893     0    45     1    13
  1.8788423786623466E-02 a       894     0    45     1    14
  1.4641136130235030E-01 a       895     0    45     1    15
  7.1406144651009733E-03 a       896     0    45     1    16
  1.0989775386586972E-01 a       897     0    45     1    17
 -3.6276054071465245E-02 a       898     0    45     1    18
 -1.1984575095750137E-01 a       899     0    45     1    19
  6.9140358683048603E-02 a       900     0    45     1    20
 -6.6984250606756279E-02 a       901     0    46     1     1
 -1.8337040397373083E-01 a       902     0    46     1     2
  2.2027261254230612E-01 a       903     0    46     1     3
  3.1247497939887936E-01 a       904     0    46     1     4
 -1.4056614876053242E-01 a       905     0    46     1     5
 -1.1025336972907782E-02 a       906     0    46     1     6
  3.6771125672265509E-01 a       907     0    46     1     7
 -1.3784861250033867E-01 a       908     0    46     1     8
  1.4442400231484201E-01 a       909     0    46     1     9
  3.3759457443698304E-01 a       910     0    46     1    10
  1.1707998620060961E-01 a       911     0    46     1    11
  2.0506262630435271E-01 a       912     0    46     1    12
 -2.5249874803769468E-01 a       913     0    46     1    13
 -1.3183498498222521E-01 a       914     0    46     1    14
  3.2996301458858984E-01 a       915     0    46     1    15
  2.9915076605198765E-01 a       916     0    46     1    16
  2.3398549837012454E-02 a       917     0    46     1    17
  4.4886630961478519E-02 a       918     0    46     1    18
  1.8569123538212931E-01 a       919     0    46     1    19
 -3.4096513743798312E-01 a       920     0    46     1    20
  3.5157286892749146E-01 a       921     0    47     1     1
 -4.1862982007309579E-01 a       922     0    47     1     2
  7.5987135689144667E-03 a       923     0    47     1     3
  3.5493833059848984E-01 a       924     0    47     1     4
 -1.0875971018392200E-01 a       925     0    47     1     5
  6.6513770160678637E-02 a       926     0    47     1     6
 -2.6679001139272690E-01 a       927     0    47     1     7
 -3.6780998468916282E-01 a       928     0    47     1     8
  1.9327405564871086E-01 a       929     0    47     1     9
 -1.1652598381021118E+00 a       930     0    47     1    10
  1.6070994136454586E-01 a       931     0    47     1    11
 -5.5554725028692975E-01 a       932     0    47     1    12
 -2.0593913823149293E-01 a       933     0    47     1    13
 -4.5249870432761791E-01 a       934     0    47     1    14
 -7.3665164927925120E-01 a       935     0    47     1    15
 -1.2673835800422992E-01 a       936     0    47     1    16
  2.3233877215187279E-01 a       937     0    47     1    17
 -4.1624880988975305E-01 a       938     0    47     1    18
 -3.2782879606356669E-01 a       939     0    47     1    19
  3.2395488355093549E-01 a       940     0    47     1    20
 -2.1133298221238397E-02 a       941     0    48     1     1
 -6.4194035969146173E-03 a       942     0    48     1     2
  1.2417803755519970E-01 a       943     0    48     1     3
  6.3645763525967888E-03 a       944     0    48     1     4
 -1.4948713111222101E-01 a       945     0    48     1     5
  5.7731304561126316E-02 a       946     0    48     1     6
 -1.5754749166238988E-01 a       947     0    48     1     7
 -4.0253667435452528E-02 a       948     0    48     1     8
 -1.0352137141985101E-03 a       949     0    48     1     9
 -9.9738659702382285E-02 a       950     0    48     1    10
 -6.4478127918212525E-03 a       951     0    48     1    11
  4.2292207732690330E-02 a       952     0    48     1    12
 -4.7044832687376262E-02 a       953     0    48     1    13
  5.4173772458436027E-02 a       954     0    48     1    14
  6.5605565176804465E-02 a       955     0    48     1    15
 -5.0377371577744974E-02 a       956     0    48     1    16
 -3.9296592103708589E-02 a       957     0    48     1    17
 -3.5065686571484699E-02 a       958     0    48     1    18
 -7.5504918843621288E-02 a       959     0    48     1    19
 -3.9241350416650972E-02 a       960     0    48     1    20
 -2.4982393450090051E-01 a       961     0    49     1     1
  4.3271923970022809E-02 a       962     0    49     1     2
 -8.8253477106153028E-02 a       963     0    49     1     3
 -8.0427282450381304E-02 a       964     0    49     1     4
  1.0587635926379853E-01 a       965     0    49     1     5
 -1.2635691596858090E-02 a       966     0    49     1     6
  7.5235830204468945E-02 a       967     0    49     1     7
  2.7082312813866893E-01 a       968     0    49     1     8
  1.4860255635780653E-03 a       969     0    49     1     9
  2.2063596865916543E-01 a       970     0    49     1    10
 -1.1676491598754561E-01 a       971     0    49     1    11
  1.2239276214614063E-01 a       972     0    49     1    12
  5.7034708934788819E-02 a       973     0    49     1    13
  1.0904877885304319E-01 a       974     0    49     1    14
  7.3627100244616481E-02 a       975     0    49     1    15
 -7.2367258630495590E-02 a       976     0    49     1    16
 -2.1966163283136591E-02 a       977     0    49     1    17
  4.8385442736998248E-02 a       978     0    49     1    18
  2.3372355643518350E-01 a       979     0    49     1    19
 -4.1229714066545034E-02 a       980     0    49     1    20
  1.4439666018943806E-01 a       981     0    50     1     1
 -1.6593221952623621E-02 a       982     0    50     1     2
 -1.2199870205297163E-02 a       983     0    50     1     3
 -1.1138952844379241E-01 a       984     0    50     1     4
 -2.0550417002084532E-02 a       985     0    50     1     5
 -3.3229192704799454E-01 a       986     0    50     1     6
  9.0156288215721817E-02 a       987     0    50     1     7
  2.8581537865732835E-03 a       988     0    50     1     8
 -4.0892248432092923E-02 a       989     0    50     1     9
  8.3100754441602101E-02 a       990     0    50     1    10
  5.8712470300432341E-02 a       991     0    50     1    11
 -5.1022260215816823E-02 a       992     0    50     1    12
 -1.8681209030986447E-02 a       993     0    50     1    13
 -1.3677245635086590E-02 a       994     0    50     1    14
 -1.1046827605024352E-01 a       995     0    50     1    15
 -1.5756722332329412E-01 a       996     0    50     1    16
  5.1660831522789524E-02 a       997     0    50     1    17
  2.0814393868079381E-01 a       998     0    50     1    18
  4.5254266569862728E-02 a       999     0    50     1    19
  2.1120587827952009E-02 a      1000     0    50     1    20
  9.9221498697340857E-02 b      1001     1     1
  1.1013774331161117E+00 b      1002     1     2
  8.4423676083829013E-01 b      1003     1     3
  2.5347565142654138E-01 b      1004     1     4
  7.7877687451607569E-01 b      1005     1     5
 -8.8327295888110495E-03 b      1006     1     6
 -8.3423239786516812E-01 b      1007     1     7
 -1.4105082726074614E+00 b      1008     1     8
 -1.3474598314084898E+00 b      1009     1     9
 -2.9111311578943094E-01 b      1010     1    10
  2.8468214109547069E-01 b      1011     1    11
 -7.3901862130291229E-01 b      1012     1    12
  4.4692753771866139E-01 b      1013     1    13
  2.7678772742907076E-01 b      1014     1    14
  8.8610347094522846E-01 b      1015     1    15
 -9.0386937279098412E-01 b      1016     1    16
  3.4969857048900921E-01 b      1017     1    17
  4.3053469408423406E-01 b      1018     1    18
  2.1286234795363368E-01 b      1019     1    19
 -2.7385427472259144E-01 b      1020     1    20
 -6.5853222529200028E-01 a      1021     1     1     2     1
 -6.6193667557694666E-02 a      1022     1     1     2     2
  7.7636442361993374E-01 a      1023     1     1     2     3
 -5.6942260891272252E-02 a      1024     1     1     2     4
 -3.9527273024704473E-01 a      1025     1     1     2     5
  1.4040711726469121E-01 a      1026     1     1     2     6
  2.7636382032051726E-01 a      1027     1     1     2     7
 -3.6684194388105129E-01 a      1028     1     1     2     8
 -5.5352633541959195E-01 a      1029     1     1     2     9
 -4.6622712897468710E-01 a      1030     1     1     2    10
  5.1655630710824962E-01 a      1031     1     1     2    11
 -1.5625723886206541E-01 a      1032     1     1     2    12
  3.5652342171330392E-01 a      1033     1     1     2    13
 -5.2220225948877441E-01 a      1034     1     1     2    14
  4.1440352731977526E-01 a      1035     1     1     2    15
  3.1429160533213873E-01 a      1036     1     1     2    16
  4.6069271832855185E-01 a      1037     1     1     2    17
 -7.4697462922170232E-01 a      1038     1     1     2    18
 -3.9038779461247519E-01 a      1039     1     1     2    19
  9.3048126255985630E-02 a      1040     1     1     2    20
 -1.9751045624090752E-01 a      1041     1     2     2     1
 -4.0943168942749936E-01 a      1042     1     2     2     2
 -5.4427348358772776E-01 a      1043     1     2     2     3
  1.2349316292765634E-01 a      1044     1     2     2     4
 -7.2530335279295377E-01 a      1045     1     2     2     5
 -2.8370699624151952E-02 a      1046     1     2     2     6
  2.0884834717712730E-01 a      1047     1     2     2     7
 -3.0482116576134533E-01 a      1048     1     2     2     8
  9.8633602494747494E-02 a      1049     1     2     2     9
 -5.1865494690477221E-01 a      1050     1     2     2    10
  1.6367351923261342E-01 a      1051     1     2     2    11
 -3.5143747135399839E-01 a      1052     1     2     2    12
 -2.3628982059203962E-01 a      1053     1     2     2    13
 -5.5123723568634164E-01 a      1054     1     2     2    14
 -3.8729276288919395E-01 a      1055     1     2     2    15
  4.2620361811348279E-01 a      1056     1     2     2    16
 -4.7789934600461353E-01 a      1057     1     2     2    17
 -6.9587896309305161E-02 a      1058     1     2     2    18
 -2.5909345420263769E-01 a      1059     1     2     2    19
 -2.0491139649522369E-01 a      1060     1     2     2    20
 -2.2476042173459004E-01 a      1061     1     3     2     1
 -2.9806981974656546E-02 a      1062     1     3     2     2
  1.5688659661828919E-01 a      1063     1     3     2     3
  3.1483666557450207E-01 a      1064     1     3     2     4
 -4.7528891601669332E-01 a      1065     1     3     2     5
 -1.3005205571643877E-01 a      1066     1     3     2     6
  2.3811165189966055E-01 a      1067     1     3     2     7
  1.5398764965692843E-01 a      1068     1     3     2     8
  4.9294247441266553E-01 a      1069     1     3     2     9
  6.0615078028511693E-01 a      1070     1     3     2    10
  5.2355156691288685E-01 a      1071     1     3     2    11
  2.2025032252487833E-01 a      1072     1     3     2    12
  9.9207005015054806E-02 a      1073     1     3     2    13
 -6.3919421446905443E-04 a      1074     1     3     2    14
 -1.4705640851845245E-01 a      1075     1     3     2    15
 -5.4820116205998437E-01 a      1076     1     3     2    16
 -4.7844065571403599E-01 a      1077     1     3     2    17
  9.5169425436712377E-02 a      1078     1     3     2    18
 -8.2748991997579305E-02 a      1079     1     3     2    19
  4.6282273541910002E-01 a      1080     1     3     2    20
  4.3776931121351376E-01 a      1081     1     4     2     1
 -2.5647907449901930E-01 a      1082     1     4     2     2
 -4.9353782157112125E-01 a      1083     1     4     2     3
  3.2663096214946502E-01 a      1084     1     4     2     4
 -7.7971102075577592E-01 a      1085     1     4     2     5
  4.0523666146016474E-01 a      1086     1     4     2     6
 -7.7705876387236680E-02 a      1087     1     4     2     7
  2.9797395618636457E-01 a      1088     1     4     2     8
  5.2237067009992655E-01 a      1089     1     4     2     9
 -2.8722297403949333E-02 a      1090     1     4     2    10
  7.8944575183754107E-01 a      1091     1     4     2    11
 -2.1819917024223898E-01 a      1092     1     4     2    12
  3.0542158410517062E-01 a      1093     1     4     2    13
 -5.5352659180564034E-01 a      1094     1     4     2    14
 -2.3318575545118611E-01 a      1095     1     4     2    15
  6.1601712012013521E-01 a      1096     1     4     2    16
 -6.0519669693942912E-01 a      1097     1     4     2    17
 -1.2827074131399718E-01 a      1098     1     4     2    18
 -3.2104633352086059E-01 a      1099     1     4     2    19
 -1.9181132443129745E-01 a      1100     1     4     2    20
  1.1864736408103058E-01 a      1101     1     5     2     1
  1.2778399834497922E-01 a      1102     1     5     2     2
  3.4484833848522400E-01 a      1103     1     5     2     3
 -6.1483969644817327E-01 a      1104     1     5     2     4
  1.9646533950691769E-01 a      1105     1     5     2     5
 -2.5150649918098827E-01 a      1106     1     5     2     6
 -5.4835324886738435E-01 a      1107     1     5     2     7
 -2.4155952944493981E-02 a      1108     1     5     2     8
  2.1093004462705700E-01 a      1109     1     5     2     9
 -6.0666522624377192E-04 a      1110     1     5     2    10
  1.6940462637084436E-01 a      1111     1     5     2    11
 -1.3020239632657493E-01 a      1112     1     5     2    12
  3.1803461971455593E-01 a      1113     1     5     2    13
  5.6939220966990456E-01 a      1114     1     5     2    14
  1.0405921647675027E-01 a      1115     1     5     2    15
 -3.5612080426688819E-01 a      1116     1     5     2    16
 -1.9568278853606103E-01 a      1117     1     5     2    17
 -2.0887353309098816E-01 a      1118     1     5     2    18
  3.5156052318887210E-01 a      1119     1     5     2    19
 -5.9260777034992065E-02 a      1120     1     5     2    20
 -1.8026805832709333E-01 a      1121     1     6     2     1
 -4.5128293048987111E-01 a      1122     1     6     2     2
  2.2899715206864227E-01 a      1123     1     6     2     3
  6.1361810427550356E-01 a      1124     1     6     2     4
 -2.1602030243109048E-02 a      1125     1     6     2     5
 -4.6268047359661148E-02 a      1126     1     6     2     6
  4.2437889515245436E-02 a      1127     1     6     2     7
 -2.4417872393104781E-01 a      1128     1     6     2     8
 -7.2461225565217452E-03 a      1129     1     6     2     9
  5.9638192704081683E-01 a      1130     1     6     2    10
 -5.7781208931612060E-01 a      1131     1     6     2    11
 -2.9510739910930023E-01 a      1132     1     6     2    12
 -2.1513105502076649E-01 a      1133     1     6     2    13
 -3.1351261524533280E-01 a      1134     1     6     2    14
 -3.7982999730008615E-01 a      1135     1     6     2    15
  2.1964369408806042E-01 a      1136     1     6     2    16
 -2.0927073116113123E-01 a      1137     1     6     2    17
 -9.0036460224900156E-03 a      1138     1     6     2    18
  2.1845415491293788E-01 a      1139     1     6     2    19
  1.1138371852837921E-01 a      1140     1     6     2    20
 -6.0804945818236322E-01 a      1141     1     7     2     1
 -1.3745166722342279E-02 a      1142     1     7     2     2
  5.3285059646864509E-02 a      1143     1     7     2     3
  4.3670430892665209E-02 a      1144     1     7     2     4
 -3.3174098808071167E-01 a      1145     1     7     2     5
  2.7940790797841136E-01 a      1146     1     7     2     6
  2.4350962111174013E-01 a      1147     1     7     2     7
 -2.8345028016304608E-01 a      1148     1     7     2     8
 -1.2550645094128682E-01 a      1149     1     7     2     9
  2.2449521572485762E-01 a      1150     1     7     2    10
 -5.7312601192565904E-01 a      1151     1     7     2    11
 -1.1067214284110978E-01 a      1152     1     7     2    12
 -1.7628591195729715E-01 a      1153     1     7     2    13
  2.4099685697674539E-01 a      1154     1     7     2    14
  2.9276267803025691E-01 a      1155     1     7     2    15
 -3.7786741787101202E-01 a      1156     1     7     2    16
  1.0193735271420720E-01 a      1157     1     7     2    17
  1.1078160375038168E-01 a      1158     1     7     2    18
  9.7615884672077630E-02 a      1159     1     7     2    19
  2.8582578929451208E-01 a      1160     1     7     2    20
 -5.7067699122457505E-01 a      1161     1     8     2     1
 -2.3233337450628344E-01 a      1162     1     8     2     2
 -8.8720828537998364E-01 a      1163     1     8     2     3
 -6.6206663245822073E-01 a      1164     1     8     2     4
 -3.3448512569477916E-02 a      1165     1     8     2     5
  4.4900926570410349E-01 a      1166     1     8     2     6
  3.0872742541604337E-01 a      1167     1     8     2     7
  1.3865914940084162E-01 a      1168     1     8     2     8
  3.8390430741821274E-01 a      1169     1     8     2     9
  1.1705087558655017E-01 a      1170     1     8     2    10
 -1.4591845139133711E-01 a      1171     1     8     2    11
  3.3651943107127325E-01 a      1172     1     8     2    12
 -2.4241486652986532E-01 a      1173     1     8     2    13
  3.5031049637515965E-02 a      1174     1     8     2    14
 -2.8292869941217624E-01 a      1175     1     8     2    15
 -4.9310222803291240E-02 a      1176     1     8     2    16
 -1.6818249644814778E-01 a      1177     1     8     2    17
  4.5591013368884165E-01 a      1178     1     8     2    18
 -1.9222649249750179E-01 a      1179     1     8     2    19
  4.4128749795678468E-01 a      1180     1     8     2    20
  9.8625984406257888E-02 a      1181     1     9     2     1
 -2.3564811793990656E-01 a      1182     1     9     2     2
 -6.7444021152367140E-01 a      1183     1     9     2     3
 -2.3948273445258988E-01 a      1184     1     9     2     4
 -8.6955224317954952E-02 a      1185     1     9     2     5
  6.6358696665468220E-01 a      1186     1     9     2     6
  4.6246176958117190E-02 a      1187     1     9     2     7
 -7.4796395274090577E-01 a      1188     1     9     2     8
  2.9037178811800551E-01 a      1189     1     9     2     9
  3.3406411734256464E-01 a      1190     1     9     2    10
  4.6458114077181734E-01 a      1191     1     9     2    11
  3.9877759730533840E-01 a      1192     1     9     2    12
  4.6422423047545613E-01 a      1193     1     9     2    13
 -4.7939348485491515E-02 a      1194     1     9     2    14
 -1.5970961035738934E-01 a      1195     1     9     2    15
 -1.6685160376444041E-01 a      1196     1     9     2    16
  3.4440853957783812E-01 a      1197     1     9     2    17
 -1.6835686433054076E-01 a      1198     1     9     2    18
  4.3498328112876056E-01 a      1199     1     9     2    19
  2.4035222318598660E-02 a      1200     1     9     2    20
  4.5796518458095647E-01 a      1201     1    10     2     1
 -1.5808839584924481E-01 a      1202     1    10     2     2
 -2.1595334498497079E-01 a      1203     1    10     2     3
  4.4681450917178323E-01 a      1204     1    10     2     4
 -3.2608201074668330E-01 a      1205     1    10     2     5
 -3.8508625651599299E-01 a      1206     1    10     2     6
  3.9791587966666581E-01 a      1207     1    10     2     7
  1.9676650629800241E-01 a      1208     1    10     2     8
 -3.9931237795480246E-01 a      1209     1    10     2     9
  6.1361373730779356E-01 a      1210     1    10     2    10
 -7.9835420018701822E-02 a      1211     1    10     2    11
 -2.2587950477852667E-01 a      1212     1    10     2    12
 -2.8596037451284040E-01 a      1213     1    10     2    13
 -1.0145248970814490E-01 a      1214     1    10     2    14
 -2.2116299595211927E-01 a      1215     1    10     2    15
  4.9476242055155811E-01 a      1216     1    10     2    16
  3.6642617552139223E-01 a      1217     1    10     2    17
  1.9171740767482784E-01 a      1218     1    10     2    18
 -2.6882375163413413E-01 a      1219     1    10     2    19
 -7.8688815832212400E-01 a      1220     1    10     2    20
  4.8570357863071445E-01 a      1221     1    11     2     1
 -4.5978015497973346E-01 a      1222     1    11     2     2
  9.7830227613757439E-02 a      1223     1    11     2     3
  2.9908026604321647E-01 a      1224     1    11     2     4
  3.0324974394386872E-01 a      1225     1    11     2     5
 -2.0595074710148667E-01 a      1226     1    11     2     6
  1.0814726266115246E-01 a      1227     1    11     2     7
 -4.3814123596492366E-01 a      1228     1    11     2     8
  4.8500318123511288E-01 a      1229     1    11     2     9
  5.3843060679597723E-02 a      1230     1    11     2    10
 -7.3884878197281361E-03 a      1231     1    11     2    11
 -4.6704349207820672E-01 a      1232     1    11     2    12
  1.6951709428320744E-01 a      1233     1    11     2    13
 -2.9276965150923917E-01 a      1234     1    11     2    14
 -2.4851341895270015E-01 a      1235     1    11     2    15
  5.0680372870242285E-01 a      1236     1    11     2    16
  3.6634114882216773E-01 a      1237     1    11     2    17
 -2.5499796363608301E-01 a      1238     1    11     2    18
  5.3528480435301018E-01 a      1239     1    11     2    19
  9.5513429734690336E-01 a      1240     1    11     2    20
  4.2307778677443196E-02 a      1241     1    12     2     1
 -9.1584483970218664E-02 a      1242     1    12     2     2
 -1.4969520758864551E-03 a      1243     1    12     2     3
 -3.7826570756315334E-02 a      1244     1    12     2     4
 -6.1797888723405092E-01 a      1245     1    12     2     5
  5.8134603627493320E-01 a      1246     1    12     2     6
  5.3728168112238384E-01 a      1247     1    12     2     7
  1.0888465239494086E-01 a      1248     1    12     2     8
  5.2039715232643724E-01 a      1249     1    12     2     9
  3.4536850625558176E-02 a      1250     1    12     2    10
 -2.7531906108040927E-01 a      1251     1    12     2    11
  5.1056718983999583E-01 a      1252     1    12     2    12
  1.5454724814524340E-01 a      1253     1    12     2    13
 -2.3648678695196937E-01 a      1254     1    12     2    14
  6.3260388032833104E-01 a      1255     1    12     2    15
 -2.4957904361982758E-01 a      1256     1    12     2    16
  5.2534490457708927E-01 a      1257     1    12     2    17
 -2.3079453776482925E-01 a      1258     1    12     2    18
 -2.1746379847814223E-03 a      1259     1    12     2    19
  6.6598278540893244E-02 a      1260     1    12     2    20
 -2.9486606662651466E-01 a      1261     1    13     2     1
 -3.0338615950190551E-01 a      1262     1    13     2     2
 -6.7942645132231305E-01 a      1263     1    13     2     3
  3.7826625513468110E-01 a      1264     1    13     2     4
  5.9255166873243677E-02 a      1265     1    13     2     5
  1.4481222659539439E-01 a      1266     1    13     2     6
  6.7359184993989296E-01 a      1267     1    13     2     7
 -2.1608791456986950E-01 a      1268     1    13     2     8
 -6.4774567378306586E-02 a      1269     1    13     2     9
 -5.1336102863496269E-01 a      1270     1    13     2    10
  4.1154901007842892E-01 a      1271     1    13     2    11
 -4.0953162546700933E-01 a      1272     1    13     2    12
  2.7446060774490250E-01 a      1273     1    13     2    13
 -1.9863988208317293E-01 a      1274     1    13     2    14
 -4.3910736308783194E-01 a      1275     1    13     2    15
  5.2604980055453598E-01 a      1276     1    13     2    16
  2.6885125948722011E-01 a      1277     1    13     2    17
 -6.0014068443808699E-01 a      1278     1    13     2    18
 -4.6329563391193324E-01 a      1279     1    13     2    19
 -2.2202785576761438E-01 a      1280     1    13     2    20
  3.9862188746868898E-01 a      1281     1    14     2     1
  2.8597010839609588E-01 a      1282     1    14     2     2
  2.9291394242046959E-01 a      1283     1    14     2     3
  2.2485799869302318E-02 a      1284     1    14     2     4
 -7.3531538420177001E-01 a      1285     1    14     2     5
  8.2078933204207796E-02 a      1286     1    14     2     6
  3.0120777027213175E-01 a      1287     1    14     2     7
  3.2968480686472307E-01 a      1288     1    14     2     8
  4.8776555762249713E-01 a      1289     1    14     2     9
  3.2692237196503876E-01 a      1290     1    14     2    10
  1.8185342675162225E-02 a      1291     1    14     2    11
  8.2059474111021269E-01 a      1292     1    14     2    12
 -8.8643457678390505E-02 a      1293     1    14     2    13
 -2.4343513455490423E-01 a      1294     1    14     2    14
  1.4808511473762276E-01 a      1295     1    14     2    15
 -4.3756130672400562E-01 a      1296     1    14     2    16
 -2.2782886842829486E-01 a      1297     1    14     2    17
 -3.1063955256716722E-02 a      1298     1    14     2    18
  1.2413548639425188E-01 a      1299     1    14     2    19
  6.8126498844030314E-01 a      1300     1    14     2    20
 -4.9615821409975847E-01 a      1301     1    15     2     1
 -1.7314930890990743E-01 a      1302     1    15     2     2
  2.4760936185111776E-01 a      1303     1    15     2     3
  7.3497714115686369E-02 a      1304     1    15     2     4
 -7.1223489341940838E-01 a      1305     1    15     2     5
 -8.0973586012430820E-02 a      1306     1    15     2     6
  3.9084991001972336E-01 a      1307     1    15     2     7
  5.1768326926020714E-01 a      1308     1    15     2     8
  5.8412972796521467E-01 a      1309     1    15     2     9
 -3.2752731597303192E-01 a      1310     1    15     2    10
 -3.0177424809233933E-01 a      1311     1    15     2    11
  7.2834654688276490E-01 a      1312     1    15     2    12
 -4.4016414121153624E-01 a      1313     1    15     2    13
 -2.4939287119248002E-01 a      1314     1    15     2    14
 -1.2329162419189633E-01 a      1315     1    15     2    15
 -9.5254412517596934E-02 a      1316     1    15     2    16
  2.5840207998470288E-01 a      1317     1    15     2    17
 -5.6440226569257868E-01 a      1318     1    15     2    18
  3.2240652741336306E-01 a      1319     1    15     2    19
 -4.1277525710522150E-01 a      1320     1    15     2    20
  3.4372376220310663E-01 a      1321     1    16     2     1
  3.3645070728412324E-01 a      1322     1    16     2     2
 -1.9625493364543739E-01 a      1323     1    16     2     3
 -3.7278657847828550E-01 a      1324     1    16     2     4
  2.4934119509216457E-01 a      1325     1    16     2     5
  5.3055999134446574E-01 a      1326     1    16     2     6
 -3.7112972302342290E-01 a      1327     1    16     2     7
  3.5253498164471608E-01 a      1328     1    16     2     8
 -7.4985362297890401E-01 a      1329     1    16     2     9
  3.3199160986232490E-01 a      1330     1    16     2    10
 -1.6641619743509251E-01 a      1331     1    16     2    11
  7.0710242492445397E-01 a      1332     1    16     2    12
 -2.1202365470565355E-02 a      1333     1    16     2    13
  2.8492542236754187E-01 a      1334     1    16     2    14
  6.7964302587397352E-01 a      1335     1    16     2    15
  2.5147018089471818E-01 a      1336     1    16     2    16
  9.8218519980722341E-02 a      1337     1    16     2    17
 -3.0307316032701931E-01 a      1338     1    16     2    18
  1.7452550964645538E-01 a      1339     1    16     2    19
  2.3427866757283131E-02 a      1340     1    16     2    20
 -2.1993259633451134E-01 a      1341     1    17     2     1
  1.7185251848281548E-02 a      1342     1    17     2     2
  3.0780794120755339E-01 a      1343     1    17     2     3
 -2.5787890332135721E-01 a      1344     1    17     2     4
 -4.4756374069770499E-01 a      1345     1    17     2     5
 -2.7120844532534882E-01 a      1346     1    17     2     6
  5.0463378682559179E-01 a      1347     1    17     2     7
  6.7043190776387185E-01 a      1348     1    17     2     8
  8.3739617512326781E-02 a      1349     1    17     2     9
 -4.4454843429071314E-02 a      1350     1    17     2    10
 -1.2339643097372475E-01 a      1351     1    17     2    11
  4.7647146921962497E-01 a      1352     1    17     2    12
 -6.4401300600392941E-01 a      1353     1    17     2    13
 -5.5758925066057274E-01 a      1354     1    17     2    14
 -1.7949917853147823E-01 a      1355     1    17     2    15
 -4.4003650025519503E-01 a      1356     1    17     2    16
  5.5633509029006101E-01 a      1357     1    17     2    17
  3.5428776852624794E-01 a      1358     1    17     2    18
  3.6330842963281307E-01 a      1359     1    17     2    19
  9.1963198249844141E-02 a      1360     1    17     2    20
 -2.1883521578744602E-01 a      1361     1    18     2     1
 -3.7985704993085934E-01 a      1362     1    18     2     2
 -5.4473068019513504E-01 a      1363     1    18     2     3
  1.8680718278717245E-01 a      1364     1    18     2     4
 -9.9273623802848807E-02 a      1365     1    18     2     5
  3.9421720670234639E-01 a      1366     1    18     2     6
 -4.3897812503610806E-01 a      1367     1    18     2     7
 -3.8167127614951274E-01 a      1368     1    18     2     8
 -3.3931669237125567E-01 a      1369     1    18     2     9
 -2.6686652866803173E-01 a      1370     1    18     2    10
  4.6846635021961236E-01 a      1371     1    18     2    11
  6.5274330416404569E-01 a      1372     1    18     2    12
 -5.6262991052134148E-01 a      1373     1    18     2    13
 -8.0740711079773653E-01 a      1374     1    18     2    14
 -1.9720801311010389E-01 a      1375     1    18     2    15
  5.1421411668833994E-01 a      1376     1    18     2    16
 -2.7019245231261224E-01 a      1377     1    18     2    17
  2.8766325723046976E-01 a      1378     1    18     2    18
  3.8451744305288216E-01 a      1379     1    18     2    19
  2.3915583648200361E-01 a      1380     1    18     2    20
 -5.6908772820135245E-01 a      1381     1    19     2     1
 -5.0615870780750283E-01 a      1382     1    19     2     2
  7.0260751167786628E-01 a      1383     1    19     2     3
 -5.8376197464169688E-01 a      1384     1    19     2     4
  2.0556016805961679E-02 a      1385     1    19     2     5
  2.6133756903390171E-01 a      1386     1    19     2     6
 -2.1115242190918693E-01 a      1387     1    19     2     7
  1.4251048157527002E-01 a      1388     1    19     2     8
 -2.1355736921024646E-01 a      1389     1    19     2     9
 -6.0493276410585439E-01 a      1390     1    19     2    10
 -7.1586513344638081E-01 a      1391     1    19     2    11
  3.0736241649071588E-01 a      1392     1    19     2    12
  3.1309956216651441E-01 a      1393     1    19     2    13
  5.6889067123462422E-01 a      1394     1    19     2    14
  3.2119658718188981E-01 a      1395     1    19     2    15
  1.3528977179294399E-01 a      1396     1    19     2    16
  3.4106587461117843E-01 a      1397     1    19     2    17
 -6.4722365085013367E-01 a      1398     1    19     2    18
 -5.1549142497296707E-01 a      1399     1    19     2    19
  3.3668756050879362E-01 a      1400     1    19     2    20
  1.7461884400926039E-01 a      1401     1    20     2     1
 -3.1016407020524861E-01 a      1402     1    20     2     2
  1.7824428468321071E-01 a      1403     1    20     2     3
 -4.4343600000899813E-01 a      1404     1    20     2     4
  5.8777202632375236E-01 a      1405     1    20     2     5
  9.6449135204222505E-02 a      1406     1    20     2     6
 -4.9318594190576764E-01 a      1407     1    20     2     7
 -3.6911711048274415E-01 a      1408     1    20     2     8
  1.8683506760441040E-01 a      1409     1    20     2     9
  3.9681190633372915E-01 a      1410     1    20     2    10
 -3.4182510387430137E-01 a      1411     1    20     2    11
 -5.9238146778638034E-01 a      1412     1    20     2    12
  5.3681383205162758E-01 a      1413     1    20     2    13
 -1.1607244730348967E-01 a      1414     1    20     2    14
 -4.4691075747514589E-02 a      1415     1    20     2    15
  5.4395307554673678E-01 a      1416     1    20     2    16
 -5.9457140660617613E-01 a      1417     1    20     2    17
 -5.6618351213841955E-02 a      1418     1    20     2    18
  4.5855765131222991E-02 a      1419     1    20     2    19
  3.9733487035269709E-02 a      1420     1    20     2    20
  8.0647095116523115E-01 b      1421     2     1
  4.8686916427611143E-01 b      1422     2     2
  1.9267688364356875E-01 b      1423     2     3
 -8.9672700755553281E-01 b      1424     2     4
 -1.0150980372066865E+00 b      1425     2     5
  9.5125622852965863E-01 b      1426     2     6
  9.5060995743911547E-01 b      1427     2     7
  1.1035964873312947E+00 b      1428     2     8
 -8.5824498473466015E-01 b      1429     2     9
  1.4544164583452468E+00 b      1430     2    10
  1.2072924782013232E+00 b      1431     2    11
  5.5566537214378975E-01 b      1432     2    12
 -7.6008002086995052E-01 b      1433     2    13
  6.7982523742615542E-01 b      1434     2    14
  1.5091949138396887E-01 b      1435     2    15
  1.3752504151346270E+00 b      1436     2    16
 -1.4001155203523097E+00 b      1437     2    17
  1.6257466738841120E+00 b      1438     2    18
 -1.1279532636714200E+00 b      1439     2    19
 -6.4396538441591822E-01 b      1440     2    20
  1.1015710177259642E-02 a      1441     2     1     3     1
 -3.9200505968324340E-01 a      1442     2     2     3     1
 -1.0270045860291166E+00 a      1443     2     3     3     1
  7.5693688128938216E-02 a      1444     2     4     3     1
  1.1313615584834087E+00 a      1445     2     5     3     1
 -3.4645581112512258E-01 a      1446     2     6     3     1
 -2.0254206075204322E-02 a      1447     2     7     3     1
 -9.8671376868057881E-01 a      1448     2     8     3     1
  5.4292203741521133E-02 a      1449     2     9     3     1
  2.2642944499089414E-02 a      1450     2    10     3     1
 -5.6456163441636020E-01 a      1451     2    11     3     1
  1.5108867810745710E-01 a      1452     2    12     3     1
  5.1102865251549878E-01 a      1453     2    13     3     1
 -8.5921958614127741E-02 a      1454     2    14     3     1
  7.8143192516847138E-01 a      1455     2    15     3     1
 -3.2225043345684773E-01 a      1456     2    16     3     1
  4.0209564941361997E-01 a      1457     2    17     3     1
  2.0572181643222109E-01 a      1458     2    18     3     1
  4.3298892446203685E-01 a      1459     2    19     3     1
 -3.3847116062955263E-02 a      1460     2    20     3     1
 -1.0318842745548529E+00 b      1461     3     1
