################################################################################
# Neural network connection values (weights and biases).
################################################################################
# Col  Name       Description
################################################################################
# 1    connection Neural network connection value.
# 2    t          Connection type (a = weight, b = bias).
# 3    index      Index enumerating weights.
# 4    l_s        Starting point layer (end point layer for biases).
# 5    n_s        Starting point neuron in starting layer (end point neuron for biases).
# 6    l_e        End point layer.
# 7    n_e        End point neuron in end layer.
################################################################################
#                      1 2         3     4     5     6     7
#             connection t     index   l_s   n_s   l_e   n_e
############################################################
  3.0638378270809724E-01 a         1     0     1     1     1
  1.4917834038429983E-01 a         2     0     1     1     2
  4.5909367238554231E-02 a         3     0     1     1     3
 -4.1845138151192973E-01 a         4     0     1     1     4
 -5.9729754354208034E-02 a         5     0     1     1     5
 -1.4111600728678969E-01 a         6     0     1     1     6
  2.3158082646257086E-01 a         7     0     1     1     7
  1.6347395316769459E-02 a         8     0     1     1     8
  2.1994470351378489E-01 a         9     0     1     1     9
 -6.8882281095980741E-02 a        10     0     1     1    10
 -8.9805010015002060E-02 a        11     0     1     1    11
 -3.2247351413137844E-02 a        12     0     1     1    12
 -3.4698268535453430E-01 a        13     0     1     1    13
 -3.6560953653173456E-01 a        14     0     1     1    14
 -1.5627238382317760E-01 a        15     0     1     1    15
 -3.2594329347474593E-01 a        16     0     1     1    16
  9.0073497062546942E-02 a        17     0     1     1    17
 -2.4246343184654034E-01 a        18     0     1     1    18
 -1.3281424653046879E-02 a        19     0     1     1    19
  2.2819262645910071E-01 a        20     0     1     1    20
 -9.1398716208583256E-03 a        21     0     2     1     1
 -2.3178934513074415E-01 a        22     0     2     1     2
 -1.7634990744958109E-01 a        23     0     2     1     3
 -4.2780318304889035E-02 a        24     0     2     1     4
 -1.6249743506840558E-01 a        25     0     2     1     5
 -1.3253695249339364E-01 a        26     0     2     1     6
 -2.7883697453821996E-02 a        27     0     2     1     7
 -1.8936304331589857E-01 a        28     0     2     1     8
  4.8741056200902735E-03 a        29     0     2     1     9
  1.2928550165254821E-01 a        30     0     2     1    10
  2.1280320816969719E-02 a        31     0     2     1    11
  3.9862036337958442E-02 a        32     0     2     1    12
  9.4439992176181167E-02 a        33     0     2     1    13
  1.2996982691375394E-01 a        34     0     2     1    14
  1.6554937581266721E-01 a        35     0     2     1    15
 -1.9604472548527657E-01 a        36     0     2     1    16
  6.1945195436363801E-02 a        37     0     2     1    17
  5.1261358753060822E-02 a        38     0     2     1    18
  9.5638772486601506E-02 a        39     0     2     1    19
  4.2232629404783520E-02 a        40     0     2     1    20
  2.2120467183624423E-01 a        41     0     3     1     1
  1.4161430655662168E-02 a        42     0     3     1     2
  4.4529046355077539E-02 a        43     0     3     1     3
 -6.5017852352611163E-02 a        44     0     3     1     4
  1.9884932564956687E-01 a        45     0     3     1     5
 -4.0533074480009632E-02 a        46     0     3     1     6
  1.5032676276252776E-02 a        47     0     3     1     7
  1.5932013056765956E-01 a        48     0     3     1     8
  7.5324019038599643E-02 a        49     0     3     1     9
  3.1957917190703199E-02 a        50     0     3     1    10
  1.4627773225465374E-01 a        51     0     3     1    11
 -7.0054327556783851E-03 a        52     0     3     1    12
 -4.3248245645840983E-02 a        53     0     3     1    13
 -6.8228098462038006E-02 a        54     0     3     1    14
 -1.9164712612325815E-02 a        55     0     3     1    15
  3.7229538318563966E-02 a        56     0     3     1    16
  2.1221336945472047E-01 a        57     0     3     1    17
 -8.2408026720088026E-02 a        58     0     3     1    18
 -1.1221789617057114E-01 a        59     0     3     1    19
 -7.6224133734190042E-02 a        60     0     3     1    20
  3.2133277665560574E-02 a        61     0     4     1     1
 -7.2143801114768133E-02 a        62     0     4     1     2
 -2.1148766337085023E-01 a        63     0     4     1     3
  7.7493828638124207E-01 a        64     0     4     1     4
 -4.1236807120833419E-01 a        65     0     4     1     5
 -1.6719459722345406E-01 a        66     0     4     1     6
 -7.3188611774246140E-02 a        67     0     4     1     7
  4.2517925128108931E-02 a        68     0     4     1     8
 -7.7844329814391655E-02 a        69     0     4     1     9
  1.1382880819795127E+00 a        70     0     4     1    10
 -2.5171941043489014E-03 a        71     0     4     1    11
 -1.1343288720029517E-01 a        72     0     4     1    12
  1.3600831935651960E-03 a        73     0     4     1    13
  4.3891633751048176E-01 a        74     0     4     1    14
  1.2403033968827436E-01 a        75     0     4     1    15
  2.3045627988877651E-01 a        76     0     4     1    16
 -8.2081129217893827E-03 a        77     0     4     1    17
 -4.2375554675953214E-01 a        78     0     4     1    18
 -5.0756578658230878E-01 a        79     0     4     1    19
 -5.5803370200939256E-02 a        80     0     4     1    20
  5.3228552288872744E-02 a        81     0     5     1     1
 -1.1433270902370803E-01 a        82     0     5     1     2
  2.6065546171206444E-01 a        83     0     5     1     3
 -1.1018388447985933E-01 a        84     0     5     1     4
  4.2359044287313095E-02 a        85     0     5     1     5
  2.2808184499033607E-01 a        86     0     5     1     6
  2.5332567217983987E-01 a        87     0     5     1     7
  4.0997691947024012E-01 a        88     0     5     1     8
 -1.4477642441631566E-01 a        89     0     5     1     9
 -2.9086869452967723E-01 a        90     0     5     1    10
  4.8060008274986160E-02 a        91     0     5     1    11
  6.9044691245155707E-02 a        92     0     5     1    12
 -9.4907230608552773E-02 a        93     0     5     1    13
 -1.6607864436451963E-01 a        94     0     5     1    14
  1.1987466133835253E-01 a        95     0     5     1    15
 -8.2715167759485383E-02 a        96     0     5     1    16
  1.4370219823659364E-01 a        97     0     5     1    17
  3.3357456326174789E-02 a        98     0     5     1    18
 -2.3947892014187949E-01 a        99     0     5     1    19
 -2.0712607213706276E-02 a       100     0     5     1    20
 -7.0631866103407336E-03 a       101     0     6     1     1
 -1.7928669450185483E-01 a       102     0     6     1     2
 -1.8616736887830451E-01 a       103     0     6     1     3
 -1.1258678156270821E-01 a       104     0     6     1     4
  1.2209617083273472E-01 a       105     0     6     1     5
 -8.7768957954195342E-02 a       106     0     6     1     6
 -1.3856919794511510E-01 a       107     0     6     1     7
 -1.1901901614620540E-01 a       108     0     6     1     8
  3.8440271887838981E-02 a       109     0     6     1     9
  1.2112626561981767E-01 a       110     0     6     1    10
  8.6898693084890427E-02 a       111     0     6     1    11
  2.2247730671648763E-01 a       112     0     6     1    12
  2.4502057234539762E-01 a       113     0     6     1    13
 -1.1142456903872523E-01 a       114     0     6     1    14
 -2.4969035218011568E-01 a       115     0     6     1    15
 -1.0382915368220219E-01 a       116     0     6     1    16
  1.4842005542487324E-01 a       117     0     6     1    17
 -3.1510760280834571E-01 a       118     0     6     1    18
  1.5791096600971555E-02 a       119     0     6     1    19
  1.6194030245708926E-01 a       120     0     6     1    20
  5.1041074897567185E-01 a       121     0     7     1     1
 -1.5810063441529076E-01 a       122     0     7     1     2
 -3.5248981123938779E-03 a       123     0     7     1     3
 -1.2874472087064293E+00 a       124     0     7     1     4
 -2.5117199381574434E-01 a       125     0     7     1     5
  3.6708265835334380E-01 a       126     0     7     1     6
  1.9283892761088206E-01 a       127     0     7     1     7
  1.8525597354870862E-01 a       128     0     7     1     8
 -8.0108190041818267E-02 a       129     0     7     1     9
 -1.6610138387219331E-01 a       130     0     7     1    10
  3.7743105987477443E-01 a       131     0     7     1    11
  6.7860637711134075E-01 a       132     0     7     1    12
 -1.7341846010284662E-01 a       133     0     7     1    13
 -8.1418866913972454E-01 a       134     0     7     1    14
  1.8536440531163875E-01 a       135     0     7     1    15
 -2.6483477269672767E-01 a       136     0     7     1    16
  3.7052069725878163E-02 a       137     0     7     1    17
 -5.4960639567125646E-01 a       138     0     7     1    18
  3.4757647235603978E-01 a       139     0     7     1    19
 -5.2318006588950627E-01 a       140     0     7     1    20
  8.7253433863336866E-02 a       141     0     8     1     1
 -1.2169884335505929E-01 a       142     0     8     1     2
  3.4116958591341048E-02 a       143     0     8     1     3
  2.2392698895479655E-02 a       144     0     8     1     4
 -7.1793055342679185E-02 a       145     0     8     1     5
  6.9963914435720240E-02 a       146     0     8     1     6
 -1.0125149661985813E-01 a       147     0     8     1     7
 -1.4088142975994172E-01 a       148     0     8     1     8
  3.1848592269508791E-01 a       149     0     8     1     9
  1.4219221701339413E-01 a       150     0     8     1    10
  2.4728844136163311E-01 a       151     0     8     1    11
 -2.0201733879198064E-01 a       152     0     8     1    12
  1.8280719842093476E-01 a       153     0     8     1    13
 -2.4357330905882952E-02 a       154     0     8     1    14
 -1.0587443078788877E-01 a       155     0     8     1    15
  4.7129526891942986E-01 a       156     0     8     1    16
  1.5009444939403616E-01 a       157     0     8     1    17
 -1.5495975531796094E-01 a       158     0     8     1    18
  1.7757870255300462E-01 a       159     0     8     1    19
 -1.2882093221136445E-01 a       160     0     8     1    20
  8.7119468489922303E-02 a       161     0     9     1     1
  2.1182401001093010E-01 a       162     0     9     1     2
 -1.8462698355792000E-02 a       163     0     9     1     3
 -1.4112632551710996E-01 a       164     0     9     1     4
 -4.9821036716686098E-02 a       165     0     9     1     5
 -5.6336153998078821E-02 a       166     0     9     1     6
  2.1613476740355111E-01 a       167     0     9     1     7
  2.2319238207869541E-01 a       168     0     9     1     8
  1.2136522351433672E-01 a       169     0     9     1     9
  2.2290357433181213E-01 a       170     0     9     1    10
 -2.3520372306258874E-01 a       171     0     9     1    11
 -1.1312805955832791E-01 a       172     0     9     1    12
  6.6169837481159469E-02 a       173     0     9     1    13
 -5.1029864161401033E-02 a       174     0     9     1    14
  1.6505189966274439E-01 a       175     0     9     1    15
 -1.8161093969523046E-01 a       176     0     9     1    16
 -1.0516753428584372E-01 a       177     0     9     1    17
  1.7504798930639101E-01 a       178     0     9     1    18
  3.7243686100823049E-02 a       179     0     9     1    19
  9.4328837293380235E-02 a       180     0     9     1    20
 -2.0554318059132501E-01 a       181     0    10     1     1
  4.9528887173366654E-01 a       182     0    10     1     2
  5.0792406599577858E-02 a       183     0    10     1     3
  1.0341734276998646E+00 a       184     0    10     1     4
  2.1012784474030946E-01 a       185     0    10     1     5
 -5.7428752862490662E-01 a       186     0    10     1     6
  1.3323613701011980E-01 a       187     0    10     1     7
 -2.3472679947367683E-01 a       188     0    10     1     8
 -8.1911494455787198E-03 a       189     0    10     1     9
  8.8108882557744661E-01 a       190     0    10     1    10
 -1.2841371244723973E-01 a       191     0    10     1    11
 -2.5891220333791848E-01 a       192     0    10     1    12
  2.0343870835617051E-01 a       193     0    10     1    13
  1.0605933105441960E-01 a       194     0    10     1    14
 -9.1678182872983571E-02 a       195     0    10     1    15
  2.1485244633309505E-01 a       196     0    10     1    16
 -1.6119970616874366E-01 a       197     0    10     1    17
  1.2361606107339657E-02 a       198     0    10     1    18
 -1.2435917451770780E-02 a       199     0    10     1    19
  2.6122282390407398E-01 a       200     0    10     1    20
 -9.9760105125755547E-02 a       201     0    11     1     1
 -2.8673321967993776E-01 a       202     0    11     1     2
 -2.2999218582214725E-01 a       203     0    11     1     3
  2.2288141837866296E-01 a       204     0    11     1     4
 -3.0266509281987042E-01 a       205     0    11     1     5
 -2.9567495756773493E-01 a       206     0    11     1     6
  2.7065517401329904E-02 a       207     0    11     1     7
  4.0795634848176145E-02 a       208     0    11     1     8
 -2.6050839999445730E-01 a       209     0    11     1     9
  2.0981164028643473E-01 a       210     0    11     1    10
 -8.2733322597212208E-02 a       211     0    11     1    11
 -2.6715873616892372E-01 a       212     0    11     1    12
  3.4844568345605853E-01 a       213     0    11     1    13
 -1.6859404607321136E-02 a       214     0    11     1    14
  8.7930180800389279E-02 a       215     0    11     1    15
 -1.9777214364984907E-01 a       216     0    11     1    16
 -1.7609471764610365E-01 a       217     0    11     1    17
 -1.4243408351006723E-01 a       218     0    11     1    18
 -3.4907264409832084E-01 a       219     0    11     1    19
  1.4944411147351241E-01 a       220     0    11     1    20
  1.0240028016770054E-01 a       221     0    12     1     1
  1.5861914368154575E-01 a       222     0    12     1     2
  2.1131347649923490E-01 a       223     0    12     1     3
  1.8904204266226417E-02 a       224     0    12     1     4
  2.0098089793586521E-01 a       225     0    12     1     5
 -1.5946359505077221E-01 a       226     0    12     1     6
  4.5154393265654631E-02 a       227     0    12     1     7
 -1.4775374913384293E-01 a       228     0    12     1     8
 -1.7853327233609673E-01 a       229     0    12     1     9
 -4.7754386572630016E-02 a       230     0    12     1    10
  2.5467513811448661E-01 a       231     0    12     1    11
 -2.9514290578301117E-01 a       232     0    12     1    12
 -1.2176092748847218E-01 a       233     0    12     1    13
 -2.7113144419347918E-01 a       234     0    12     1    14
  1.1872027844422536E-01 a       235     0    12     1    15
 -9.9524722951632491E-02 a       236     0    12     1    16
  9.8289796457171397E-02 a       237     0    12     1    17
 -1.5899549444713859E-01 a       238     0    12     1    18
  1.2209065100518651E-01 a       239     0    12     1    19
  6.4832255988811982E-02 a       240     0    12     1    20
 -9.4750195720159289E-03 a       241     0    13     1     1
  1.5411905977610410E-01 a       242     0    13     1     2
 -6.1616020616691983E-02 a       243     0    13     1     3
 -8.1866140207393090E-01 a       244     0    13     1     4
 -9.9435959449994352E-02 a       245     0    13     1     5
  6.7119009663230381E-02 a       246     0    13     1     6
  4.3758322816076681E-02 a       247     0    13     1     7
 -1.5188247112378753E-01 a       248     0    13     1     8
  1.0531012946331120E-01 a       249     0    13     1     9
 -2.8689508988348189E-01 a       250     0    13     1    10
  2.1494306121738876E-01 a       251     0    13     1    11
  2.6895225055333455E-01 a       252     0    13     1    12
 -2.0518426969202230E-01 a       253     0    13     1    13
 -1.8081702850197112E-01 a       254     0    13     1    14
  1.7720035912687296E-01 a       255     0    13     1    15
  2.0041807960957250E-01 a       256     0    13     1    16
 -6.6193499170043732E-02 a       257     0    13     1    17
 -5.0585667740240159E-01 a       258     0    13     1    18
 -6.9646432813529349E-02 a       259     0    13     1    19
 -3.6241178741338875E-01 a       260     0    13     1    20
  1.0402880200576141E-01 a       261     0    14     1     1
 -3.0815420537230959E-01 a       262     0    14     1     2
  1.8678441855415828E-01 a       263     0    14     1     3
  2.1815993539831505E-01 a       264     0    14     1     4
  2.9868308567610463E-01 a       265     0    14     1     5
  1.3948138069814459E-01 a       266     0    14     1     6
 -3.8006822009439195E-02 a       267     0    14     1     7
  2.0831860524513121E-01 a       268     0    14     1     8
  8.5743219529863211E-03 a       269     0    14     1     9
 -3.0138253945778709E-01 a       270     0    14     1    10
 -1.3291930840665879E-02 a       271     0    14     1    11
  1.5831522701466902E-01 a       272     0    14     1    12
  8.0853295604193548E-02 a       273     0    14     1    13
 -1.5315477944682365E-01 a       274     0    14     1    14
 -3.0944407735543628E-01 a       275     0    14     1    15
  1.6856429556934732E-01 a       276     0    14     1    16
  2.4226709709505096E-02 a       277     0    14     1    17
 -1.3807312399080943E-03 a       278     0    14     1    18
  3.9615847472146422E-02 a       279     0    14     1    19
  2.5815403327368874E-01 a       280     0    14     1    20
  1.1824948141758533E-01 a       281     0    15     1     1
 -1.1099191660760140E-01 a       282     0    15     1     2
 -1.3612053171964175E-01 a       283     0    15     1     3
  1.8950751667671385E-02 a       284     0    15     1     4
  1.8445552378712052E-01 a       285     0    15     1     5
  1.5706339184369138E-02 a       286     0    15     1     6
 -1.2963733545877484E-01 a       287     0    15     1     7
  3.8194520137463092E-02 a       288     0    15     1     8
  1.9341047047407958E-01 a       289     0    15     1     9
  1.5774415873923825E-01 a       290     0    15     1    10
 -2.1761514454215331E-02 a       291     0    15     1    11
  3.3316528250899147E-01 a       292     0    15     1    12
  1.2152942504381994E-01 a       293     0    15     1    13
 -2.8103076488193563E-02 a       294     0    15     1    14
 -6.9634927333616883E-02 a       295     0    15     1    15
 -1.5238008176450440E-01 a       296     0    15     1    16
  2.7773999869710918E-02 a       297     0    15     1    17
 -1.3366874969662562E-01 a       298     0    15     1    18
  6.1618774008485012E-02 a       299     0    15     1    19
  1.5377261988452226E-01 a       300     0    15     1    20
 -5.3831044099659373E-02 a       301     0    16     1     1
  3.3653043433964902E-01 a       302     0    16     1     2
 -3.1903488522942153E-01 a       303     0    16     1     3
  2.5347833776691991E-01 a       304     0    16     1     4
 -3.3815355458474729E-02 a       305     0    16     1     5
 -2.0754843634911260E-01 a       306     0    16     1     6
  1.4459965121439416E-01 a       307     0    16     1     7
  5.3232628018635424E-02 a       308     0    16     1     8
  4.4215909805741554E-01 a       309     0    16     1     9
  8.3085028483919110E-01 a       310     0    16     1    10
  9.0636493856159156E-02 a       311     0    16     1    11
 -7.6727358009417698E-02 a       312     0    16     1    12
  2.2864230901786392E-01 a       313     0    16     1    13
  3.1817790993712197E-01 a       314     0    16     1    14
  1.6622741239901942E-01 a       315     0    16     1    15
 -1.2219205119749599E-01 a       316     0    16     1    16
  8.4878192675371444E-02 a       317     0    16     1    17
  1.1103661802971421E-02 a       318     0    16     1    18
  1.3112176597128955E-01 a       319     0    16     1    19
  1.8007978633921501E-01 a       320     0    16     1    20
  3.9812622714313524E-02 a       321     0    17     1     1
 -3.3065947839679577E-01 a       322     0    17     1     2
  1.9597342072758442E-01 a       323     0    17     1     3
  3.0639637866690672E-01 a       324     0    17     1     4
 -3.3114044738856646E-03 a       325     0    17     1     5
  2.6969859790405631E-01 a       326     0    17     1     6
 -1.7121277708738733E-01 a       327     0    17     1     7
 -7.8263898289983660E-02 a       328     0    17     1     8
 -2.4791516456128040E-01 a       329     0    17     1     9
 -1.9568915238861134E-01 a       330     0    17     1    10
 -4.0952725138250420E-02 a       331     0    17     1    11
 -1.5224741389669644E-01 a       332     0    17     1    12
 -1.3848244899699544E-01 a       333     0    17     1    13
 -2.0511601558772205E-01 a       334     0    17     1    14
  1.8838771475249508E-01 a       335     0    17     1    15
 -2.1680902054375065E-01 a       336     0    17     1    16
  1.8305769886844234E-01 a       337     0    17     1    17
  4.4958205542216148E-02 a       338     0    17     1    18
  2.4955307882698858E-02 a       339     0    17     1    19
 -1.3818720761243327E-02 a       340     0    17     1    20
 -2.0163262419164857E-01 a       341     0    18     1     1
  8.0899688175696843E-02 a       342     0    18     1     2
 -1.8965360434599600E-02 a       343     0    18     1     3
 -1.3135053052046680E-01 a       344     0    18     1     4
 -2.0755266673460609E-01 a       345     0    18     1     5
 -4.0209169244255133E-02 a       346     0    18     1     6
  1.2567445381486930E-01 a       347     0    18     1     7
  1.3882936961641470E-02 a       348     0    18     1     8
  2.1594930206149457E-01 a       349     0    18     1     9
  1.3695509041182449E-01 a       350     0    18     1    10
  1.2365296271494572E-01 a       351     0    18     1    11
 -2.4043005525768674E-01 a       352     0    18     1    12
 -8.8918757319758318E-02 a       353     0    18     1    13
  5.1806293481006325E-03 a       354     0    18     1    14
  7.5352981479849285E-02 a       355     0    18     1    15
 -1.2092305481443424E-01 a       356     0    18     1    16
 -3.9999984469160969E-02 a       357     0    18     1    17
 -1.1191809433494902E-01 a       358     0    18     1    18
  1.1745705394810398E-01 a       359     0    18     1    19
  4.7150047655591200E-02 a       360     0    18     1    20
  1.9604214468683592E-01 a       361     0    19     1     1
  2.0799724624083990E-01 a       362     0    19     1     2
 -3.6147562155336405E-02 a       363     0    19     1     3
 -3.9498889555998934E-01 a       364     0    19     1     4
 -1.4636229143700325E-02 a       365     0    19     1     5
  5.0785188668764233E-02 a       366     0    19     1     6
  6.0734635365476616E-03 a       367     0    19     1     7
 -6.1990033576082848E-02 a       368     0    19     1     8
  6.7189445367001888E-02 a       369     0    19     1     9
 -2.9106344494050196E-01 a       370     0    19     1    10
  1.6224700668377523E-03 a       371     0    19     1    11
  1.5454775067562695E-01 a       372     0    19     1    12
  6.5580892243470662E-02 a       373     0    19     1    13
 -1.2656745289614280E-01 a       374     0    19     1    14
 -1.9105279426604097E-01 a       375     0    19     1    15
  1.2340536909719164E-01 a       376     0    19     1    16
  1.5576209613620987E-01 a       377     0    19     1    17
 -1.1398763864549151E-01 a       378     0    19     1    18
 -6.6529937091200850E-02 a       379     0    19     1    19
  4.1684247083218447E-02 a       380     0    19     1    20
 -2.3722258084884348E-01 a       381     0    20     1     1
 -2.5034565928097452E-01 a       382     0    20     1     2
  1.4732932012642649E-01 a       383     0    20     1     3
  1.5551358277446217E-01 a       384     0    20     1     4
  2.8633525818170030E-01 a       385     0    20     1     5
  3.7796641031800693E-02 a       386     0    20     1     6
  5.9589735041205544E-02 a       387     0    20     1     7
  2.7715926691093611E-02 a       388     0    20     1     8
 -2.5876123799425976E-01 a       389     0    20     1     9
 -1.4883126399795968E-01 a       390     0    20     1    10
 -1.6702071749411854E-01 a       391     0    20     1    11
  6.4403195736960059E-02 a       392     0    20     1    12
 -9.5477233538210290E-03 a       393     0    20     1    13
 -4.3534547314874390E-02 a       394     0    20     1    14
 -1.8940539874530662E-01 a       395     0    20     1    15
  8.8394229194575194E-02 a       396     0    20     1    16
 -1.2793519291414054E-01 a       397     0    20     1    17
  1.0238369155608058E-01 a       398     0    20     1    18
 -1.2569388775922757E-01 a       399     0    20     1    19
 -1.0067025954070179E-01 a       400     0    20     1    20
  2.8689480687521823E-01 a       401     0    21     1     1
  7.6517487115388780E-03 a       402     0    21     1     2
 -2.9877245585421361E-02 a       403     0    21     1     3
  2.5185095939356462E-02 a       404     0    21     1     4
  1.1299515062771991E-01 a       405     0    21     1     5
 -1.1874680398030785E-01 a       406     0    21     1     6
 -6.4615428621937254E-02 a       407     0    21     1     7
 -6.0819098183802017E-02 a       408     0    21     1     8
 -2.6899464572558068E-02 a       409     0    21     1     9
 -2.8651222316117907E-02 a       410     0    21     1    10
 -5.3715500987318594E-02 a       411     0    21     1    11
  2.2837479402689495E-01 a       412     0    21     1    12
  9.7286009970095982E-02 a       413     0    21     1    13
 -6.6330603872094916E-03 a       414     0    21     1    14
 -6.8817094018639322E-02 a       415     0    21     1    15
  2.3694866521598384E-01 a       416     0    21     1    16
  8.2051880082081880E-03 a       417     0    21     1    17
  3.7104599635071817E-02 a       418     0    21     1    18
  1.7922811179968814E-02 a       419     0    21     1    19
  3.1088691643671080E-02 a       420     0    21     1    20
  7.3751687410381905E-02 a       421     0    22     1     1
  2.3359418062546647E-01 a       422     0    22     1     2
 -7.3689132921698791E-02 a       423     0    22     1     3
 -2.2047935938524752E-02 a       424     0    22     1     4
 -2.4528221560461400E-01 a       425     0    22     1     5
 -1.4535829939495701E-01 a       426     0    22     1     6
  2.0587198980928648E-02 a       427     0    22     1     7
  8.1518750355347960E-02 a       428     0    22     1     8
  3.1338310870321628E-01 a       429     0    22     1     9
  4.4421195388779250E-01 a       430     0    22     1    10
  2.9487747432264966E-01 a       431     0    22     1    11
 -7.5592598741664407E-02 a       432     0    22     1    12
  3.5318103396023606E-02 a       433     0    22     1    13
  2.3976092271278809E-01 a       434     0    22     1    14
  3.0090425528230585E-01 a       435     0    22     1    15
  8.0459732720783272E-02 a       436     0    22     1    16
  6.0085535056530227E-02 a       437     0    22     1    17
 -1.1845445774215094E-01 a       438     0    22     1    18
  8.0055340737988936E-02 a       439     0    22     1    19
 -1.1325415405912960E-01 a       440     0    22     1    20
  1.3477290360238992E-01 a       441     0    23     1     1
 -2.8244421917030549E-01 a       442     0    23     1     2
  2.0346078501185430E-02 a       443     0    23     1     3
  1.3903009375777470E-01 a       444     0    23     1     4
  1.6907316980448334E-01 a       445     0    23     1     5
  2.2993103778181168E-01 a       446     0    23     1     6
 -1.3707353041554052E-01 a       447     0    23     1     7
 -1.4782115507132305E-02 a       448     0    23     1     8
 -1.3089823433762282E-01 a       449     0    23     1     9
 -1.6867956313182289E-01 a       450     0    23     1    10
 -1.4455136974003757E-01 a       451     0    23     1    11
 -8.8616714128964033E-02 a       452     0    23     1    12
 -1.9632487691906811E-01 a       453     0    23     1    13
 -1.9488238748702058E-01 a       454     0    23     1    14
 -6.9711746545048262E-02 a       455     0    23     1    15
 -1.3997076341737147E-01 a       456     0    23     1    16
 -1.2440055954298204E-01 a       457     0    23     1    17
  3.5710322027531667E-02 a       458     0    23     1    18
  1.9002231007062634E-01 a       459     0    23     1    19
  1.2601890094270937E-01 a       460     0    23     1    20
 -8.3980024380314919E-02 a       461     0    24     1     1
  9.4584800411991216E-02 a       462     0    24     1     2
 -1.7432626838955989E-01 a       463     0    24     1     3
 -1.4845448965232205E-01 a       464     0    24     1     4
 -2.1221705105970398E-01 a       465     0    24     1     5
  1.7988338160540315E-01 a       466     0    24     1     6
  6.0861504470636166E-02 a       467     0    24     1     7
  1.4287044348084132E-01 a       468     0    24     1     8
  3.3912964688803254E-02 a       469     0    24     1     9
  1.6885355665540805E-01 a       470     0    24     1    10
  3.0547056287695461E-02 a       471     0    24     1    11
 -1.5532811033444047E-01 a       472     0    24     1    12
  8.2964836633142164E-02 a       473     0    24     1    13
  3.1192760524697639E-02 a       474     0    24     1    14
  9.2662285842024433E-02 a       475     0    24     1    15
 -3.0881121620156937E-01 a       476     0    24     1    16
  2.9419774036045735E-02 a       477     0    24     1    17
 -1.2275372664512127E-01 a       478     0    24     1    18
 -1.5642984132195289E-01 a       479     0    24     1    19
 -2.2317843213671213E-02 a       480     0    24     1    20
  1.0892996963833718E-01 a       481     0    25     1     1
  1.2798789775956451E-01 a       482     0    25     1     2
 -7.7317133149665845E-02 a       483     0    25     1     3
 -7.9423162802427713E-02 a       484     0    25     1     4
  9.2321438289610827E-02 a       485     0    25     1     5
  3.1640456743909293E-02 a       486     0    25     1     6
  7.1653513129035012E-03 a       487     0    25     1     7
 -4.0543831905904042E-02 a       488     0    25     1     8
 -1.7494510482175166E-01 a       489     0    25     1     9
 -1.5762445789720886E-01 a       490     0    25     1    10
 -1.9998340658863462E-01 a       491     0    25     1    11
  1.2442277344423347E-01 a       492     0    25     1    12
  9.2296698169949398E-02 a       493     0    25     1    13
 -2.4248794680405399E-02 a       494     0    25     1    14
 -7.9455989804613058E-03 a       495     0    25     1    15
 -6.1742531679256238E-02 a       496     0    25     1    16
  1.9957384033657793E-01 a       497     0    25     1    17
  6.8390383663723894E-02 a       498     0    25     1    18
 -1.5790320099024044E-01 a       499     0    25     1    19
 -8.8167067818265103E-03 a       500     0    25     1    20
 -1.6499253205788111E-01 a       501     0    26     1     1
  9.3064946890442327E-02 a       502     0    26     1     2
  5.1602214771602858E-02 a       503     0    26     1     3
  1.0395498122115945E-02 a       504     0    26     1     4
 -2.6686009308458835E-02 a       505     0    26     1     5
  1.1454612082966109E-01 a       506     0    26     1     6
  1.1236844868250277E-01 a       507     0    26     1     7
 -1.0821885972362459E-01 a       508     0    26     1     8
  7.0608357704927086E-02 a       509     0    26     1     9
  6.9294590557609489E-02 a       510     0    26     1    10
 -4.6342144472312087E-02 a       511     0    26     1    11
 -3.2055975317850656E-02 a       512     0    26     1    12
  3.8816241477222291E-02 a       513     0    26     1    13
  1.6111271131753155E-01 a       514     0    26     1    14
  3.1316329175839971E-02 a       515     0    26     1    15
  1.8610955637746285E-01 a       516     0    26     1    16
 -4.3331250513579674E-02 a       517     0    26     1    17
 -3.5981787554426957E-02 a       518     0    26     1    18
 -1.9075224352650449E-01 a       519     0    26     1    19
 -1.8792047170670662E-01 a       520     0    26     1    20
  6.1996690507692485E-02 a       521     0    27     1     1
 -8.5470032340860716E-02 a       522     0    27     1     2
  9.2935783649758491E-02 a       523     0    27     1     3
  9.8279006460555984E-02 a       524     0    27     1     4
  1.5554057104241353E-01 a       525     0    27     1     5
 -1.6956304674921591E-01 a       526     0    27     1     6
  2.3160073241129688E-03 a       527     0    27     1     7
 -1.2659459622705263E-01 a       528     0    27     1     8
  1.5105678777700593E-01 a       529     0    27     1     9
 -7.3962060956775683E-02 a       530     0    27     1    10
 -2.1607756365466190E-03 a       531     0    27     1    11
  2.0046125810358850E-01 a       532     0    27     1    12
 -9.1299486790072673E-02 a       533     0    27     1    13
 -7.4853738972961326E-02 a       534     0    27     1    14
  5.2571431331036436E-02 a       535     0    27     1    15
  2.2821962184501166E-01 a       536     0    27     1    16
  9.0494671375875427E-02 a       537     0    27     1    17
  9.5919293133726768E-02 a       538     0    27     1    18
  1.4259722134463226E-01 a       539     0    27     1    19
 -9.1285433962210324E-02 a       540     0    27     1    20
 -3.8008290162530184E-02 a       541     0    28     1     1
  4.4606929841103558E-02 a       542     0    28     1     2
  1.6820937699696829E-02 a       543     0    28     1     3
 -8.0464679103359974E-03 a       544     0    28     1     4
 -1.5913053507537722E-01 a       545     0    28     1     5
 -1.5134810207941871E-01 a       546     0    28     1     6
  2.2481282412059617E-02 a       547     0    28     1     7
  2.8694372126951764E-02 a       548     0    28     1     8
  1.4917853945742149E-01 a       549     0    28     1     9
  9.4374154179047098E-02 a       550     0    28     1    10
  1.4571219657807993E-01 a       551     0    28     1    11
 -3.7967849065387090E-02 a       552     0    28     1    12
 -7.3701279117430575E-03 a       553     0    28     1    13
 -7.2196587478472194E-03 a       554     0    28     1    14
  7.9474741576777364E-02 a       555     0    28     1    15
  6.5492431911267496E-02 a       556     0    28     1    16
 -2.9482693354842104E-02 a       557     0    28     1    17
 -4.8757341804404074E-02 a       558     0    28     1    18
 -1.0611056794463267E-02 a       559     0    28     1    19
 -5.7271266416698524E-02 a       560     0    28     1    20
  1.9471272602189151E-02 a       561     0    29     1     1
 -2.7271746379415912E-01 a       562     0    29     1     2
 -3.1952643569457144E-02 a       563     0    29     1     3
  1.3997215551145751E-02 a       564     0    29     1     4
  4.4334275427791642E-02 a       565     0    29     1     5
  2.0433995316613043E-01 a       566     0    29     1     6
 -8.8377848162476402E-02 a       567     0    29     1     7
  1.2350925150789707E-01 a       568     0    29     1     8
 -1.3201062708276179E-01 a       569     0    29     1     9
 -7.7157737079918326E-02 a       570     0    29     1    10
 -4.1508633132919859E-02 a       571     0    29     1    11
 -7.2622628485859278E-02 a       572     0    29     1    12
 -1.1164977271224220E-01 a       573     0    29     1    13
 -5.3598486021715928E-02 a       574     0    29     1    14
 -1.8931174778135296E-01 a       575     0    29     1    15
 -1.4218107249194234E-01 a       576     0    29     1    16
 -6.8585026553292003E-02 a       577     0    29     1    17
  1.2815608390168022E-02 a       578     0    29     1    18
  7.3310390133045675E-02 a       579     0    29     1    19
  2.2257042071426389E-01 a       580     0    29     1    20
  4.0749748726421772E-02 a       581     0    30     1     1
 -9.0880617403475555E-03 a       582     0    30     1     2
 -5.4849825022317111E-02 a       583     0    30     1     3
 -9.0633893712673011E-02 a       584     0    30     1     4
 -6.3741212139131448E-02 a       585     0    30     1     5
  7.0044073977309704E-02 a       586     0    30     1     6
  7.8725186972428869E-03 a       587     0    30     1     7
  8.6544421986040759E-02 a       588     0    30     1     8
 -5.6269965987134032E-02 a       589     0    30     1     9
  5.1964620045924767E-02 a       590     0    30     1    10
  1.4653983930884140E-02 a       591     0    30     1    11
 -3.5896146891779231E-02 a       592     0    30     1    12
  5.9686640356666661E-02 a       593     0    30     1    13
  6.3723412264059975E-02 a       594     0    30     1    14
 -5.0415229196818019E-02 a       595     0    30     1    15
 -1.0101050806604361E-01 a       596     0    30     1    16
  2.5812649436463827E-02 a       597     0    30     1    17
 -1.1790592924579693E-02 a       598     0    30     1    18
 -1.4089551748683858E-02 a       599     0    30     1    19
  8.8229232266515370E-02 a       600     0    30     1    20
  8.0536732401647590E-02 a       601     0    31     1     1
  3.4746848458798185E-01 a       602     0    31     1     2
  1.4519503097221395E-02 a       603     0    31     1     3
  6.4810143206872006E-01 a       604     0    31     1     4
 -9.6605216375129685E-02 a       605     0    31     1     5
  2.2201986546186306E-01 a       606     0    31     1     6
  1.9648826953339099E-01 a       607     0    31     1     7
  1.5731792752758877E-01 a       608     0    31     1     8
  6.8140675033633102E-01 a       609     0    31     1     9
 -6.0565552775157327E-01 a       610     0    31     1    10
  8.7661277235204038E-01 a       611     0    31     1    11
  2.9708785038536131E-02 a       612     0    31     1    12
  3.0006466341152771E-01 a       613     0    31     1    13
  1.8359148583903562E-01 a       614     0    31     1    14
  6.2601658835423846E-02 a       615     0    31     1    15
  1.1699975183493633E-01 a       616     0    31     1    16
 -1.4656709829624115E-01 a       617     0    31     1    17
  1.5219661678117100E-01 a       618     0    31     1    18
 -2.0525140032959641E-01 a       619     0    31     1    19
  3.2857482940413385E-01 a       620     0    31     1    20
 -4.1046172140712732E-02 a       621     0    32     1     1
 -5.4959101947549116E-01 a       622     0    32     1     2
  2.7665774496474843E-01 a       623     0    32     1     3
 -4.1631778020742766E-01 a       624     0    32     1     4
  1.1908939362172155E-01 a       625     0    32     1     5
 -1.7493211201639081E-01 a       626     0    32     1     6
 -1.5982088469529632E-01 a       627     0    32     1     7
 -1.2429224772724232E-01 a       628     0    32     1     8
 -5.1270401846510061E-01 a       629     0    32     1     9
  6.2811367049009942E-02 a       630     0    32     1    10
 -5.4837951398832108E-01 a       631     0    32     1    11
 -4.0345046592074324E-01 a       632     0    32     1    12
 -1.8679693306809633E-01 a       633     0    32     1    13
 -2.9161350020092813E-01 a       634     0    32     1    14
  5.8992465624996063E-02 a       635     0    32     1    15
  3.5368360968465198E-02 a       636     0    32     1    16
 -1.1592962002951006E-01 a       637     0    32     1    17
 -1.1834818019795157E-01 a       638     0    32     1    18
  3.3662628822803919E-01 a       639     0    32     1    19
 -4.9121556780597603E-01 a       640     0    32     1    20
  1.1767077322793618E-01 a       641     0    33     1     1
  2.2178029421416645E-01 a       642     0    33     1     2
  1.8733215964483224E-01 a       643     0    33     1     3
  1.6190974526588506E-01 a       644     0    33     1     4
 -4.2952655104840348E-01 a       645     0    33     1     5
  8.5933851277293888E-02 a       646     0    33     1     6
  1.2063903528410962E-01 a       647     0    33     1     7
  2.7851270179263997E-02 a       648     0    33     1     8
 -2.5838417666964954E-02 a       649     0    33     1     9
  1.0415453424068685E-01 a       650     0    33     1    10
  3.7147858433585712E-01 a       651     0    33     1    11
  2.5376278367168492E-01 a       652     0    33     1    12
  3.0850276344659899E-01 a       653     0    33     1    13
  1.0487860623137234E-01 a       654     0    33     1    14
 -1.6454547115716781E-01 a       655     0    33     1    15
  5.3871319297176101E-01 a       656     0    33     1    16
 -2.7211950614484820E-01 a       657     0    33     1    17
 -1.5901073425507367E-01 a       658     0    33     1    18
 -1.7954949674127982E-01 a       659     0    33     1    19
 -9.5960389929897902E-02 a       660     0    33     1    20
 -1.1826749563074374E-01 a       661     0    34     1     1
  2.5879593169716131E-01 a       662     0    34     1     2
  8.2190462328534303E-02 a       663     0    34     1     3
  1.5612167680421887E-01 a       664     0    34     1     4
  1.0198768734823954E-01 a       665     0    34     1     5
  3.2431965599457718E-01 a       666     0    34     1     6
 -1.4576256794534478E-01 a       667     0    34     1     7
 -2.0582697604919839E-01 a       668     0    34     1     8
  2.4401929027534613E-01 a       669     0    34     1     9
 -1.6714988465108796E-01 a       670     0    34     1    10
 -6.7421688718080505E-02 a       671     0    34     1    11
  2.8528231291471318E-01 a       672     0    34     1    12
 -3.3097345661232092E-01 a       673     0    34     1    13
  1.9751110538897226E-01 a       674     0    34     1    14
  8.0011963811994477E-02 a       675     0    34     1    15
 -6.5757953350990342E-02 a       676     0    34     1    16
 -4.4776938554482809E-02 a       677     0    34     1    17
  5.4889378445291528E-02 a       678     0    34     1    18
  8.9605609801073544E-02 a       679     0    34     1    19
  2.3849319476085021E-01 a       680     0    34     1    20
  1.6060014128959321E-01 a       681     0    35     1     1
 -6.3312520551358775E-02 a       682     0    35     1     2
 -1.3169825714553676E-01 a       683     0    35     1     3
 -7.1146254311938009E-02 a       684     0    35     1     4
  3.2492873515205628E-01 a       685     0    35     1     5
 -5.7839152984797013E-02 a       686     0    35     1     6
 -2.2896386093531571E-01 a       687     0    35     1     7
 -7.4579914172732770E-02 a       688     0    35     1     8
  4.3534840271495734E-02 a       689     0    35     1     9
  2.6902145070239997E-02 a       690     0    35     1    10
 -3.8544635264320076E-01 a       691     0    35     1    11
 -1.8779645158652453E-01 a       692     0    35     1    12
 -5.2798207413977040E-02 a       693     0    35     1    13
 -2.2899262048132391E-01 a       694     0    35     1    14
 -3.5867056503295297E-01 a       695     0    35     1    15
  1.6124194732192329E-01 a       696     0    35     1    16
 -1.4866894093910346E-01 a       697     0    35     1    17
  4.7877391592774536E-02 a       698     0    35     1    18
  2.2509283146636888E-01 a       699     0    35     1    19
  1.1870813117416683E-01 a       700     0    35     1    20
 -1.5959984404285624E-01 a       701     0    36     1     1
  7.2555216427627883E-02 a       702     0    36     1     2
 -1.3812019291200814E-01 a       703     0    36     1     3
  7.3386978067888228E-02 a       704     0    36     1     4
 -1.1557383933114911E-02 a       705     0    36     1     5
 -3.2431270590187156E-01 a       706     0    36     1     6
 -7.3377213748248335E-02 a       707     0    36     1     7
  2.0153817208848718E-01 a       708     0    36     1     8
 -1.1325560265324375E-01 a       709     0    36     1     9
  2.5276384427506418E-02 a       710     0    36     1    10
  1.6013760036870547E-01 a       711     0    36     1    11
  1.3261090877518214E-01 a       712     0    36     1    12
 -1.2252674635274374E-01 a       713     0    36     1    13
 -1.6009073191488071E-02 a       714     0    36     1    14
  1.3115833279572085E-02 a       715     0    36     1    15
  2.5657378156761884E-01 a       716     0    36     1    16
 -2.0833528929054820E-01 a       717     0    36     1    17
 -2.8749275534278468E-01 a       718     0    36     1    18
 -5.8503798274765879E-02 a       719     0    36     1    19
 -3.4501996328418572E-01 a       720     0    36     1    20
  2.0231545323374581E-01 a       721     0    37     1     1
  8.8201075778680360E-02 a       722     0    37     1     2
  1.3314884744710771E-02 a       723     0    37     1     3
  2.3070362749401746E-01 a       724     0    37     1     4
 -2.8838266446870353E-01 a       725     0    37     1     5
  3.7206666472462679E-02 a       726     0    37     1     6
  9.3164557370516279E-02 a       727     0    37     1     7
 -2.4390807840816028E-03 a       728     0    37     1     8
 -1.7866209976659667E-01 a       729     0    37     1     9
  4.1651843239960357E-01 a       730     0    37     1    10
 -7.2160207585978009E-01 a       731     0    37     1    11
  1.6922843930060816E-01 a       732     0    37     1    12
  1.2761553199344816E-01 a       733     0    37     1    13
  8.4131116830835490E-03 a       734     0    37     1    14
  1.0567666034845713E-01 a       735     0    37     1    15
  1.7561297375915721E-01 a       736     0    37     1    16
  4.4637972479489080E-01 a       737     0    37     1    17
  2.8047062422491187E-01 a       738     0    37     1    18
 -4.6256148866541433E-02 a       739     0    37     1    19
 -4.0304589169406507E-01 a       740     0    37     1    20
 -9.6915885510239982E-02 a       741     0    38     1     1
  1.8320684106828841E-01 a       742     0    38     1     2
  9.2294756335954339E-02 a       743     0    38     1     3
 -1.3478210976997218E-01 a       744     0    38     1     4
 -2.2543601334228996E-01 a       745     0    38     1     5
 -9.1292356422126339E-02 a       746     0    38     1     6
  1.7396124179616029E-01 a       747     0    38     1     7
 -5.1426263962162135E-02 a       748     0    38     1     8
  6.4741019734637598E-02 a       749     0    38     1     9
 -4.3763484950674847E-01 a       750     0    38     1    10
  3.2402360651841117E-01 a       751     0    38     1    11
  4.9129560801109223E-01 a       752     0    38     1    12
 -8.6069900104345703E-02 a       753     0    38     1    13
 -2.2099325015064541E-01 a       754     0    38     1    14
 -1.1638773612802301E-01 a       755     0    38     1    15
 -1.2754415731778190E-01 a       756     0    38     1    16
 -4.4851837681574430E-01 a       757     0    38     1    17
  5.2992291725671947E-01 a       758     0    38     1    18
 -4.6097185325166276E-03 a       759     0    38     1    19
  3.1465994773759443E-01 a       760     0    38     1    20
 -2.4259141791522640E-01 a       761     0    39     1     1
  3.4195892967111854E-02 a       762     0    39     1     2
 -3.3337359859663318E-01 a       763     0    39     1     3
  9.8878800750778609E-02 a       764     0    39     1     4
 -8.0246011719417851E-02 a       765     0    39     1     5
  1.9803308147961610E-02 a       766     0    39     1     6
  3.8817842202014362E-02 a       767     0    39     1     7
  1.1021186038215688E-01 a       768     0    39     1     8
  9.3338988553244934E-02 a       769     0    39     1     9
 -3.2912786307303675E-02 a       770     0    39     1    10
 -1.1537384507044077E-01 a       771     0    39     1    11
 -5.2324731430282927E-02 a       772     0    39     1    12
 -2.9719412026737463E-01 a       773     0    39     1    13
  5.3416825598949690E-02 a       774     0    39     1    14
  3.4607808851790184E-02 a       775     0    39     1    15
 -2.7011574485883916E-01 a       776     0    39     1    16
 -1.0399694344851267E-01 a       777     0    39     1    17
  6.7086923080707073E-02 a       778     0    39     1    18
  7.8829856279220123E-02 a       779     0    39     1    19
  6.2661479888672378E-02 a       780     0    39     1    20
 -5.7190929631014187E-02 a       781     0    40     1     1
 -1.6055333349997039E-01 a       782     0    40     1     2
 -2.3787178254079061E-01 a       783     0    40     1     3
  1.4625328018318742E-01 a       784     0    40     1     4
 -3.6987010413493532E-02 a       785     0    40     1     5
  2.5392408041602331E-02 a       786     0    40     1     6
  6.5365704194872837E-03 a       787     0    40     1     7
  1.3930357808720439E-01 a       788     0    40     1     8
 -1.7993395590713335E-02 a       789     0    40     1     9
  1.9099745013286437E-01 a       790     0    40     1    10
 -7.0280263944963950E-02 a       791     0    40     1    11
 -4.9653600995960318E-01 a       792     0    40     1    12
  2.5510628291029844E-03 a       793     0    40     1    13
  1.8457866726179287E-01 a       794     0    40     1    14
 -1.1983449326762777E-02 a       795     0    40     1    15
  1.1267908102302049E-01 a       796     0    40     1    16
  8.2846335061019880E-03 a       797     0    40     1    17
 -1.7767462390643432E-01 a       798     0    40     1    18
  5.3177311523745954E-02 a       799     0    40     1    19
  1.5964507276096260E-01 a       800     0    40     1    20
 -1.5235023312462462E-01 a       801     0    41     1     1
  2.0777271760366264E-01 a       802     0    41     1     2
  2.3448709369138743E-01 a       803     0    41     1     3
  4.3422714386428404E-02 a       804     0    41     1     4
  2.4179377721837431E-01 a       805     0    41     1     5
  9.2698719136404525E-02 a       806     0    41     1     6
  3.0758259218985601E-01 a       807     0    41     1     7
 -1.6094280487005694E-01 a       808     0    41     1     8
  2.6493279532874281E-01 a       809     0    41     1     9
 -3.1094687434970819E-02 a       810     0    41     1    10
  1.0213175631366238E-01 a       811     0    41     1    11
  3.8427851676037361E-01 a       812     0    41     1    12
  2.4951876812657736E-01 a       813     0    41     1    13
  1.4444110245511357E-02 a       814     0    41     1    14
  1.3432119018553332E-01 a       815     0    41     1    15
 -1.5130493571496079E-01 a       816     0    41     1    16
  2.4969567273680288E-01 a       817     0    41     1    17
  8.9805533839375493E-02 a       818     0    41     1    18
  1.3924029639952143E-01 a       819     0    41     1    19
 -2.1018393958934461E-01 a       820     0    41     1    20
 -2.0950944506820807E-01 a       821     0    42     1     1
  5.4031830997680885E-02 a       822     0    42     1     2
  5.3932401495052469E-02 a       823     0    42     1     3
 -1.6468506715593251E-01 a       824     0    42     1     4
  3.7586847618790595E-02 a       825     0    42     1     5
  3.7752576710950454E-02 a       826     0    42     1     6
  8.6540336247254032E-02 a       827     0    42     1     7
 -2.5060713596403394E-01 a       828     0    42     1     8
 -1.2388858380285132E-01 a       829     0    42     1     9
  8.1755480665360990E-03 a       830     0    42     1    10
 -1.5253716872301229E-01 a       831     0    42     1    11
  3.7948403437872272E-02 a       832     0    42     1    12
  2.0577827288918504E-01 a       833     0    42     1    13
 -8.9955233295126599E-02 a       834     0    42     1    14
  3.9068944366761038E-01 a       835     0    42     1    15
  2.4242874214855936E-02 a       836     0    42     1    16
  1.9568596816319309E-01 a       837     0    42     1    17
  3.6802239079999338E-01 a       838     0    42     1    18
 -2.5007288486727886E-01 a       839     0    42     1    19
 -1.0336557202547460E-01 a       840     0    42     1    20
  2.6398517783865033E-01 a       841     0    43     1     1
  1.9352566250830505E-01 a       842     0    43     1     2
 -1.7666757412309106E-01 a       843     0    43     1     3
 -8.6002156758076917E-02 a       844     0    43     1     4
  4.8979962877465133E-01 a       845     0    43     1     5
 -9.3112494019991068E-02 a       846     0    43     1     6
  1.1064165288702370E-01 a       847     0    43     1     7
 -3.4979824506889551E-01 a       848     0    43     1     8
 -1.9145389013568390E-01 a       849     0    43     1     9
  4.2244508206849336E-02 a       850     0    43     1    10
 -2.9865418344126603E-02 a       851     0    43     1    11
  1.4649425769310995E-01 a       852     0    43     1    12
  5.3643278947757478E-01 a       853     0    43     1    13
 -4.1675124111523944E-02 a       854     0    43     1    14
 -3.4055305847590966E-01 a       855     0    43     1    15
  2.4688494429170463E-01 a       856     0    43     1    16
  2.3102301105970655E-02 a       857     0    43     1    17
 -1.3930113094325711E-01 a       858     0    43     1    18
  3.6564424810873669E-01 a       859     0    43     1    19
 -8.8998925071993390E-02 a       860     0    43     1    20
  8.8343964878415254E-02 a       861     0    44     1     1
 -3.3246624726159281E-02 a       862     0    44     1     2
  1.3600019551313194E-01 a       863     0    44     1     3
  1.1463998465927567E-02 a       864     0    44     1     4
  4.2309801083511310E-02 a       865     0    44     1     5
 -1.6416934648639742E-01 a       866     0    44     1     6
 -7.1686641629879075E-02 a       867     0    44     1     7
  2.0376777886685907E-01 a       868     0    44     1     8
  1.6484953997455062E-01 a       869     0    44     1     9
 -8.8429424697554104E-02 a       870     0    44     1    10
 -1.9403556822430407E-01 a       871     0    44     1    11
  4.1544169626734698E-02 a       872     0    44     1    12
 -3.2884902209538003E-01 a       873     0    44     1    13
 -8.6594418653597863E-02 a       874     0    44     1    14
  2.1343061980703884E-01 a       875     0    44     1    15
  8.5104553443226580E-02 a       876     0    44     1    16
 -1.5996821295815353E-01 a       877     0    44     1    17
  5.5335187571568090E-01 a       878     0    44     1    18
 -2.2131447415846722E-01 a       879     0    44     1    19
  1.6206800387398204E-01 a       880     0    44     1    20
 -4.7448426382799602E-01 a       881     0    45     1     1
  9.6016432588773265E-02 a       882     0    45     1     2
 -1.7912189596799349E-01 a       883     0    45     1     3
  9.7645848795221063E-02 a       884     0    45     1     4
 -2.1654709024683830E-01 a       885     0    45     1     5
  1.5730793564609219E-01 a       886     0    45     1     6
  8.0150989470610057E-02 a       887     0    45     1     7
 -1.0147693132837328E-01 a       888     0    45     1     8
  1.8979376159579792E-01 a       889     0    45     1     9
 -6.8299106164404651E-04 a       890     0    45     1    10
 -1.2616598225629092E-01 a       891     0    45     1    11
 -1.9764184274473542E-01 a       892     0    45     1    12
 -1.5656747397070417E-01 a       893     0    45     1    13
  1.0532857518703715E-02 a       894     0    45     1    14
  1.6608809531713289E-01 a       895     0    45     1    15
 -2.4848248027076619E-01 a       896     0    45     1    16
 -2.9905167498293511E-01 a       897     0    45     1    17
 -3.3203905077617044E-02 a       898     0    45     1    18
  2.2780680299647801E-02 a       899     0    45     1    19
 -8.8438775252579940E-02 a       900     0    45     1    20
  5.3032390024809500E-02 a       901     0    46     1     1
 -1.1380182940600110E-01 a       902     0    46     1     2
 -8.1851966978683618E-02 a       903     0    46     1     3
  1.2510989072732928E-01 a       904     0    46     1     4
  2.1498624386323281E-01 a       905     0    46     1     5
 -2.4860137264187826E-01 a       906     0    46     1     6
  5.3491376802519211E-02 a       907     0    46     1     7
 -1.6201790454066975E-01 a       908     0    46     1     8
  1.3431797343561475E-01 a       909     0    46     1     9
  3.6070746648097597E-02 a       910     0    46     1    10
 -1.7655599376374598E-01 a       911     0    46     1    11
 -1.2134049993617002E-01 a       912     0    46     1    12
  9.7331513354121227E-02 a       913     0    46     1    13
 -1.4628188453502361E-01 a       914     0    46     1    14
 -1.3885122481227681E-02 a       915     0    46     1    15
 -1.4219563073420127E-01 a       916     0    46     1    16
 -1.0129292810038792E-01 a       917     0    46     1    17
  1.0783867739296134E-01 a       918     0    46     1    18
  6.6967410263949367E-02 a       919     0    46     1    19
 -1.1576516912438152E-01 a       920     0    46     1    20
  1.2977144607730484E-01 a       921     0    47     1     1
 -9.5114229046080953E-02 a       922     0    47     1     2
 -5.5893636765584800E-02 a       923     0    47     1     3
 -8.3555897297544743E-02 a       924     0    47     1     4
 -1.0412409432722453E-01 a       925     0    47     1     5
 -7.1450026766234544E-03 a       926     0    47     1     6
 -2.4520785521177677E-02 a       927     0    47     1     7
  9.9386425220018143E-02 a       928     0    47     1     8
 -1.3878784184763304E-01 a       929     0    47     1     9
 -1.6851165207306822E-02 a       930     0    47     1    10
 -3.1392416059273148E-02 a       931     0    47     1    11
 -5.8531367771105597E-02 a       932     0    47     1    12
  8.7395069951530568E-02 a       933     0    47     1    13
  8.9664305826037488E-02 a       934     0    47     1    14
  1.1680984872981012E-01 a       935     0    47     1    15
 -6.6389017773464107E-02 a       936     0    47     1    16
  1.6349108000924240E-01 a       937     0    47     1    17
  8.6798840396873092E-02 a       938     0    47     1    18
 -2.5932200875102956E-01 a       939     0    47     1    19
  1.6166207998460969E-02 a       940     0    47     1    20
 -2.1920721440217596E-02 a       941     0    48     1     1
 -1.3662431552514046E-01 a       942     0    48     1     2
 -9.6406210360153212E-03 a       943     0    48     1     3
 -5.9669820933829269E-02 a       944     0    48     1     4
  3.8239898889400208E-02 a       945     0    48     1     5
  6.6028519448918660E-02 a       946     0    48     1     6
 -4.8900652587066239E-02 a       947     0    48     1     7
 -5.0551691851443155E-02 a       948     0    48     1     8
  6.9783964695120049E-02 a       949     0    48     1     9
  1.2988134749665578E-02 a       950     0    48     1    10
  4.6913878445648122E-02 a       951     0    48     1    11
  1.8553382931962506E-01 a       952     0    48     1    12
  3.6495319391206198E-02 a       953     0    48     1    13
  8.4505815880270521E-02 a       954     0    48     1    14
 -1.0314170296722742E-01 a       955     0    48     1    15
  1.0727011662115339E-01 a       956     0    48     1    16
  6.9666729996403762E-02 a       957     0    48     1    17
 -3.8690491624390443E-02 a       958     0    48     1    18
  5.3803775309673639E-02 a       959     0    48     1    19
  1.8208470665727197E-01 a       960     0    48     1    20
  2.9019781768847652E-01 a       961     0    49     1     1
  2.4263533533525583E-01 a       962     0    49     1     2
 -8.7693688124504912E-02 a       963     0    49     1     3
 -2.7560875884187830E-01 a       964     0    49     1     4
  1.2701268451687039E-01 a       965     0    49     1     5
  5.0834362517652665E-02 a       966     0    49     1     6
 -2.1809354142836840E-01 a       967     0    49     1     7
  1.1375357645879915E-01 a       968     0    49     1     8
  1.6434636163206739E-01 a       969     0    49     1     9
  2.6953667144289813E-02 a       970     0    49     1    10
  1.9137908571044326E-01 a       971     0    49     1    11
  8.4413718676532440E-02 a       972     0    49     1    12
 -2.4936254099815230E-02 a       973     0    49     1    13
  1.4949081898672612E-01 a       974     0    49     1    14
  2.6174317239155720E-01 a       975     0    49     1    15
 -3.0927968746425033E-01 a       976     0    49     1    16
  1.4022143056918351E-01 a       977     0    49     1    17
 -2.8032240093016403E-01 a       978     0    49     1    18
  2.1346527522622838E-01 a       979     0    49     1    19
  9.8524297952148843E-02 a       980     0    49     1    20
 -5.2817833630662525E-01 a       981     0    50     1     1
 -1.0799602431718439E-01 a       982     0    50     1     2
 -2.9743614960088977E-01 a       983     0    50     1     3
 -3.0863324408380938E-01 a       984     0    50     1     4
 -1.1965661457176541E-01 a       985     0    50     1     5
  3.2458695711023716E-01 a       986     0    50     1     6
  1.2665831595015983E-01 a       987     0    50     1     7
 -4.1658430387940937E-01 a       988     0    50     1     8
  1.2419206302203756E-01 a       989     0    50     1     9
 -5.1523005158553603E-01 a       990     0    50     1    10
 -1.1436141443492721E-01 a       991     0    50     1    11
 -1.8826782669075728E-01 a       992     0    50     1    12
 -9.6116522414678249E-03 a       993     0    50     1    13
  3.4516782932670742E-01 a       994     0    50     1    14
 -4.6520395237290674E-01 a       995     0    50     1    15
 -3.8188342049410039E-02 a       996     0    50     1    16
  1.4746907496493858E-01 a       997     0    50     1    17
  2.9164943784924852E-01 a       998     0    50     1    18
 -3.4010950592911794E-02 a       999     0    50     1    19
 -5.5522398741749557E-01 a      1000     0    50     1    20
 -1.1847617670503734E-01 a      1001     0    51     1     1
  1.5690926757083595E-01 a      1002     0    51     1     2
  2.4847742415381632E-01 a      1003     0    51     1     3
  2.3631545480676364E-02 a      1004     0    51     1     4
 -7.4021299532960494E-02 a      1005     0    51     1     5
  2.7678956001021737E-01 a      1006     0    51     1     6
  2.5652107417447560E-02 a      1007     0    51     1     7
 -1.0208607964533348E-01 a      1008     0    51     1     8
 -5.0390362504188005E-02 a      1009     0    51     1     9
 -2.7648039676374130E-03 a      1010     0    51     1    10
  2.8914701243655670E-02 a      1011     0    51     1    11
 -6.3602662025534343E-02 a      1012     0    51     1    12
  8.1473522424390533E-03 a      1013     0    51     1    13
  6.8315234058036148E-02 a      1014     0    51     1    14
  7.2962193365605207E-02 a      1015     0    51     1    15
  1.8620547189096281E-01 a      1016     0    51     1    16
 -1.2834882463835049E-02 a      1017     0    51     1    17
 -4.9482516146446540E-02 a      1018     0    51     1    18
 -5.8609129006982948E-03 a      1019     0    51     1    19
 -1.3332774697289429E-01 a      1020     0    51     1    20
  9.6094601755192618E-02 a      1021     0    52     1     1
 -1.2258187291754896E-01 a      1022     0    52     1     2
  1.8891320377738505E-01 a      1023     0    52     1     3
 -1.0955675194242560E-01 a      1024     0    52     1     4
  8.6398260239553437E-02 a      1025     0    52     1     5
 -1.9647332037297266E-01 a      1026     0    52     1     6
 -4.2530515792088712E-02 a      1027     0    52     1     7
  9.5990992035442674E-02 a      1028     0    52     1     8
 -6.0206655008534865E-02 a      1029     0    52     1     9
 -3.0821096259077909E-03 a      1030     0    52     1    10
  1.9481261515991435E-01 a      1031     0    52     1    11
  1.5235009182557918E-01 a      1032     0    52     1    12
  1.0724039369492323E-01 a      1033     0    52     1    13
 -2.2314148386029556E-01 a      1034     0    52     1    14
 -2.0600682708247647E-01 a      1035     0    52     1    15
 -4.0212136169515446E-02 a      1036     0    52     1    16
 -1.4571608642997910E-01 a      1037     0    52     1    17
 -7.9197712830200759E-02 a      1038     0    52     1    18
  1.6541634608696132E-03 a      1039     0    52     1    19
  1.3696795118316668E-01 a      1040     0    52     1    20
  2.6219282309288244E-01 a      1041     0    53     1     1
 -2.1254129856770082E-01 a      1042     0    53     1     2
 -1.0417374295404205E-01 a      1043     0    53     1     3
  8.7477342081931312E-03 a      1044     0    53     1     4
 -1.0616362235214422E-01 a      1045     0    53     1     5
 -3.6468835232539291E-02 a      1046     0    53     1     6
 -1.4074626807774782E-01 a      1047     0    53     1     7
  1.3384686498098639E-01 a      1048     0    53     1     8
 -1.5730795507731626E-01 a      1049     0    53     1     9
 -5.1628041771757997E-02 a      1050     0    53     1    10
  4.2997297391963056E-02 a      1051     0    53     1    11
 -2.3972822625623114E-02 a      1052     0    53     1    12
 -3.1790235185504855E-02 a      1053     0    53     1    13
 -1.9858917019021566E-01 a      1054     0    53     1    14
 -2.0540006723548074E-01 a      1055     0    53     1    15
 -1.6747028903840236E-01 a      1056     0    53     1    16
 -1.2723606761017797E-01 a      1057     0    53     1    17
  1.4544400043697422E-01 a      1058     0    53     1    18
 -1.0889401782379987E-02 a      1059     0    53     1    19
 -7.4325487304906665E-02 a      1060     0    53     1    20
  3.2539879176898001E-01 a      1061     0    54     1     1
 -1.5649545637293635E-02 a      1062     0    54     1     2
 -8.2878985646899397E-02 a      1063     0    54     1     3
  9.0107625760688162E-02 a      1064     0    54     1     4
  1.0988408459310903E-02 a      1065     0    54     1     5
 -1.7751588420070638E-01 a      1066     0    54     1     6
 -6.4742834440482372E-02 a      1067     0    54     1     7
  7.9016083921335648E-02 a      1068     0    54     1     8
 -1.3398973361188082E-01 a      1069     0    54     1     9
 -3.9309676922770778E-02 a      1070     0    54     1    10
 -4.8816832819962151E-02 a      1071     0    54     1    11
  7.4523048256821975E-02 a      1072     0    54     1    12
 -1.1690125082072027E-02 a      1073     0    54     1    13
  8.3450151985568641E-02 a      1074     0    54     1    14
 -3.7238602769010982E-02 a      1075     0    54     1    15
 -1.8622163127278324E-02 a      1076     0    54     1    16
  1.2652197879366522E-01 a      1077     0    54     1    17
 -1.4550266541207799E-01 a      1078     0    54     1    18
  3.3799807393625210E-02 a      1079     0    54     1    19
  1.2148547984278320E-01 a      1080     0    54     1    20
  1.3098187174502853E+00 b      1081     1     1
  8.7576299983523753E-01 b      1082     1     2
 -4.1970238960771378E-01 b      1083     1     3
  1.6733149988679366E-01 b      1084     1     4
 -1.2337638698304143E+00 b      1085     1     5
  1.1762059822584716E+00 b      1086     1     6
  1.1892991795828078E+00 b      1087     1     7
 -5.9513591931721328E-04 b      1088     1     8
  3.9590174573336562E-01 b      1089     1     9
  6.1261271659460337E-01 b      1090     1    10
  3.3357913364303154E-01 b      1091     1    11
 -7.9132188991808905E-01 b      1092     1    12
 -8.1681043703841394E-01 b      1093     1    13
 -7.5159634705871808E-02 b      1094     1    14
 -2.5039752305751228E-01 b      1095     1    15
  1.2177001766574160E+00 b      1096     1    16
  5.9332239270719833E-01 b      1097     1    17
  3.0746739099428910E-01 b      1098     1    18
 -4.5568712804597178E-01 b      1099     1    19
  4.8550244419253158E-01 b      1100     1    20
 -4.3179056069037008E-01 a      1101     1     1     2     1
 -3.2087048012593933E-02 a      1102     1     1     2     2
  6.2317109419306482E-01 a      1103     1     1     2     3
 -1.9806935295073186E-01 a      1104     1     1     2     4
 -2.5208028281611738E-01 a      1105     1     1     2     5
 -1.4508600186242837E-01 a      1106     1     1     2     6
 -5.3905301041942433E-01 a      1107     1     1     2     7
 -1.0550994019967080E-01 a      1108     1     1     2     8
 -1.6967248660237491E-01 a      1109     1     1     2     9
 -4.6032085508494219E-01 a      1110     1     1     2    10
  2.6089317126524142E-01 a      1111     1     1     2    11
 -6.1563099449844061E-01 a      1112     1     1     2    12
  2.6845505166778511E-01 a      1113     1     1     2    13
  2.4903094085006397E-01 a      1114     1     1     2    14
 -8.9519902905034088E-02 a      1115     1     1     2    15
  8.0640769653634981E-01 a      1116     1     1     2    16
  6.1200540849144558E-01 a      1117     1     1     2    17
 -2.7498735522399270E-01 a      1118     1     1     2    18
  3.0306672338566326E-01 a      1119     1     1     2    19
 -4.8362087860919012E-01 a      1120     1     1     2    20
  3.7577517188184484E-01 a      1121     1     2     2     1
  2.1586280276321471E-01 a      1122     1     2     2     2
 -3.7545125489909631E-01 a      1123     1     2     2     3
 -2.5985374375675901E-01 a      1124     1     2     2     4
 -3.0056456518079794E-01 a      1125     1     2     2     5
  2.7276073113484395E-01 a      1126     1     2     2     6
 -4.5306931720780286E-01 a      1127     1     2     2     7
  2.6702765416661726E-02 a      1128     1     2     2     8
 -8.3943806173698052E-02 a      1129     1     2     2     9
  7.1127141878671654E-02 a      1130     1     2     2    10
  2.6402022911392865E-02 a      1131     1     2     2    11
 -1.7768354412082840E-01 a      1132     1     2     2    12
  4.1232177449388496E-01 a      1133     1     2     2    13
  5.5079147538207984E-01 a      1134     1     2     2    14
  5.8378647050089716E-01 a      1135     1     2     2    15
  2.6797958644545794E-01 a      1136     1     2     2    16
 -1.1457539263703204E-01 a      1137     1     2     2    17
  5.1629831391714209E-01 a      1138     1     2     2    18
  2.3535427032957695E-01 a      1139     1     2     2    19
 -5.4374768079010760E-01 a      1140     1     2     2    20
 -5.6747742127177014E-01 a      1141     1     3     2     1
  1.6162466400529099E-01 a      1142     1     3     2     2
 -2.9497571370433839E-01 a      1143     1     3     2     3
  3.4037349901350961E-01 a      1144     1     3     2     4
  5.5198569966182054E-01 a      1145     1     3     2     5
 -1.6726937339607101E-01 a      1146     1     3     2     6
  1.9042923238980458E-01 a      1147     1     3     2     7
 -1.8264802766303662E-01 a      1148     1     3     2     8
  3.8884943745624112E-01 a      1149     1     3     2     9
  3.1549159600937393E-01 a      1150     1     3     2    10
 -1.5163553114364872E-01 a      1151     1     3     2    11
  3.8481131146421993E-01 a      1152     1     3     2    12
  3.8062106773229559E-01 a      1153     1     3     2    13
 -4.7582687609267132E-01 a      1154     1     3     2    14
 -3.1785200420135684E-01 a      1155     1     3     2    15
 -3.2242838864913359E-01 a      1156     1     3     2    16
  4.3940846656451743E-01 a      1157     1     3     2    17
  4.4185950612586527E-03 a      1158     1     3     2    18
 -1.9924019836515852E-01 a      1159     1     3     2    19
 -4.5502215357608111E-01 a      1160     1     3     2    20
  6.7813275644896620E-01 a      1161     1     4     2     1
  1.1302007730807708E+00 a      1162     1     4     2     2
  6.1156030524056260E-01 a      1163     1     4     2     3
  4.6607762883717035E-01 a      1164     1     4     2     4
 -2.0784510485389404E-01 a      1165     1     4     2     5
 -3.6634555739308239E-01 a      1166     1     4     2     6
 -6.6221495751947113E-01 a      1167     1     4     2     7
 -1.0844382405685173E-01 a      1168     1     4     2     8
 -4.8783902053541572E-01 a      1169     1     4     2     9
  1.9205492967837309E-01 a      1170     1     4     2    10
 -8.0479593870049090E-02 a      1171     1     4     2    11
 -5.6580637420507091E-02 a      1172     1     4     2    12
 -2.1276947549221831E-01 a      1173     1     4     2    13
  3.6441421114289824E-01 a      1174     1     4     2    14
  3.0660012976157730E-01 a      1175     1     4     2    15
  2.9688774892193043E-01 a      1176     1     4     2    16
  5.9951810228534330E-01 a      1177     1     4     2    17
 -5.6187741476570419E-01 a      1178     1     4     2    18
  5.3381424557143464E-01 a      1179     1     4     2    19
  3.2075465948807258E-01 a      1180     1     4     2    20
  1.9623869531969312E-01 a      1181     1     5     2     1
  3.5381384198107996E-01 a      1182     1     5     2     2
 -9.4789443113634922E-02 a      1183     1     5     2     3
 -2.3444393471809119E-01 a      1184     1     5     2     4
  6.3332129595676012E-01 a      1185     1     5     2     5
 -3.9572213759518005E-01 a      1186     1     5     2     6
 -4.6242936265349865E-01 a      1187     1     5     2     7
 -5.1907125510855012E-01 a      1188     1     5     2     8
 -4.9954096918376506E-01 a      1189     1     5     2     9
 -7.3811696988377395E-01 a      1190     1     5     2    10
  1.2022677593576303E-01 a      1191     1     5     2    11
 -3.9563538312750929E-01 a      1192     1     5     2    12
  3.8072114137216989E-01 a      1193     1     5     2    13
  2.9659888949418645E-01 a      1194     1     5     2    14
 -5.0093328996465147E-01 a      1195     1     5     2    15
  6.1348189237103645E-01 a      1196     1     5     2    16
 -3.2851706174331044E-02 a      1197     1     5     2    17
 -3.4587142994631237E-01 a      1198     1     5     2    18
  6.0061897784270091E-01 a      1199     1     5     2    19
 -2.0734870570928129E-01 a      1200     1     5     2    20
 -1.9613740568466598E-01 a      1201     1     6     2     1
 -4.3972092340369479E-01 a      1202     1     6     2     2
 -3.8855120275555022E-01 a      1203     1     6     2     3
 -2.4724819291945418E-01 a      1204     1     6     2     4
  2.7167016345958661E-01 a      1205     1     6     2     5
  3.7472747531400619E-01 a      1206     1     6     2     6
 -1.9029759874408893E-02 a      1207     1     6     2     7
  6.1765953864222700E-01 a      1208     1     6     2     8
  4.2537069870260541E-01 a      1209     1     6     2     9
 -2.3820859861398536E-01 a      1210     1     6     2    10
  3.5512808092689341E-01 a      1211     1     6     2    11
  1.5373915691350182E-01 a      1212     1     6     2    12
  1.3879102614889108E-01 a      1213     1     6     2    13
 -1.0462115867888926E-01 a      1214     1     6     2    14
  8.4498524690440210E-02 a      1215     1     6     2    15
  2.1976290275514923E-01 a      1216     1     6     2    16
  3.2966453303095006E-01 a      1217     1     6     2    17
  2.5871632003392214E-01 a      1218     1     6     2    18
  5.6000028553904990E-01 a      1219     1     6     2    19
 -1.6738708278837799E-01 a      1220     1     6     2    20
 -1.5958616287911892E-01 a      1221     1     7     2     1
  9.6512307745912809E-02 a      1222     1     7     2     2
 -4.2800528446382158E-01 a      1223     1     7     2     3
  3.7517006479463227E-01 a      1224     1     7     2     4
  5.0464212870072078E-01 a      1225     1     7     2     5
  3.2190962863714534E-01 a      1226     1     7     2     6
 -3.5594099760789383E-01 a      1227     1     7     2     7
  8.3428469321274637E-02 a      1228     1     7     2     8
  2.5951788781712731E-01 a      1229     1     7     2     9
  6.3406219302848621E-01 a      1230     1     7     2    10
 -4.2223255434760398E-01 a      1231     1     7     2    11
 -4.6084810222210165E-01 a      1232     1     7     2    12
  2.1390472064834670E-01 a      1233     1     7     2    13
 -4.6403393687287459E-01 a      1234     1     7     2    14
 -4.3471434876916121E-01 a      1235     1     7     2    15
  5.0881438513776511E-01 a      1236     1     7     2    16
  7.4670127326056046E-01 a      1237     1     7     2    17
 -1.6173159723234570E-01 a      1238     1     7     2    18
 -4.8552384912363866E-01 a      1239     1     7     2    19
 -4.4953344863219913E-01 a      1240     1     7     2    20
  5.0410168479164885E-01 a      1241     1     8     2     1
 -3.5061738317305813E-01 a      1242     1     8     2     2
  3.5478542711389888E-01 a      1243     1     8     2     3
 -1.1492908943516339E-01 a      1244     1     8     2     4
  2.1292503152425471E-01 a      1245     1     8     2     5
  5.4471549032749089E-01 a      1246     1     8     2     6
 -5.1728498085825148E-01 a      1247     1     8     2     7
  3.4516997871364358E-01 a      1248     1     8     2     8
 -3.3111314978115275E-01 a      1249     1     8     2     9
  8.6745310907779694E-01 a      1250     1     8     2    10
 -8.3578447420260282E-01 a      1251     1     8     2    11
 -6.7395495559514051E-01 a      1252     1     8     2    12
  1.9780979151922565E-01 a      1253     1     8     2    13
 -1.5642061453521966E-01 a      1254     1     8     2    14
 -2.9603482744930593E-01 a      1255     1     8     2    15
  1.7542608508384971E-01 a      1256     1     8     2    16
 -3.9526051975151366E-01 a      1257     1     8     2    17
  2.6717067072064649E-01 a      1258     1     8     2    18
  3.0979987321265573E-01 a      1259     1     8     2    19
 -1.4040958485912705E-01 a      1260     1     8     2    20
 -5.0960698810126304E-01 a      1261     1     9     2     1
  1.6686786018380642E-01 a      1262     1     9     2     2
  1.3403814862566482E-02 a      1263     1     9     2     3
  1.5767083972543561E-02 a      1264     1     9     2     4
  9.8480552402426619E-02 a      1265     1     9     2     5
 -9.6670073005493529E-01 a      1266     1     9     2     6
 -4.7680784849701313E-01 a      1267     1     9     2     7
 -4.6389746914475571E-01 a      1268     1     9     2     8
 -3.1894406653571222E-01 a      1269     1     9     2     9
  1.7455338709454968E-01 a      1270     1     9     2    10
 -3.9201202581105299E-01 a      1271     1     9     2    11
 -3.4070885409427837E-01 a      1272     1     9     2    12
 -1.9614247494571885E-01 a      1273     1     9     2    13
 -3.4015012865757283E-01 a      1274     1     9     2    14
 -2.6456835413927060E-01 a      1275     1     9     2    15
 -4.8242916230980065E-02 a      1276     1     9     2    16
  1.7160184552887498E-02 a      1277     1     9     2    17
 -2.8335613438052637E-01 a      1278     1     9     2    18
 -1.2198042455115572E-01 a      1279     1     9     2    19
  3.0040073185550414E-01 a      1280     1     9     2    20
  2.9515483182324964E-01 a      1281     1    10     2     1
  1.0007070734538539E+00 a      1282     1    10     2     2
  5.3104730276818257E-01 a      1283     1    10     2     3
  6.9222653461255224E-02 a      1284     1    10     2     4
  5.3080681277516029E-01 a      1285     1    10     2     5
 -2.6393491836181532E-01 a      1286     1    10     2     6
 -2.6377332704602668E-01 a      1287     1    10     2     7
 -5.9447521107390111E-01 a      1288     1    10     2     8
  1.1949099775923994E-01 a      1289     1    10     2     9
 -1.2760548494181731E-01 a      1290     1    10     2    10
  1.8605900674636872E-02 a      1291     1    10     2    11
  2.2281525846569977E-01 a      1292     1    10     2    12
  8.1470602857213401E-02 a      1293     1    10     2    13
  4.1179951641074508E-01 a      1294     1    10     2    14
 -1.1131061984131138E-01 a      1295     1    10     2    15
 -6.1181632353732507E-01 a      1296     1    10     2    16
  1.3303749240972017E-02 a      1297     1    10     2    17
 -2.8641606252088814E-01 a      1298     1    10     2    18
  3.2980491434266107E-01 a      1299     1    10     2    19
  2.5056008058943308E-01 a      1300     1    10     2    20
  3.8643669689147153E-01 a      1301     1    11     2     1
  1.5935394449610790E-01 a      1302     1    11     2     2
 -3.2606748356277845E-02 a      1303     1    11     2     3
 -6.1810219518297382E-01 a      1304     1    11     2     4
  3.5313035944894905E-01 a      1305     1    11     2     5
  1.1142634979964348E-02 a      1306     1    11     2     6
  2.1716178272521566E-01 a      1307     1    11     2     7
  5.2223495795024522E-01 a      1308     1    11     2     8
  6.0065097423509439E-01 a      1309     1    11     2     9
 -3.9515945520351725E-01 a      1310     1    11     2    10
  4.7021764391235860E-01 a      1311     1    11     2    11
 -5.4326544816923539E-01 a      1312     1    11     2    12
  2.2432802170863148E-01 a      1313     1    11     2    13
  1.6475836520053311E-01 a      1314     1    11     2    14
  2.1845397440737636E-02 a      1315     1    11     2    15
  1.6269715463046538E-01 a      1316     1    11     2    16
 -1.2025966026069755E-01 a      1317     1    11     2    17
  3.2771278222754213E-01 a      1318     1    11     2    18
 -4.7172021922861310E-02 a      1319     1    11     2    19
  6.4994086049435096E-01 a      1320     1    11     2    20
  1.8285944249337099E-01 a      1321     1    12     2     1
  3.7486240197158804E-01 a      1322     1    12     2     2
 -1.3777309041350630E-01 a      1323     1    12     2     3
  4.5090026445483899E-01 a      1324     1    12     2     4
 -1.6678892000720560E-01 a      1325     1    12     2     5
 -4.0000067423052676E-02 a      1326     1    12     2     6
  3.5173219852773352E-01 a      1327     1    12     2     7
  1.8689298265048865E-01 a      1328     1    12     2     8
 -2.4057683651985234E-01 a      1329     1    12     2     9
 -1.6293189204334588E-01 a      1330     1    12     2    10
  2.9389204954596775E-02 a      1331     1    12     2    11
  5.9001287741684283E-01 a      1332     1    12     2    12
 -7.7020036210855375E-02 a      1333     1    12     2    13
 -3.0811097177144320E-01 a      1334     1    12     2    14
 -2.5529504585639562E-01 a      1335     1    12     2    15
 -9.7809262917545770E-01 a      1336     1    12     2    16
 -2.1991393419010488E-01 a      1337     1    12     2    17
  5.5003430274615051E-01 a      1338     1    12     2    18
 -9.3013937927009099E-02 a      1339     1    12     2    19
 -5.0601940506996768E-01 a      1340     1    12     2    20
 -3.5160859347588218E-02 a      1341     1    13     2     1
  3.9940334369688923E-01 a      1342     1    13     2     2
  1.4292652979200687E-01 a      1343     1    13     2     3
  5.3048276604988542E-01 a      1344     1    13     2     4
  8.1289773362761875E-01 a      1345     1    13     2     5
 -5.4963350848118653E-01 a      1346     1    13     2     6
 -7.7128313398426546E-02 a      1347     1    13     2     7
  5.0986205584018851E-01 a      1348     1    13     2     8
  1.4867430039782811E-01 a      1349     1    13     2     9
  4.5793650031304839E-01 a      1350     1    13     2    10
 -6.9039851753487980E-01 a      1351     1    13     2    11
 -2.2330727204938858E-01 a      1352     1    13     2    12
 -8.1772347177711913E-01 a      1353     1    13     2    13
 -4.2669042688981990E-01 a      1354     1    13     2    14
 -6.3209407049512478E-01 a      1355     1    13     2    15
 -8.9302182795077650E-02 a      1356     1    13     2    16
 -3.0507116035037335E-01 a      1357     1    13     2    17
  3.2871746187107581E-01 a      1358     1    13     2    18
 -6.6769033582376358E-01 a      1359     1    13     2    19
 -1.0078763994901946E-01 a      1360     1    13     2    20
  4.8702266823843615E-01 a      1361     1    14     2     1
  5.5664721300330866E-01 a      1362     1    14     2     2
  4.1675048396143544E-01 a      1363     1    14     2     3
  5.3452144302975613E-01 a      1364     1    14     2     4
 -6.1008028747798725E-02 a      1365     1    14     2     5
 -4.7742638808854998E-01 a      1366     1    14     2     6
  4.3364663966154370E-02 a      1367     1    14     2     7
 -1.1698703512332305E-01 a      1368     1    14     2     8
 -3.2397116873279369E-01 a      1369     1    14     2     9
 -1.4396463090304473E-01 a      1370     1    14     2    10
 -1.6939702140744492E-01 a      1371     1    14     2    11
  5.1480607534604386E-02 a      1372     1    14     2    12
 -5.8991458539664410E-01 a      1373     1    14     2    13
  6.2573338421600566E-01 a      1374     1    14     2    14
 -4.2169571186892396E-01 a      1375     1    14     2    15
  3.0700848924067786E-01 a      1376     1    14     2    16
  2.9332217065275490E-01 a      1377     1    14     2    17
  6.2858537686265384E-03 a      1378     1    14     2    18
  1.1655500496767328E-01 a      1379     1    14     2    19
  1.5739647261966100E-01 a      1380     1    14     2    20
  1.9435120119513896E-01 a      1381     1    15     2     1
  1.2295202150147727E-01 a      1382     1    15     2     2
  8.7317478782137803E-01 a      1383     1    15     2     3
  8.0520530412972885E-02 a      1384     1    15     2     4
 -7.5678752229476079E-02 a      1385     1    15     2     5
  4.8964930489768721E-01 a      1386     1    15     2     6
 -5.1509512082296383E-01 a      1387     1    15     2     7
  8.3554025696739212E-02 a      1388     1    15     2     8
  8.0959840850266207E-01 a      1389     1    15     2     9
  3.2023938801489132E-01 a      1390     1    15     2    10
  3.6166452784245545E-02 a      1391     1    15     2    11
 -2.6237539079181704E-01 a      1392     1    15     2    12
  1.9707973524784369E-02 a      1393     1    15     2    13
 -3.5666667505658184E-01 a      1394     1    15     2    14
 -4.8925515257651642E-01 a      1395     1    15     2    15
 -2.8714877006358280E-01 a      1396     1    15     2    16
  1.0464882927031961E-01 a      1397     1    15     2    17
  6.1248719882874214E-01 a      1398     1    15     2    18
  5.7812410393171927E-02 a      1399     1    15     2    19
 -1.2345319953480131E-03 a      1400     1    15     2    20
  4.2743665781825063E-01 a      1401     1    16     2     1
  5.2621601320191036E-01 a      1402     1    16     2     2
  5.6618584364973634E-01 a      1403     1    16     2     3
  4.6264183827351546E-01 a      1404     1    16     2     4
 -2.2519064286539683E-01 a      1405     1    16     2     5
  2.7869111616533099E-01 a      1406     1    16     2     6
 -5.9432350393517769E-02 a      1407     1    16     2     7
 -5.4247258572512003E-01 a      1408     1    16     2     8
 -2.4352655229640555E-01 a      1409     1    16     2     9
  4.5845711820209001E-01 a      1410     1    16     2    10
 -4.7685729842058522E-01 a      1411     1    16     2    11
 -1.1956473125625397E-01 a      1412     1    16     2    12
 -4.9063765571406648E-01 a      1413     1    16     2    13
  3.1761786616388632E-01 a      1414     1    16     2    14
  4.0623402052315433E-01 a      1415     1    16     2    15
 -3.5556545134837150E-02 a      1416     1    16     2    16
  3.0423353094913419E-01 a      1417     1    16     2    17
 -1.3515098753719079E-01 a      1418     1    16     2    18
  2.1752531350597729E-01 a      1419     1    16     2    19
 -4.3905357511693194E-01 a      1420     1    16     2    20
 -2.0559650041929861E-01 a      1421     1    17     2     1
  1.4490015622182739E-01 a      1422     1    17     2     2
 -9.8756652698045358E-02 a      1423     1    17     2     3
  4.6981371421569218E-02 a      1424     1    17     2     4
 -7.6234988431095246E-02 a      1425     1    17     2     5
  1.5486151630631584E-01 a      1426     1    17     2     6
 -3.1249714378835108E-01 a      1427     1    17     2     7
  2.0278537929254603E-01 a      1428     1    17     2     8
  3.5203562069144573E-02 a      1429     1    17     2     9
  3.2263466727611106E-01 a      1430     1    17     2    10
 -2.9676036576045266E-02 a      1431     1    17     2    11
  1.7411199507435399E-01 a      1432     1    17     2    12
 -1.4625341837104568E-02 a      1433     1    17     2    13
  6.4126699910735885E-02 a      1434     1    17     2    14
  6.4132806235484041E-01 a      1435     1    17     2    15
  1.0895543925807649E-01 a      1436     1    17     2    16
  2.8970989912007718E-02 a      1437     1    17     2    17
 -4.6941080619104314E-01 a      1438     1    17     2    18
  1.9977589151183739E-01 a      1439     1    17     2    19
 -3.0188566046324855E-01 a      1440     1    17     2    20
 -1.8761689806464277E-01 a      1441     1    18     2     1
  2.9866971560227862E-01 a      1442     1    18     2     2
 -1.1872990517117397E-02 a      1443     1    18     2     3
 -2.9330070328222757E-01 a      1444     1    18     2     4
 -6.5145428551000739E-01 a      1445     1    18     2     5
  4.3476280445365606E-01 a      1446     1    18     2     6
  2.7706037576026643E-01 a      1447     1    18     2     7
 -1.2588904265295103E-01 a      1448     1    18     2     8
 -1.6344648354099087E-01 a      1449     1    18     2     9
 -3.5263342094037631E-01 a      1450     1    18     2    10
  1.9314306481827989E-01 a      1451     1    18     2    11
 -2.4945152799307890E-01 a      1452     1    18     2    12
  2.2565818794018164E-01 a      1453     1    18     2    13
 -1.1367250178648045E-02 a      1454     1    18     2    14
  6.6144957857587761E-01 a      1455     1    18     2    15
  8.1507120018006196E-02 a      1456     1    18     2    16
 -1.1813474265864977E-01 a      1457     1    18     2    17
  1.6562994879147511E-01 a      1458     1    18     2    18
  5.9934080906444631E-01 a      1459     1    18     2    19
 -1.3658423855037131E-02 a      1460     1    18     2    20
  7.7619447529531849E-01 a      1461     1    19     2     1
 -4.8658770883966868E-01 a      1462     1    19     2     2
  4.7824327923086890E-01 a      1463     1    19     2     3
 -2.4615781397991660E-02 a      1464     1    19     2     4
  5.6101692519969870E-01 a      1465     1    19     2     5
 -3.4790354248339184E-01 a      1466     1    19     2     6
 -6.1602017256058988E-02 a      1467     1    19     2     7
 -5.9207044490610472E-01 a      1468     1    19     2     8
  3.3791725048462079E-01 a      1469     1    19     2     9
  3.9554608813194470E-01 a      1470     1    19     2    10
 -5.4743082275606447E-01 a      1471     1    19     2    11
 -4.9363092948744214E-01 a      1472     1    19     2    12
 -3.6139616674853065E-01 a      1473     1    19     2    13
  1.6864541639918959E-01 a      1474     1    19     2    14
 -4.4190068966597668E-01 a      1475     1    19     2    15
 -2.7154226076033622E-01 a      1476     1    19     2    16
 -5.9898986092128135E-03 a      1477     1    19     2    17
  5.3434035449701944E-01 a      1478     1    19     2    18
 -4.2192803192070533E-01 a      1479     1    19     2    19
 -2.4587772371272243E-02 a      1480     1    19     2    20
 -1.6894706242016447E-01 a      1481     1    20     2     1
  7.1819393642488871E-01 a      1482     1    20     2     2
  6.3731335817530865E-01 a      1483     1    20     2     3
  2.6153123693123098E-01 a      1484     1    20     2     4
 -1.8441080120439982E-01 a      1485     1    20     2     5
 -5.4180951306696434E-01 a      1486     1    20     2     6
 -3.7203487247698680E-01 a      1487     1    20     2     7
 -1.9176694966926222E-01 a      1488     1    20     2     8
  3.8617601588913325E-01 a      1489     1    20     2     9
  3.0489091960890513E-01 a      1490     1    20     2    10
  4.9031089341971817E-01 a      1491     1    20     2    11
  2.8363066628005523E-01 a      1492     1    20     2    12
  2.5766269044164014E-01 a      1493     1    20     2    13
 -4.6441698775394213E-01 a      1494     1    20     2    14
  1.4155867761787969E-01 a      1495     1    20     2    15
 -2.8567347924591036E-01 a      1496     1    20     2    16
 -3.8898326545948114E-01 a      1497     1    20     2    17
  3.0701890645135038E-01 a      1498     1    20     2    18
  1.4671201444851442E-01 a      1499     1    20     2    19
 -7.4243320236922886E-02 a      1500     1    20     2    20
 -1.3700308177055507E+00 b      1501     2     1
 -6.4724363588942249E-02 b      1502     2     2
 -2.8959307484577196E-01 b      1503     2     3
  9.9043835978528938E-01 b      1504     2     4
 -8.6862423415270562E-01 b      1505     2     5
 -7.8059258823721656E-01 b      1506     2     6
 -1.1566741309749349E+00 b      1507     2     7
 -7.7120114634443637E-01 b      1508     2     8
  1.5899495803526438E+00 b      1509     2     9
  8.8063064016588630E-02 b      1510     2    10
 -3.3180990721657644E-01 b      1511     2    11
  1.1064086490709868E+00 b      1512     2    12
  5.1861582694030028E-01 b      1513     2    13
  4.0051199405592741E-01 b      1514     2    14
 -9.7557676926438264E-01 b      1515     2    15
 -6.3554749818876211E-01 b      1516     2    16
  6.3450482875498371E-01 b      1517     2    17
 -9.8479836708149682E-01 b      1518     2    18
  1.4669121272318622E-01 b      1519     2    19
 -1.3068942882710839E+00 b      1520     2    20
  6.4682139528995419E-01 a      1521     2     1     3     1
 -2.4782762543155806E-01 a      1522     2     2     3     1
 -3.1951564464233417E-01 a      1523     2     3     3     1
  8.3361721742143124E-01 a      1524     2     4     3     1
  7.4647158152329751E-01 a      1525     2     5     3     1
  2.3791346250679715E-02 a      1526     2     6     3     1
  6.1835128798795547E-01 a      1527     2     7     3     1
  3.7192623519817961E-02 a      1528     2     8     3     1
 -9.3542637801433659E-01 a      1529     2     9     3     1
  2.5723307390214145E-01 a      1530     2    10     3     1
  7.3736125307816891E-01 a      1531     2    11     3     1
 -8.3061014420922108E-01 a      1532     2    12     3     1
 -7.6390932528716815E-01 a      1533     2    13     3     1
  6.0663005919973312E-02 a      1534     2    14     3     1
  5.5112683958874309E-01 a      1535     2    15     3     1
 -2.7292511877528541E-01 a      1536     2    16     3     1
 -5.0975501249440436E-01 a      1537     2    17     3     1
 -7.4693527649911640E-01 a      1538     2    18     3     1
  2.6354674478968715E-01 a      1539     2    19     3     1
  6.1445142962970467E-01 a      1540     2    20     3     1
 -1.1567093733228868E+00 b      1541     3     1
