################################################################################
# Neural network connection values (weights and biases).
################################################################################
# Col  Name       Description
################################################################################
# 1    connection Neural network connection value.
# 2    t          Connection type (a = weight, b = bias).
# 3    index      Index enumerating weights.
# 4    l_s        Starting point layer (end point layer for biases).
# 5    n_s        Starting point neuron in starting layer (end point neuron for biases).
# 6    l_e        End point layer.
# 7    n_e        End point neuron in end layer.
################################################################################
#                      1 2         3     4     5     6     7
#             connection t     index   l_s   n_s   l_e   n_e
############################################################
  2.2491143346309114E-01 a         1     0     1     1     1
  3.0200727606415972E-01 a         2     0     1     1     2
  2.8128707357600152E-01 a         3     0     1     1     3
  3.4658897088388024E-01 a         4     0     1     1     4
 -4.0911025573255982E-01 a         5     0     1     1     5
 -5.7129963809594885E-03 a         6     0     1     1     6
 -5.3223784068653551E-02 a         7     0     1     1     7
  1.2701073851404188E-01 a         8     0     1     1     8
  6.9861242160055750E-02 a         9     0     1     1     9
 -7.9387807269712868E-02 a        10     0     1     1    10
 -7.3719507309157398E-02 a        11     0     1     1    11
 -1.6739573349675949E-01 a        12     0     1     1    12
  2.5298642748157285E-01 a        13     0     1     1    13
  2.0090298748238919E-01 a        14     0     1     1    14
  7.1370597796011681E-02 a        15     0     1     1    15
  1.4402335653798329E-01 a        16     0     1     1    16
 -1.4799265482568758E-01 a        17     0     1     1    17
  2.0380563361888682E-01 a        18     0     1     1    18
  2.5898277982518797E-01 a        19     0     1     1    19
  2.3059366830230889E-02 a        20     0     1     1    20
 -2.5505918377905651E-01 a        21     0     2     1     1
  1.0471491194703555E-01 a        22     0     2     1     2
 -2.6620630581620525E-02 a        23     0     2     1     3
  1.0841299910254848E-01 a        24     0     2     1     4
 -1.6457939770094179E-01 a        25     0     2     1     5
 -2.9843920908978427E-01 a        26     0     2     1     6
 -1.4533778308288522E-01 a        27     0     2     1     7
  2.4040305465081480E-01 a        28     0     2     1     8
 -2.9315062074192905E-02 a        29     0     2     1     9
 -1.4868070877895939E-01 a        30     0     2     1    10
  1.3992366432183978E-01 a        31     0     2     1    11
 -1.3971290469237518E-01 a        32     0     2     1    12
 -1.8038861712502569E-01 a        33     0     2     1    13
  1.2963779799602598E-01 a        34     0     2     1    14
  3.9354120174007926E-02 a        35     0     2     1    15
  1.7560797285956647E-02 a        36     0     2     1    16
 -1.5437285026168077E-01 a        37     0     2     1    17
  1.1032375970607933E-01 a        38     0     2     1    18
  1.4789707954878428E-01 a        39     0     2     1    19
  2.9130071542082520E-01 a        40     0     2     1    20
 -2.1252402340093213E-01 a        41     0     3     1     1
  1.0064539615116298E-01 a        42     0     3     1     2
  2.0526032823319353E-02 a        43     0     3     1     3
  3.6026461274602198E-02 a        44     0     3     1     4
 -7.4764585718349624E-02 a        45     0     3     1     5
  1.1845302152071550E-01 a        46     0     3     1     6
 -2.3186176363146216E-01 a        47     0     3     1     7
 -8.0241055725052982E-02 a        48     0     3     1     8
  1.1985510000458442E-02 a        49     0     3     1     9
  2.1509756261645810E-01 a        50     0     3     1    10
  2.0933645093852654E-01 a        51     0     3     1    11
  1.6980764113130853E-01 a        52     0     3     1    12
  1.6844586293259442E-01 a        53     0     3     1    13
 -1.5061131198154798E-01 a        54     0     3     1    14
 -5.9502665156679159E-02 a        55     0     3     1    15
 -2.2108795959706742E-01 a        56     0     3     1    16
 -1.0787176772277855E-01 a        57     0     3     1    17
  3.1442903515649995E-01 a        58     0     3     1    18
 -1.4726039742275826E-01 a        59     0     3     1    19
 -1.4921241386807538E-01 a        60     0     3     1    20
  1.2398221711892997E-01 a        61     0     4     1     1
 -1.5403205987429766E-01 a        62     0     4     1     2
 -2.4549216154347717E-01 a        63     0     4     1     3
  1.1137803587540000E-01 a        64     0     4     1     4
 -1.0984649351981890E-01 a        65     0     4     1     5
 -1.1794645204972551E-01 a        66     0     4     1     6
  9.4543129181460947E-02 a        67     0     4     1     7
  3.1570860105885173E-01 a        68     0     4     1     8
  2.7194515168965844E-01 a        69     0     4     1     9
 -9.0180775626872808E-02 a        70     0     4     1    10
 -2.7716429696698430E-01 a        71     0     4     1    11
 -6.0994230840120088E-03 a        72     0     4     1    12
 -1.7721506865486589E-01 a        73     0     4     1    13
 -3.0103723278521222E-01 a        74     0     4     1    14
 -1.9038200578486358E-01 a        75     0     4     1    15
 -2.1422436566812525E-01 a        76     0     4     1    16
 -3.1232213258309438E-02 a        77     0     4     1    17
 -2.1694132171294792E-02 a        78     0     4     1    18
  2.3332520066248594E-01 a        79     0     4     1    19
 -2.9153431824034465E-01 a        80     0     4     1    20
 -1.0028486496654761E-01 a        81     0     5     1     1
  1.6146011779054220E-01 a        82     0     5     1     2
 -5.6823158658976886E-02 a        83     0     5     1     3
 -4.4354726503278055E-02 a        84     0     5     1     4
 -1.0736303340175928E-01 a        85     0     5     1     5
  2.0955790147707756E-01 a        86     0     5     1     6
 -1.5892523981304010E-01 a        87     0     5     1     7
 -1.0921141545135490E-01 a        88     0     5     1     8
  2.5642961370693029E-01 a        89     0     5     1     9
  2.8241304163788544E-01 a        90     0     5     1    10
  3.0711024840675100E-01 a        91     0     5     1    11
  2.0042684993005235E-02 a        92     0     5     1    12
  2.6669460227609426E-01 a        93     0     5     1    13
 -2.0681650068043014E-01 a        94     0     5     1    14
  1.6768118006418788E-02 a        95     0     5     1    15
  9.4789808523534233E-02 a        96     0     5     1    16
 -3.2411812970398114E-02 a        97     0     5     1    17
  3.0982657628659643E-01 a        98     0     5     1    18
  1.9439811787793901E-01 a        99     0     5     1    19
  1.1384607263408308E-01 a       100     0     5     1    20
 -1.7651516861758551E-01 a       101     0     6     1     1
 -5.2984393696897669E-03 a       102     0     6     1     2
 -4.6643231434385479E-02 a       103     0     6     1     3
 -2.9840010355408109E-01 a       104     0     6     1     4
 -1.3042628924794281E-01 a       105     0     6     1     5
 -1.4332558784646074E-01 a       106     0     6     1     6
 -1.3536283195504312E-02 a       107     0     6     1     7
  2.5970349246623243E-02 a       108     0     6     1     8
  1.8882146223504678E-01 a       109     0     6     1     9
  1.0247110169721152E-01 a       110     0     6     1    10
  2.8048296145499710E-02 a       111     0     6     1    11
 -6.1075501458260455E-02 a       112     0     6     1    12
  1.5928350070998076E-01 a       113     0     6     1    13
  2.5001721248469927E-01 a       114     0     6     1    14
  3.0496738681662038E-02 a       115     0     6     1    15
  3.1171953057693796E-01 a       116     0     6     1    16
 -2.0306399980082360E-01 a       117     0     6     1    17
 -8.6037194837911973E-02 a       118     0     6     1    18
 -1.9444516380440416E-01 a       119     0     6     1    19
  6.9648722040758421E-02 a       120     0     6     1    20
 -2.6259859620384473E-02 a       121     0     7     1     1
 -1.8218088410314334E-01 a       122     0     7     1     2
  1.3320932502975760E-01 a       123     0     7     1     3
 -3.0821206085062369E-01 a       124     0     7     1     4
  2.3476683941039633E-01 a       125     0     7     1     5
  1.4081348672611119E-01 a       126     0     7     1     6
 -2.0728437555204199E-01 a       127     0     7     1     7
 -2.7318747241416297E-01 a       128     0     7     1     8
 -2.6652260727771582E-01 a       129     0     7     1     9
  1.0155278733849570E-01 a       130     0     7     1    10
  9.3468939446981342E-03 a       131     0     7     1    11
  1.7936964199532507E-01 a       132     0     7     1    12
  2.3514480500989643E-02 a       133     0     7     1    13
 -1.0333816466608195E-01 a       134     0     7     1    14
 -1.2698099480174385E-01 a       135     0     7     1    15
 -7.9646239743023442E-02 a       136     0     7     1    16
 -6.5137742333122833E-02 a       137     0     7     1    17
 -2.6047583255488799E-01 a       138     0     7     1    18
 -1.0091036898460035E-01 a       139     0     7     1    19
 -2.0728256771122680E-02 a       140     0     7     1    20
  6.1055463480638644E-02 a       141     0     8     1     1
  1.9718552867937431E-01 a       142     0     8     1     2
  2.6726981800522620E-01 a       143     0     8     1     3
 -2.5030251653521646E-01 a       144     0     8     1     4
  2.2494425944060059E-01 a       145     0     8     1     5
  3.6496704233084531E-01 a       146     0     8     1     6
 -2.2980429541812988E-01 a       147     0     8     1     7
 -2.4668424795675381E-01 a       148     0     8     1     8
 -9.6047574086895557E-02 a       149     0     8     1     9
 -1.4724320057692827E-01 a       150     0     8     1    10
  1.4400185282886599E-01 a       151     0     8     1    11
  2.5229036222712564E-01 a       152     0     8     1    12
 -1.9746747791815292E-02 a       153     0     8     1    13
  8.9607343252480168E-02 a       154     0     8     1    14
  1.9010012230395854E-01 a       155     0     8     1    15
 -1.9576804658631656E-02 a       156     0     8     1    16
 -2.5950404685251421E-02 a       157     0     8     1    17
 -1.6466384673092418E-01 a       158     0     8     1    18
 -7.5596917309320569E-02 a       159     0     8     1    19
 -1.5688197365100465E-01 a       160     0     8     1    20
 -1.3562030616973786E-01 a       161     0     9     1     1
  3.1650544488507577E-02 a       162     0     9     1     2
 -5.2246664723828752E-03 a       163     0     9     1     3
 -1.6002761530709778E-01 a       164     0     9     1     4
 -2.8128122973381120E-01 a       165     0     9     1     5
 -1.9487385920861744E-01 a       166     0     9     1     6
  3.4062839134443729E-01 a       167     0     9     1     7
  2.8565738827554799E-01 a       168     0     9     1     8
 -8.0655887630258633E-02 a       169     0     9     1     9
 -2.4629690104544558E-01 a       170     0     9     1    10
  1.2132768166676282E-01 a       171     0     9     1    11
  1.2972350235523247E-01 a       172     0     9     1    12
  4.2311097219332566E-01 a       173     0     9     1    13
 -2.0077675456409647E-01 a       174     0     9     1    14
  7.6494653505978255E-02 a       175     0     9     1    15
 -1.6216822523722893E-01 a       176     0     9     1    16
 -2.6178824850874938E-01 a       177     0     9     1    17
 -2.8214589733995779E-02 a       178     0     9     1    18
  2.5588165478339736E-01 a       179     0     9     1    19
 -1.5949758094372485E-01 a       180     0     9     1    20
  3.2571382482777939E-02 a       181     0    10     1     1
 -1.3278540978780373E-02 a       182     0    10     1     2
 -2.7253939630519253E-01 a       183     0    10     1     3
 -1.1508644322207204E-01 a       184     0    10     1     4
  1.7388252740401078E-01 a       185     0    10     1     5
  5.1601354249284984E-02 a       186     0    10     1     6
  2.0883854577126915E-01 a       187     0    10     1     7
 -2.3532894818096792E-01 a       188     0    10     1     8
  2.6209949908050062E-01 a       189     0    10     1     9
  1.6431930847359935E-01 a       190     0    10     1    10
 -8.7771591823257139E-02 a       191     0    10     1    11
  2.6009753428715005E-01 a       192     0    10     1    12
 -8.4410024793531380E-02 a       193     0    10     1    13
 -6.4038054874120107E-02 a       194     0    10     1    14
  2.8405195487569923E-01 a       195     0    10     1    15
  4.3548878178472680E-02 a       196     0    10     1    16
  1.2632161841492109E-01 a       197     0    10     1    17
  1.4633663814532724E-01 a       198     0    10     1    18
  4.3375080656288478E-02 a       199     0    10     1    19
  9.5260536203067611E-02 a       200     0    10     1    20
 -1.3178040839819952E-01 a       201     0    11     1     1
 -2.6302220976319612E-01 a       202     0    11     1     2
  7.1217169278288167E-02 a       203     0    11     1     3
  8.0872869272772860E-02 a       204     0    11     1     4
 -2.6005011594870875E-01 a       205     0    11     1     5
  5.6699876477348782E-02 a       206     0    11     1     6
  1.2901581767633785E-01 a       207     0    11     1     7
  1.8114487657870168E-01 a       208     0    11     1     8
  1.3554837614029376E-02 a       209     0    11     1     9
  3.6202130004671018E-01 a       210     0    11     1    10
 -3.6782440058308757E-01 a       211     0    11     1    11
  6.3445667937316264E-02 a       212     0    11     1    12
 -1.3668157062335132E-01 a       213     0    11     1    13
  2.3716102733528262E-02 a       214     0    11     1    14
 -9.3977101331399526E-02 a       215     0    11     1    15
 -1.1974190469092727E-01 a       216     0    11     1    16
  3.1764982761215582E-01 a       217     0    11     1    17
  2.2018709979346665E-01 a       218     0    11     1    18
  1.8830612532376853E-01 a       219     0    11     1    19
 -2.5993649563058500E-02 a       220     0    11     1    20
  3.7496104767005056E-01 a       221     0    12     1     1
  1.3134018892894014E-01 a       222     0    12     1     2
  2.3024102264345964E-01 a       223     0    12     1     3
 -5.5307579043078786E-02 a       224     0    12     1     4
  4.7967754340780683E-02 a       225     0    12     1     5
 -2.2950078319190456E-01 a       226     0    12     1     6
 -4.3954089896665487E-02 a       227     0    12     1     7
 -5.2302442572182993E-02 a       228     0    12     1     8
  2.7729163418431572E-02 a       229     0    12     1     9
 -1.5936348895556765E-01 a       230     0    12     1    10
 -1.8668810873076805E-01 a       231     0    12     1    11
  1.5572745787505343E-01 a       232     0    12     1    12
 -2.8661342843823817E-01 a       233     0    12     1    13
  1.6772776450014729E-01 a       234     0    12     1    14
 -1.4694315336659633E-01 a       235     0    12     1    15
  2.8486657411968092E-01 a       236     0    12     1    16
  2.4255972632949860E-01 a       237     0    12     1    17
  3.3904849305078139E-01 a       238     0    12     1    18
  2.1049662624760107E-01 a       239     0    12     1    19
 -5.4286082215662397E-02 a       240     0    12     1    20
 -2.5444550551663825E-01 a       241     0    13     1     1
 -5.5196649716459628E-02 a       242     0    13     1     2
  1.7597089071850133E-01 a       243     0    13     1     3
 -2.6328556064220406E-02 a       244     0    13     1     4
 -2.5846582161396725E-01 a       245     0    13     1     5
 -1.5186930416042496E-01 a       246     0    13     1     6
 -9.9823551129965618E-02 a       247     0    13     1     7
 -1.6829445094329912E-01 a       248     0    13     1     8
  6.2420832477227600E-02 a       249     0    13     1     9
 -1.8729790096727614E-01 a       250     0    13     1    10
  4.5858111752795076E-02 a       251     0    13     1    11
  9.8006554346870056E-02 a       252     0    13     1    12
  6.8491214160972994E-02 a       253     0    13     1    13
  3.1445026162346748E-02 a       254     0    13     1    14
 -3.5037030409969261E-01 a       255     0    13     1    15
  2.2254478885287085E-01 a       256     0    13     1    16
 -3.3722750250620176E-01 a       257     0    13     1    17
 -4.3546534645190024E-02 a       258     0    13     1    18
 -2.9748335138090964E-01 a       259     0    13     1    19
  9.2141194898421278E-02 a       260     0    13     1    20
 -1.1593637947601727E-01 a       261     0    14     1     1
  4.0265214229595836E-02 a       262     0    14     1     2
 -1.1299071211316965E-01 a       263     0    14     1     3
  4.5277208684251924E-01 a       264     0    14     1     4
  1.4957054195899500E-01 a       265     0    14     1     5
 -1.0188369850585872E-01 a       266     0    14     1     6
 -9.5535098724084375E-02 a       267     0    14     1     7
  2.1342859373048157E-02 a       268     0    14     1     8
  2.6406390520413003E-02 a       269     0    14     1     9
  6.0382816488387447E-02 a       270     0    14     1    10
 -1.3916152382714125E-01 a       271     0    14     1    11
 -3.8718667071051191E-02 a       272     0    14     1    12
  8.0685427698729120E-02 a       273     0    14     1    13
  5.7983545668272171E-02 a       274     0    14     1    14
  4.5371979016763903E-02 a       275     0    14     1    15
  1.1258363526306568E-01 a       276     0    14     1    16
 -2.8561030603130536E-02 a       277     0    14     1    17
  1.9583182294778392E-01 a       278     0    14     1    18
 -6.3611055979110279E-02 a       279     0    14     1    19
 -9.1084675505226864E-02 a       280     0    14     1    20
 -6.9804838300286734E-02 a       281     0    15     1     1
  2.5522616183724900E-01 a       282     0    15     1     2
 -4.0335495439103747E-01 a       283     0    15     1     3
 -3.5618715021045910E-01 a       284     0    15     1     4
 -2.3427905845736818E-01 a       285     0    15     1     5
  2.6203838866327628E-01 a       286     0    15     1     6
  1.8361766781989218E-02 a       287     0    15     1     7
 -3.0963593756507365E-02 a       288     0    15     1     8
 -6.7060329505398086E-02 a       289     0    15     1     9
  1.5956411923313985E-01 a       290     0    15     1    10
  1.8119474057724647E-01 a       291     0    15     1    11
 -3.2412727504388794E-01 a       292     0    15     1    12
 -2.2631603517808316E-03 a       293     0    15     1    13
 -1.8252745196768599E-02 a       294     0    15     1    14
  1.4136518976637602E-01 a       295     0    15     1    15
 -1.1869035060746584E-01 a       296     0    15     1    16
  1.8691774794087002E-01 a       297     0    15     1    17
  2.5677771288586215E-01 a       298     0    15     1    18
 -4.8199464996678078E-02 a       299     0    15     1    19
  1.0266705519237161E-01 a       300     0    15     1    20
 -2.5194733740300190E-01 a       301     0    16     1     1
  6.5968392677750440E-02 a       302     0    16     1     2
 -1.1695893424753342E-01 a       303     0    16     1     3
 -1.9885103315171540E-01 a       304     0    16     1     4
 -8.3918874297933294E-02 a       305     0    16     1     5
  4.6597648062454083E-01 a       306     0    16     1     6
 -1.2437767224523885E-01 a       307     0    16     1     7
  1.0161909477739410E-01 a       308     0    16     1     8
  1.2195606572030229E-01 a       309     0    16     1     9
 -7.0633539913754484E-02 a       310     0    16     1    10
  6.2666093126822212E-02 a       311     0    16     1    11
  3.1240858905005114E-01 a       312     0    16     1    12
  1.4118452275878010E-01 a       313     0    16     1    13
 -3.2818235697417053E-01 a       314     0    16     1    14
  1.5753579730378650E-01 a       315     0    16     1    15
 -2.3978019337771525E-01 a       316     0    16     1    16
 -1.4221599156093649E-03 a       317     0    16     1    17
  9.3274779227134896E-02 a       318     0    16     1    18
 -1.2988599743136131E-01 a       319     0    16     1    19
 -1.6545405724310605E-01 a       320     0    16     1    20
  2.6513075775438402E-02 a       321     0    17     1     1
 -1.0472209841458126E-01 a       322     0    17     1     2
  1.7758843616270847E-01 a       323     0    17     1     3
 -3.2805091325671609E-01 a       324     0    17     1     4
 -1.4406461442516935E-01 a       325     0    17     1     5
  2.3483350919085946E-02 a       326     0    17     1     6
 -9.4977024984169212E-02 a       327     0    17     1     7
 -1.7366277142638681E-01 a       328     0    17     1     8
  5.0244426752624742E-02 a       329     0    17     1     9
  2.0873450553630377E-01 a       330     0    17     1    10
 -1.3427122777964282E-01 a       331     0    17     1    11
 -2.0452477782701300E-01 a       332     0    17     1    12
  2.7926263998029572E-02 a       333     0    17     1    13
  2.3181356559084945E-01 a       334     0    17     1    14
 -6.4967518264982080E-02 a       335     0    17     1    15
 -1.1392691910586196E-01 a       336     0    17     1    16
  8.7595844301714743E-02 a       337     0    17     1    17
 -1.6865923234058355E-01 a       338     0    17     1    18
  1.0178383235384852E-01 a       339     0    17     1    19
 -1.6737952603831721E-01 a       340     0    17     1    20
 -3.2262602958940145E-01 a       341     0    18     1     1
  3.3144539582259741E-02 a       342     0    18     1     2
  1.2574182122349392E-01 a       343     0    18     1     3
 -2.4260005023264662E-02 a       344     0    18     1     4
  1.6079910684033080E-02 a       345     0    18     1     5
  1.8682975487150660E-01 a       346     0    18     1     6
  4.2329321098808333E-02 a       347     0    18     1     7
  2.1824855301922655E-01 a       348     0    18     1     8
 -2.5608065962803513E-02 a       349     0    18     1     9
  1.1410953401212398E-01 a       350     0    18     1    10
  8.7143904775000933E-02 a       351     0    18     1    11
 -6.7267664776030231E-02 a       352     0    18     1    12
  1.2307998500754914E-01 a       353     0    18     1    13
 -1.4121186833386182E-01 a       354     0    18     1    14
  8.7595152943174673E-02 a       355     0    18     1    15
  1.8600841819763861E-01 a       356     0    18     1    16
 -1.1648342115800599E-01 a       357     0    18     1    17
  1.0726734047613953E-01 a       358     0    18     1    18
  3.0696481053487251E-01 a       359     0    18     1    19
 -3.1992282772921732E-01 a       360     0    18     1    20
 -1.1056116325890422E-01 a       361     0    19     1     1
  1.4239673951794227E-01 a       362     0    19     1     2
  1.4129466992673237E-01 a       363     0    19     1     3
  3.7805521482177806E-01 a       364     0    19     1     4
  2.7189727859115853E-01 a       365     0    19     1     5
 -9.6583557643335857E-02 a       366     0    19     1     6
  1.7569511220224810E-02 a       367     0    19     1     7
  2.6958866998688052E-01 a       368     0    19     1     8
  1.1474954884020592E-02 a       369     0    19     1     9
 -1.2257145290695452E-01 a       370     0    19     1    10
  1.1489797640154464E-01 a       371     0    19     1    11
 -1.3971912030155498E-01 a       372     0    19     1    12
 -1.3496064601971156E-01 a       373     0    19     1    13
  2.2326874571394253E-01 a       374     0    19     1    14
 -5.0172047910784024E-03 a       375     0    19     1    15
  2.6582660062889973E-01 a       376     0    19     1    16
 -1.6499570246519293E-01 a       377     0    19     1    17
  5.2256258428144103E-02 a       378     0    19     1    18
  7.6859810458123998E-02 a       379     0    19     1    19
  3.0707225706422991E-01 a       380     0    19     1    20
 -2.8109222611966250E-01 a       381     0    20     1     1
  1.5222637609439146E-01 a       382     0    20     1     2
 -3.0846134218728949E-01 a       383     0    20     1     3
 -2.5710427202779979E-01 a       384     0    20     1     4
 -1.0362717701943981E-01 a       385     0    20     1     5
  1.6604592663525361E-01 a       386     0    20     1     6
 -2.4955686265544272E-01 a       387     0    20     1     7
 -2.5703173628314629E-01 a       388     0    20     1     8
 -2.9679712153748504E-02 a       389     0    20     1     9
  3.2615446437955686E-01 a       390     0    20     1    10
  1.7265756082203007E-01 a       391     0    20     1    11
 -3.5261742102684851E-01 a       392     0    20     1    12
 -2.5302210097883449E-01 a       393     0    20     1    13
  1.8357081616708212E-01 a       394     0    20     1    14
 -2.4827534363193283E-02 a       395     0    20     1    15
  1.6216478505450459E-02 a       396     0    20     1    16
  9.7670768522895898E-02 a       397     0    20     1    17
 -6.4151946606795129E-02 a       398     0    20     1    18
  1.0477227987324832E-01 a       399     0    20     1    19
 -1.6839591689314051E-02 a       400     0    20     1    20
  1.1097915407832552E-01 a       401     0    21     1     1
  9.8797682471695333E-02 a       402     0    21     1     2
  1.2760884438694137E-01 a       403     0    21     1     3
 -7.1784945105725737E-02 a       404     0    21     1     4
  5.8517002770433972E-02 a       405     0    21     1     5
  2.2270688618745188E-01 a       406     0    21     1     6
 -2.5034595793227976E-01 a       407     0    21     1     7
  1.9448279094149235E-01 a       408     0    21     1     8
  8.6010605797179340E-02 a       409     0    21     1     9
 -2.8256745513263532E-02 a       410     0    21     1    10
 -7.5268174989517433E-02 a       411     0    21     1    11
  8.5073973975761982E-02 a       412     0    21     1    12
 -5.5621580263132610E-02 a       413     0    21     1    13
 -1.2165757333526231E-01 a       414     0    21     1    14
 -1.0994120772592902E-01 a       415     0    21     1    15
  2.1532175769143768E-03 a       416     0    21     1    16
  1.2264411756274092E-01 a       417     0    21     1    17
  1.2165540841068335E-01 a       418     0    21     1    18
 -9.5785178903542489E-02 a       419     0    21     1    19
 -5.8902531930808827E-02 a       420     0    21     1    20
 -2.0876647725012804E-01 a       421     0    22     1     1
 -4.3602669989431721E-02 a       422     0    22     1     2
 -2.2894091877123696E-01 a       423     0    22     1     3
 -3.1775823753561161E-01 a       424     0    22     1     4
  7.4813964923715051E-03 a       425     0    22     1     5
 -2.5634126558629988E-01 a       426     0    22     1     6
  5.1643145151534127E-02 a       427     0    22     1     7
 -1.9137555108199336E-01 a       428     0    22     1     8
  2.2350758365060019E-02 a       429     0    22     1     9
  2.0388161439811878E-01 a       430     0    22     1    10
  2.9625447483480349E-01 a       431     0    22     1    11
  3.8416889573906474E-02 a       432     0    22     1    12
  1.2378914235705403E-01 a       433     0    22     1    13
 -3.0485900301534130E-01 a       434     0    22     1    14
 -1.8701665498565508E-02 a       435     0    22     1    15
 -6.6760916887274582E-03 a       436     0    22     1    16
 -1.9359839069767237E-02 a       437     0    22     1    17
 -3.4280307220857471E-04 a       438     0    22     1    18
  1.5892831705252838E-01 a       439     0    22     1    19
 -1.4525699756790117E-01 a       440     0    22     1    20
 -1.0382231460557108E-01 a       441     0    23     1     1
  1.0675882721555170E-01 a       442     0    23     1     2
 -1.7322467671239027E-02 a       443     0    23     1     3
 -1.4920022669518293E-01 a       444     0    23     1     4
 -2.3686295072776770E-02 a       445     0    23     1     5
  1.0781149647869291E-01 a       446     0    23     1     6
 -1.5139963368060108E-01 a       447     0    23     1     7
 -3.0468161794833443E-01 a       448     0    23     1     8
  1.0912426075605590E-01 a       449     0    23     1     9
  2.6864636445729506E-01 a       450     0    23     1    10
  2.7460789736026107E-02 a       451     0    23     1    11
  1.6883569047679441E-02 a       452     0    23     1    12
  1.8598684856819531E-01 a       453     0    23     1    13
  5.6575693274925815E-02 a       454     0    23     1    14
  5.7951679201187614E-02 a       455     0    23     1    15
 -1.8132404509093872E-01 a       456     0    23     1    16
 -5.8837739978222801E-02 a       457     0    23     1    17
  2.8814301356330413E-01 a       458     0    23     1    18
  2.1888112456032899E-01 a       459     0    23     1    19
 -1.1263600530508713E-01 a       460     0    23     1    20
 -2.9429584076075244E-01 a       461     0    24     1     1
  2.5422990812385051E-02 a       462     0    24     1     2
 -1.0690521859778306E-01 a       463     0    24     1     3
 -2.3016368538456525E-01 a       464     0    24     1     4
 -3.8787763764291400E-01 a       465     0    24     1     5
  2.7299364141906263E-01 a       466     0    24     1     6
  2.7948046651299235E-01 a       467     0    24     1     7
  2.1677816941179590E-01 a       468     0    24     1     8
 -1.0275754615480327E-01 a       469     0    24     1     9
  1.1877476255254601E-01 a       470     0    24     1    10
  2.0080267758728776E-01 a       471     0    24     1    11
  1.4548123909763364E-01 a       472     0    24     1    12
  9.9327599927809679E-02 a       473     0    24     1    13
  8.9563242172664245E-02 a       474     0    24     1    14
  1.1351831433404536E-01 a       475     0    24     1    15
 -6.2405821965441588E-02 a       476     0    24     1    16
 -1.0363203538407827E-01 a       477     0    24     1    17
 -1.2485820469971082E-01 a       478     0    24     1    18
  1.4018948707569102E-02 a       479     0    24     1    19
 -2.4764748965033695E-01 a       480     0    24     1    20
  2.5591285353998494E-01 a       481     0    25     1     1
  4.4358658616998677E-02 a       482     0    25     1     2
  7.6011390520448197E-02 a       483     0    25     1     3
  1.8361277635011281E-01 a       484     0    25     1     4
 -2.1748024932244439E-01 a       485     0    25     1     5
  2.3699812689971628E-01 a       486     0    25     1     6
  2.3889719244941657E-01 a       487     0    25     1     7
  2.4634586998258193E-01 a       488     0    25     1     8
 -1.2406203769517858E-02 a       489     0    25     1     9
 -1.3807699525080666E-01 a       490     0    25     1    10
 -1.1562779638879192E-01 a       491     0    25     1    11
 -2.6119928201185261E-01 a       492     0    25     1    12
 -2.8006350882855535E-01 a       493     0    25     1    13
 -2.7723448663530451E-02 a       494     0    25     1    14
  7.1533079712528008E-02 a       495     0    25     1    15
 -7.2690728740725042E-03 a       496     0    25     1    16
  2.3644254402066838E-02 a       497     0    25     1    17
  2.0521709482374870E-01 a       498     0    25     1    18
 -4.3390753098989883E-02 a       499     0    25     1    19
 -4.1056457636910834E-02 a       500     0    25     1    20
 -4.7086387860723923E-02 a       501     0    26     1     1
  8.4070882930644991E-02 a       502     0    26     1     2
  2.5745654079422059E-01 a       503     0    26     1     3
  2.8079574568002752E-01 a       504     0    26     1     4
 -1.2470172287637617E-01 a       505     0    26     1     5
  6.5473141644530622E-02 a       506     0    26     1     6
 -1.7313910143373018E-01 a       507     0    26     1     7
  9.4861278620211001E-02 a       508     0    26     1     8
 -1.0153711932721338E-01 a       509     0    26     1     9
 -1.0288646027630532E-01 a       510     0    26     1    10
  6.4544386626145339E-02 a       511     0    26     1    11
  3.4128510376698240E-01 a       512     0    26     1    12
 -1.2993333927716753E-02 a       513     0    26     1    13
  9.4738080410404296E-02 a       514     0    26     1    14
 -2.8328386277168202E-02 a       515     0    26     1    15
 -1.9253108163427285E-01 a       516     0    26     1    16
  1.4580137690143172E-01 a       517     0    26     1    17
  2.3305205972063897E-01 a       518     0    26     1    18
 -4.7736066725724044E-02 a       519     0    26     1    19
 -1.5061793583302754E-01 a       520     0    26     1    20
  2.7290380535048713E-02 a       521     0    27     1     1
 -1.5056884599742551E-01 a       522     0    27     1     2
  1.9813454767849535E-02 a       523     0    27     1     3
  1.6695232952493394E-01 a       524     0    27     1     4
  2.4441018547766760E-01 a       525     0    27     1     5
 -2.2903203809427064E-01 a       526     0    27     1     6
 -2.0208460009245938E-01 a       527     0    27     1     7
 -1.2948847860107091E-01 a       528     0    27     1     8
  9.3698663617708386E-02 a       529     0    27     1     9
 -1.1275305088239661E-01 a       530     0    27     1    10
 -1.5269051629440661E-01 a       531     0    27     1    11
  1.7425729735865356E-01 a       532     0    27     1    12
  1.8861310203780746E-01 a       533     0    27     1    13
 -3.0300174827421100E-01 a       534     0    27     1    14
 -2.6922199826476562E-02 a       535     0    27     1    15
 -8.7766324270145399E-02 a       536     0    27     1    16
 -8.0787098901237683E-02 a       537     0    27     1    17
  1.7429776277511011E-01 a       538     0    27     1    18
 -4.0728263176985142E-02 a       539     0    27     1    19
  2.3460438918613105E-01 a       540     0    27     1    20
 -2.6508852583528408E-01 a       541     0    28     1     1
 -8.6553089723797813E-02 a       542     0    28     1     2
  1.2361044931948102E-01 a       543     0    28     1     3
 -8.3864242434388420E-02 a       544     0    28     1     4
  3.1177333746681007E-02 a       545     0    28     1     5
  2.1838791734872604E-01 a       546     0    28     1     6
 -1.8944737711081508E-01 a       547     0    28     1     7
 -5.9198921515379232E-03 a       548     0    28     1     8
  5.5351165632942727E-02 a       549     0    28     1     9
  1.2405605102202720E-02 a       550     0    28     1    10
  1.4112310348061413E-01 a       551     0    28     1    11
 -2.2746173503454081E-01 a       552     0    28     1    12
  2.1998684999251514E-01 a       553     0    28     1    13
 -1.3391868734242218E-01 a       554     0    28     1    14
 -6.0303258294779484E-02 a       555     0    28     1    15
 -7.4604807401645906E-02 a       556     0    28     1    16
 -8.1840219157712182E-02 a       557     0    28     1    17
  3.3368385965258646E-01 a       558     0    28     1    18
 -3.6827282420299318E-01 a       559     0    28     1    19
 -8.5002517645927769E-02 a       560     0    28     1    20
  1.2665420379521061E-01 a       561     0    29     1     1
  1.4482638118590771E-01 a       562     0    29     1     2
 -2.0605461303059840E-02 a       563     0    29     1     3
 -2.9908670048142855E-01 a       564     0    29     1     4
 -1.1160407235652212E-01 a       565     0    29     1     5
  1.7283459216077421E-01 a       566     0    29     1     6
 -2.1054705067982818E-01 a       567     0    29     1     7
 -3.6139734292762232E-01 a       568     0    29     1     8
  1.8838847740218148E-01 a       569     0    29     1     9
  1.5818511312799638E-01 a       570     0    29     1    10
 -1.6625789703271604E-01 a       571     0    29     1    11
  1.5751142843739005E-01 a       572     0    29     1    12
 -5.5297419474057440E-02 a       573     0    29     1    13
  2.1208558728951771E-01 a       574     0    29     1    14
 -9.2805711187754644E-02 a       575     0    29     1    15
  5.6607840710926130E-02 a       576     0    29     1    16
 -1.0162756250655978E-01 a       577     0    29     1    17
 -2.0417213606588833E-01 a       578     0    29     1    18
  2.3550022767654016E-01 a       579     0    29     1    19
  1.7218010632724165E-01 a       580     0    29     1    20
  1.6028285616186344E-01 a       581     0    30     1     1
 -2.3585744613125872E-01 a       582     0    30     1     2
  1.4295549194224241E-01 a       583     0    30     1     3
  1.0097581035535209E-01 a       584     0    30     1     4
  1.4239505036022398E-01 a       585     0    30     1     5
 -1.4903385515235474E-02 a       586     0    30     1     6
  1.1462566636190127E-01 a       587     0    30     1     7
 -5.3223976436427005E-02 a       588     0    30     1     8
 -8.2973797937806085E-02 a       589     0    30     1     9
  4.7025459872220572E-02 a       590     0    30     1    10
 -5.9309615944872267E-02 a       591     0    30     1    11
  1.7850002047629737E-01 a       592     0    30     1    12
  1.1647008507810390E-03 a       593     0    30     1    13
  1.6430445853397268E-02 a       594     0    30     1    14
  3.5062219462131533E-02 a       595     0    30     1    15
 -4.9281373850519762E-02 a       596     0    30     1    16
  1.1905733264651389E-01 a       597     0    30     1    17
  7.8864105296322942E-02 a       598     0    30     1    18
 -2.7386344506005633E-01 a       599     0    30     1    19
 -7.2118782720301269E-02 a       600     0    30     1    20
 -1.6927502115193613E-01 a       601     0    31     1     1
 -3.9647891550879513E-02 a       602     0    31     1     2
  3.6810707570873591E-01 a       603     0    31     1     3
  1.9740991247136899E-01 a       604     0    31     1     4
 -2.0913161647358644E-01 a       605     0    31     1     5
 -3.6263436117230333E-02 a       606     0    31     1     6
 -1.9814770997306874E-01 a       607     0    31     1     7
 -2.6866085167083287E-01 a       608     0    31     1     8
 -2.4797873924782229E-03 a       609     0    31     1     9
 -1.5144400797124180E-01 a       610     0    31     1    10
 -8.7378640416137104E-02 a       611     0    31     1    11
 -1.0199286431740730E-01 a       612     0    31     1    12
  1.5930504853404287E-01 a       613     0    31     1    13
  1.9931796625688580E-01 a       614     0    31     1    14
 -3.0618014249981884E-01 a       615     0    31     1    15
  2.8949714831635553E-02 a       616     0    31     1    16
  1.4554385742833445E-01 a       617     0    31     1    17
 -1.3738826993838205E-01 a       618     0    31     1    18
 -2.6907496976617418E-01 a       619     0    31     1    19
 -1.2001510012472413E-01 a       620     0    31     1    20
 -1.0742225740894304E-01 a       621     0    32     1     1
  1.6815326158235621E-02 a       622     0    32     1     2
 -1.7267238178115618E-01 a       623     0    32     1     3
 -2.8470550969207742E-01 a       624     0    32     1     4
  3.0745780836052450E-01 a       625     0    32     1     5
  2.0194968692309689E-01 a       626     0    32     1     6
 -2.7688677560335889E-01 a       627     0    32     1     7
 -2.6199059410184300E-01 a       628     0    32     1     8
  1.2722642833892459E-01 a       629     0    32     1     9
 -5.1993465812029500E-03 a       630     0    32     1    10
  1.6810542091276727E-02 a       631     0    32     1    11
  9.7955609495261428E-02 a       632     0    32     1    12
 -4.4730680099326556E-02 a       633     0    32     1    13
 -2.0043370845670824E-01 a       634     0    32     1    14
 -3.1473818631953969E-02 a       635     0    32     1    15
 -1.7997423026902248E-01 a       636     0    32     1    16
  1.7823177607575463E-01 a       637     0    32     1    17
  3.4664714267243421E-02 a       638     0    32     1    18
 -1.2122418424691438E-01 a       639     0    32     1    19
 -1.3987480551481470E-02 a       640     0    32     1    20
  3.7976810308906522E-01 a       641     0    33     1     1
 -2.6630547541358952E-02 a       642     0    33     1     2
  3.2807749048289520E-01 a       643     0    33     1     3
  3.3212691831163604E-01 a       644     0    33     1     4
 -2.7786003384453828E-01 a       645     0    33     1     5
 -8.7157903256750408E-02 a       646     0    33     1     6
  1.3321984180999222E-01 a       647     0    33     1     7
  1.0985820306995128E-01 a       648     0    33     1     8
 -2.6602603511193101E-01 a       649     0    33     1     9
 -2.6332109570150791E-01 a       650     0    33     1    10
 -2.5205538913513351E-02 a       651     0    33     1    11
 -3.2210523849299177E-01 a       652     0    33     1    12
 -3.4429063323976566E-01 a       653     0    33     1    13
  1.9689020659240947E-01 a       654     0    33     1    14
 -6.2180756606415526E-02 a       655     0    33     1    15
  1.3864684588211226E-01 a       656     0    33     1    16
  9.0345746755207387E-02 a       657     0    33     1    17
  2.2924169710781671E-02 a       658     0    33     1    18
 -1.6265295304391969E-01 a       659     0    33     1    19
 -5.1892374507398246E-02 a       660     0    33     1    20
 -3.3168963311893412E-01 a       661     0    34     1     1
  1.8475427671275860E-01 a       662     0    34     1     2
  1.5770342106308102E-01 a       663     0    34     1     3
  3.1023899660039855E-01 a       664     0    34     1     4
  2.6258097047969797E-01 a       665     0    34     1     5
 -2.3674677109713008E-01 a       666     0    34     1     6
 -5.2918599544806322E-02 a       667     0    34     1     7
  3.5150530694523396E-01 a       668     0    34     1     8
  2.0860415001813329E-01 a       669     0    34     1     9
 -2.3411939873804186E-01 a       670     0    34     1    10
 -6.6821222621655574E-02 a       671     0    34     1    11
  3.8529009420345470E-02 a       672     0    34     1    12
  9.3775013235146989E-02 a       673     0    34     1    13
 -1.6797355977111086E-01 a       674     0    34     1    14
 -2.1155991612482936E-01 a       675     0    34     1    15
 -2.8615362180994991E-01 a       676     0    34     1    16
 -6.4648582519214709E-02 a       677     0    34     1    17
 -9.5372664789676667E-03 a       678     0    34     1    18
  1.6616423757075105E-01 a       679     0    34     1    19
  2.9155836286695097E-01 a       680     0    34     1    20
 -9.1709259051398026E-02 a       681     0    35     1     1
 -2.0572661698111636E-01 a       682     0    35     1     2
 -7.4754375438158119E-02 a       683     0    35     1     3
  1.5379836248352968E-02 a       684     0    35     1     4
  1.4055003456932288E-01 a       685     0    35     1     5
 -2.6562412668221030E-01 a       686     0    35     1     6
 -1.5993886924051381E-01 a       687     0    35     1     7
  1.9225278994865350E-01 a       688     0    35     1     8
  5.2238553186316622E-03 a       689     0    35     1     9
  9.7194936500972468E-02 a       690     0    35     1    10
  5.2912075894017363E-02 a       691     0    35     1    11
 -3.1968538283188896E-01 a       692     0    35     1    12
  1.4539953827672766E-01 a       693     0    35     1    13
  4.1826350838619568E-02 a       694     0    35     1    14
  1.8151823121839988E-01 a       695     0    35     1    15
 -2.5980484350340993E-01 a       696     0    35     1    16
 -3.6333069215945007E-01 a       697     0    35     1    17
  1.2323167615930677E-01 a       698     0    35     1    18
 -4.1051778704943293E-01 a       699     0    35     1    19
  3.1245126533081097E-01 a       700     0    35     1    20
  1.8651245611977577E-01 a       701     0    36     1     1
 -3.0399606204067486E-01 a       702     0    36     1     2
  1.8433088212311047E-01 a       703     0    36     1     3
  4.1086057457048672E-02 a       704     0    36     1     4
  2.0851742913599317E-01 a       705     0    36     1     5
 -1.0171587761685745E-02 a       706     0    36     1     6
  2.0181731252434940E-01 a       707     0    36     1     7
  1.6870045928021782E-01 a       708     0    36     1     8
 -1.4656853645616133E-01 a       709     0    36     1     9
  1.6042489052241760E-01 a       710     0    36     1    10
  4.6087652534329110E-01 a       711     0    36     1    11
  3.8749788951141856E-01 a       712     0    36     1    12
 -2.3863213321971299E-01 a       713     0    36     1    13
 -1.1470926299577976E-01 a       714     0    36     1    14
  3.9045126339432840E-01 a       715     0    36     1    15
 -3.7926838092498506E-02 a       716     0    36     1    16
 -3.0476168547616361E-01 a       717     0    36     1    17
  1.9146426080326689E-01 a       718     0    36     1    18
  1.2165783364658024E-01 a       719     0    36     1    19
  1.9052535848857485E-01 a       720     0    36     1    20
 -2.9117424343287890E-01 a       721     0    37     1     1
  3.3428636795815947E-01 a       722     0    37     1     2
 -1.9994674201538473E-01 a       723     0    37     1     3
  1.3234468537943431E-01 a       724     0    37     1     4
  1.2839044495346594E-01 a       725     0    37     1     5
 -2.8624032225030982E-01 a       726     0    37     1     6
 -1.6397057668913148E-01 a       727     0    37     1     7
 -1.4199935766967201E-01 a       728     0    37     1     8
 -4.9256684502109870E-02 a       729     0    37     1     9
  1.3295065187179692E-01 a       730     0    37     1    10
 -2.2712348214862171E-01 a       731     0    37     1    11
 -2.8926610056549745E-01 a       732     0    37     1    12
  7.8292920959823584E-02 a       733     0    37     1    13
 -1.5923078033647217E-01 a       734     0    37     1    14
  2.1957967505257231E-01 a       735     0    37     1    15
 -8.0585211659807948E-02 a       736     0    37     1    16
  1.1190139609350955E-01 a       737     0    37     1    17
 -7.1977846206543669E-02 a       738     0    37     1    18
  1.9054795738890734E-01 a       739     0    37     1    19
  1.4412737718437521E-01 a       740     0    37     1    20
  3.6018234439214009E-01 a       741     0    38     1     1
  2.3681478615552284E-01 a       742     0    38     1     2
 -2.0762479670375070E-01 a       743     0    38     1     3
  2.4811180073369306E-02 a       744     0    38     1     4
 -2.5939796750167304E-01 a       745     0    38     1     5
 -1.1972632987220595E-01 a       746     0    38     1     6
  1.4689060830738801E-01 a       747     0    38     1     7
 -4.4608903418492142E-02 a       748     0    38     1     8
  2.2714067031376833E-01 a       749     0    38     1     9
 -1.9203701797202194E-01 a       750     0    38     1    10
  6.1912581160928279E-02 a       751     0    38     1    11
 -7.3420594655309646E-02 a       752     0    38     1    12
 -2.7908723907833738E-01 a       753     0    38     1    13
 -8.4870965090784026E-02 a       754     0    38     1    14
 -4.4490956780521618E-02 a       755     0    38     1    15
 -1.0131969851708804E-01 a       756     0    38     1    16
 -1.2110286021226668E-01 a       757     0    38     1    17
 -8.3371763934988657E-02 a       758     0    38     1    18
  2.2543490875599473E-01 a       759     0    38     1    19
  2.2868903899265369E-01 a       760     0    38     1    20
 -3.5587360247204108E-01 a       761     0    39     1     1
 -3.6781952965003295E-01 a       762     0    39     1     2
 -2.0344188906641587E-02 a       763     0    39     1     3
  2.1873757296745195E-02 a       764     0    39     1     4
 -3.6014413890104874E-01 a       765     0    39     1     5
 -2.2943019266656661E-01 a       766     0    39     1     6
  1.5587016967788206E-01 a       767     0    39     1     7
 -2.0086934380644667E-01 a       768     0    39     1     8
 -9.0632863731490682E-02 a       769     0    39     1     9
  1.8958625416729494E-01 a       770     0    39     1    10
  3.4194366856202707E-01 a       771     0    39     1    11
  3.0323938852371074E-01 a       772     0    39     1    12
  4.8441642871325775E-02 a       773     0    39     1    13
 -2.9989626227586701E-03 a       774     0    39     1    14
  1.5871113469127041E-01 a       775     0    39     1    15
 -2.7513980725163650E-01 a       776     0    39     1    16
 -6.4065833887064022E-02 a       777     0    39     1    17
  1.5523717969949330E-01 a       778     0    39     1    18
  6.2508707138214503E-03 a       779     0    39     1    19
 -1.5046929969458698E-02 a       780     0    39     1    20
  1.8693790883786987E-01 a       781     0    40     1     1
  2.3486460228191736E-01 a       782     0    40     1     2
  1.3094506558530788E-01 a       783     0    40     1     3
  1.5796148473254553E-02 a       784     0    40     1     4
 -2.2476185879645910E-01 a       785     0    40     1     5
 -5.4256105224447848E-02 a       786     0    40     1     6
 -1.9955634328544666E-01 a       787     0    40     1     7
 -5.9153095175264549E-02 a       788     0    40     1     8
  1.1643870775431361E-01 a       789     0    40     1     9
 -1.6437260348880828E-01 a       790     0    40     1    10
  9.6331698254584111E-02 a       791     0    40     1    11
 -3.1989988134225483E-01 a       792     0    40     1    12
 -4.7089384661239081E-01 a       793     0    40     1    13
  1.3831744852572303E-01 a       794     0    40     1    14
 -1.4988833453983938E-01 a       795     0    40     1    15
  4.1298877696342728E-01 a       796     0    40     1    16
  1.5597484979308585E-01 a       797     0    40     1    17
 -2.1988607231378066E-02 a       798     0    40     1    18
 -1.4245476749807320E-01 a       799     0    40     1    19
  1.9173395423971931E-01 a       800     0    40     1    20
 -1.7238246535975374E-01 a       801     0    41     1     1
  9.7660690836967198E-02 a       802     0    41     1     2
 -2.0470410725739752E-01 a       803     0    41     1     3
  1.4098324291759784E-01 a       804     0    41     1     4
 -3.2639584559755802E-01 a       805     0    41     1     5
  3.0150984682826859E-01 a       806     0    41     1     6
  1.3599343127857291E-01 a       807     0    41     1     7
 -1.4284730111716085E-01 a       808     0    41     1     8
  7.6030652580141031E-03 a       809     0    41     1     9
  1.6176822811334379E-01 a       810     0    41     1    10
  1.1442919412587613E-01 a       811     0    41     1    11
 -9.3855908493664361E-02 a       812     0    41     1    12
 -2.8279683692490160E-01 a       813     0    41     1    13
 -8.1892411326461315E-02 a       814     0    41     1    14
  3.5541625666571888E-02 a       815     0    41     1    15
 -1.2342473052185127E-01 a       816     0    41     1    16
 -5.4720444348507598E-02 a       817     0    41     1    17
  3.2675699461302127E-01 a       818     0    41     1    18
 -2.3363311554427779E-02 a       819     0    41     1    19
  5.7125226507581207E-02 a       820     0    41     1    20
  6.9589511311018218E-02 a       821     0    42     1     1
 -7.7394561788285854E-02 a       822     0    42     1     2
  2.7019167602602806E-01 a       823     0    42     1     3
  1.0672688164168877E-01 a       824     0    42     1     4
  3.7191616167129948E-01 a       825     0    42     1     5
 -2.4921909496699149E-01 a       826     0    42     1     6
 -3.7769544319208766E-02 a       827     0    42     1     7
  2.1295533277836984E-01 a       828     0    42     1     8
  2.4413119163422051E-02 a       829     0    42     1     9
 -6.5766197895978901E-02 a       830     0    42     1    10
 -9.1023769489133738E-02 a       831     0    42     1    11
  5.9346678837030625E-02 a       832     0    42     1    12
  3.8170848662580742E-01 a       833     0    42     1    13
  5.3758341217027800E-02 a       834     0    42     1    14
 -5.4067940352100965E-03 a       835     0    42     1    15
  2.7974415358665716E-01 a       836     0    42     1    16
 -6.5008138934309401E-02 a       837     0    42     1    17
  1.2737964187457285E-01 a       838     0    42     1    18
  2.1987686546031868E-01 a       839     0    42     1    19
 -1.2471963204211273E-01 a       840     0    42     1    20
  9.7368286694536857E-02 a       841     0    43     1     1
  1.2261711960051248E-01 a       842     0    43     1     2
 -3.0998640688443716E-02 a       843     0    43     1     3
  3.6958916274038717E-02 a       844     0    43     1     4
 -1.0306523864484540E-01 a       845     0    43     1     5
 -2.8190474188398436E-02 a       846     0    43     1     6
  1.0189865552392144E-01 a       847     0    43     1     7
  3.5412524724773416E-02 a       848     0    43     1     8
  6.4758760554065847E-02 a       849     0    43     1     9
 -1.0035694301759075E-01 a       850     0    43     1    10
  1.9754410641527369E-02 a       851     0    43     1    11
 -1.4085114718749364E-01 a       852     0    43     1    12
  7.4243304844434740E-02 a       853     0    43     1    13
  2.2259482021758079E-01 a       854     0    43     1    14
 -1.0407314476488495E-01 a       855     0    43     1    15
 -5.1445831144472813E-02 a       856     0    43     1    16
 -8.4658027241011416E-02 a       857     0    43     1    17
 -3.4151279556534314E-01 a       858     0    43     1    18
 -1.3252740839723057E-01 a       859     0    43     1    19
 -1.0414520752119173E-01 a       860     0    43     1    20
  2.1330754268459295E-01 a       861     0    44     1     1
 -9.1592979037275965E-02 a       862     0    44     1     2
 -2.1823191046381332E-01 a       863     0    44     1     3
 -1.4496277699126592E-01 a       864     0    44     1     4
  2.4120917589642250E-02 a       865     0    44     1     5
  1.6531110797889279E-01 a       866     0    44     1     6
 -2.2061167709762800E-01 a       867     0    44     1     7
 -1.2336141495114589E-01 a       868     0    44     1     8
 -1.1371674812333751E-02 a       869     0    44     1     9
  3.4322013539440560E-01 a       870     0    44     1    10
 -1.6001570551319386E-01 a       871     0    44     1    11
  3.9845586594688349E-02 a       872     0    44     1    12
 -1.3782115559615365E-01 a       873     0    44     1    13
  2.3994894879655421E-01 a       874     0    44     1    14
  2.1797500231351880E-02 a       875     0    44     1    15
 -2.6934506784553634E-02 a       876     0    44     1    16
 -5.3400082563243309E-03 a       877     0    44     1    17
 -3.1006592853868562E-02 a       878     0    44     1    18
 -5.2184162143497108E-03 a       879     0    44     1    19
 -2.8491035557362299E-01 a       880     0    44     1    20
 -2.6461640342369086E-01 a       881     0    45     1     1
  1.5256809129941934E-01 a       882     0    45     1     2
 -3.1666880568734718E-01 a       883     0    45     1     3
  3.4209530404043599E-02 a       884     0    45     1     4
 -1.3913081531461746E-01 a       885     0    45     1     5
 -2.8082114406841169E-01 a       886     0    45     1     6
  2.9463905894815842E-02 a       887     0    45     1     7
  1.6142711286910627E-01 a       888     0    45     1     8
  6.4827306555711645E-02 a       889     0    45     1     9
  2.6901710867021865E-03 a       890     0    45     1    10
 -1.3915977353468106E-01 a       891     0    45     1    11
 -3.3153088573975642E-02 a       892     0    45     1    12
  2.8043462024225357E-01 a       893     0    45     1    13
  2.0807233070160611E-01 a       894     0    45     1    14
 -1.4559975444562967E-02 a       895     0    45     1    15
  1.7312481374104002E-01 a       896     0    45     1    16
 -5.4870023675928747E-02 a       897     0    45     1    17
  2.3489958577363781E-01 a       898     0    45     1    18
 -2.6358771324647124E-04 a       899     0    45     1    19
 -1.1127682373305949E-01 a       900     0    45     1    20
 -2.3077290944231520E-02 a       901     0    46     1     1
  1.3747610138048982E-01 a       902     0    46     1     2
  1.5687079543471671E-01 a       903     0    46     1     3
  7.8531855643283410E-02 a       904     0    46     1     4
 -1.5842114989700537E-01 a       905     0    46     1     5
  3.1720267077586566E-02 a       906     0    46     1     6
  1.6035372158786379E-01 a       907     0    46     1     7
  2.9041806058626229E-01 a       908     0    46     1     8
  8.1922483727298989E-02 a       909     0    46     1     9
 -3.0255903379346888E-01 a       910     0    46     1    10
 -2.1423646724824094E-02 a       911     0    46     1    11
  2.1020920054089207E-01 a       912     0    46     1    12
  2.7736395319567325E-01 a       913     0    46     1    13
  5.9253352526944990E-02 a       914     0    46     1    14
 -1.1594840737048110E-02 a       915     0    46     1    15
 -2.0140548915789711E-01 a       916     0    46     1    16
  6.7022810358717627E-02 a       917     0    46     1    17
  2.0847032625001902E-01 a       918     0    46     1    18
 -4.3070713779540504E-01 a       919     0    46     1    19
 -2.6168008419952338E-01 a       920     0    46     1    20
  2.3023695849253237E-01 a       921     0    47     1     1
 -2.7456104784281454E-01 a       922     0    47     1     2
 -3.4755636259067285E-01 a       923     0    47     1     3
 -5.1646374150651785E-02 a       924     0    47     1     4
  5.6446593404058401E-02 a       925     0    47     1     5
  6.7948194877881958E-03 a       926     0    47     1     6
  9.8468671588090043E-02 a       927     0    47     1     7
  8.5358424251811379E-02 a       928     0    47     1     8
 -3.4802613177371650E-01 a       929     0    47     1     9
  1.5429120936560475E-01 a       930     0    47     1    10
 -3.4631948557916709E-02 a       931     0    47     1    11
 -1.3904615744613495E-02 a       932     0    47     1    12
  5.8430885730136745E-02 a       933     0    47     1    13
  1.7581473578116866E-01 a       934     0    47     1    14
 -1.0472778516921440E-01 a       935     0    47     1    15
  3.6601018370373534E-01 a       936     0    47     1    16
  2.8750416803151330E-01 a       937     0    47     1    17
 -2.3879249675162101E-01 a       938     0    47     1    18
  3.1390463099656811E-03 a       939     0    47     1    19
 -2.1429541524685337E-02 a       940     0    47     1    20
 -9.4886559025651226E-02 a       941     0    48     1     1
 -2.1383617894793658E-01 a       942     0    48     1     2
 -2.4002922143517877E-01 a       943     0    48     1     3
 -2.8828667053338081E-01 a       944     0    48     1     4
  1.8484561298984961E-01 a       945     0    48     1     5
 -1.6296383539697137E-01 a       946     0    48     1     6
  1.5277093856403604E-01 a       947     0    48     1     7
  1.7788174338775090E-01 a       948     0    48     1     8
  5.3678748954981315E-02 a       949     0    48     1     9
  2.1516630109738633E-01 a       950     0    48     1    10
 -8.2647821125386559E-02 a       951     0    48     1    11
  3.0915213753571680E-01 a       952     0    48     1    12
 -1.6069108627730114E-01 a       953     0    48     1    13
 -4.6713239879223226E-02 a       954     0    48     1    14
  6.8560735505797277E-02 a       955     0    48     1    15
 -2.3683151360314247E-01 a       956     0    48     1    16
 -1.4232956031487148E-01 a       957     0    48     1    17
  1.9614152162289269E-01 a       958     0    48     1    18
  2.5853659849683136E-01 a       959     0    48     1    19
  2.2416880173730966E-01 a       960     0    48     1    20
  1.2686528642441236E-01 a       961     0    49     1     1
  2.0086500384748293E-01 a       962     0    49     1     2
  7.4431898102449032E-02 a       963     0    49     1     3
  3.7567686895424929E-01 a       964     0    49     1     4
 -5.0091272642342095E-02 a       965     0    49     1     5
  1.2629937011998041E-01 a       966     0    49     1     6
 -1.1653820814914860E-01 a       967     0    49     1     7
 -8.8486136139709931E-02 a       968     0    49     1     8
 -1.0004035898748845E-01 a       969     0    49     1     9
 -1.9273980484800704E-01 a       970     0    49     1    10
  1.2830826000317672E-01 a       971     0    49     1    11
  1.6205196631968233E-02 a       972     0    49     1    12
 -2.0408672166440509E-01 a       973     0    49     1    13
  8.3639941814758506E-02 a       974     0    49     1    14
 -1.2908828817907076E-02 a       975     0    49     1    15
  1.7350885967752835E-01 a       976     0    49     1    16
  8.9826062923181349E-02 a       977     0    49     1    17
  7.6928332009058478E-02 a       978     0    49     1    18
 -2.3330786219257454E-01 a       979     0    49     1    19
 -4.6389660856759204E-02 a       980     0    49     1    20
  2.7296657100786037E-01 a       981     0    50     1     1
 -1.4053336330280147E-01 a       982     0    50     1     2
  9.7755094826038461E-02 a       983     0    50     1     3
 -2.5811884218229442E-01 a       984     0    50     1     4
  1.9231532912902943E-01 a       985     0    50     1     5
  1.4463707013737589E-01 a       986     0    50     1     6
  2.8806213147995746E-01 a       987     0    50     1     7
 -3.7659290656251693E-01 a       988     0    50     1     8
 -1.3790839730737564E-01 a       989     0    50     1     9
 -1.1167151317447518E-01 a       990     0    50     1    10
 -1.9454439471389673E-01 a       991     0    50     1    11
 -2.3272374050559272E-01 a       992     0    50     1    12
  1.1770091476919438E-01 a       993     0    50     1    13
 -1.9995298198014513E-01 a       994     0    50     1    14
  1.2780844993554518E-03 a       995     0    50     1    15
 -1.8310114787683276E-01 a       996     0    50     1    16
  1.3059030624197934E-01 a       997     0    50     1    17
 -2.4388103356305674E-01 a       998     0    50     1    18
  2.7579711035208160E-01 a       999     0    50     1    19
  1.6487851244595533E-01 a      1000     0    50     1    20
  9.5306707432554749E-01 b      1001     1     1
  2.6544861389081808E-02 b      1002     1     2
  9.1025480716025631E-01 b      1003     1     3
  1.3694171611678549E+00 b      1004     1     4
 -1.3972563249632091E+00 b      1005     1     5
  1.0556983413702798E+00 b      1006     1     6
 -1.4995416073092152E+00 b      1007     1     7
  3.4749928774577271E-01 b      1008     1     8
  3.2582488197863752E-01 b      1009     1     9
  7.9950330628349531E-01 b      1010     1    10
  2.6160105127578248E-01 b      1011     1    11
  1.6410860584251057E+00 b      1012     1    12
 -3.7869128542258684E-01 b      1013     1    13
 -1.4153268664169005E+00 b      1014     1    14
 -8.4216592996901030E-01 b      1015     1    15
  1.3338982530425010E+00 b      1016     1    16
 -6.0716868891857112E-01 b      1017     1    17
 -1.0341591666225962E+00 b      1018     1    18
  8.8477663805949947E-01 b      1019     1    19
 -5.6477550763253337E-02 b      1020     1    20
 -8.6463080297192324E-02 a      1021     1     1     2     1
  5.1520657977183604E-01 a      1022     1     1     2     2
  1.0594143038819585E-01 a      1023     1     1     2     3
  3.6987468114816696E-01 a      1024     1     1     2     4
  2.3254749957613269E-01 a      1025     1     1     2     5
  2.4264528375963593E-01 a      1026     1     1     2     6
  4.2864011362307108E-01 a      1027     1     1     2     7
 -2.8083972010104541E-01 a      1028     1     1     2     8
  3.5071697942847574E-01 a      1029     1     1     2     9
  5.5379676996415127E-02 a      1030     1     1     2    10
 -4.4607549667726598E-01 a      1031     1     1     2    11
  1.3081032982798410E-01 a      1032     1     1     2    12
 -2.7336951530702253E-01 a      1033     1     1     2    13
  5.3447588969362392E-01 a      1034     1     1     2    14
 -6.3606429556537680E-01 a      1035     1     1     2    15
 -1.2987869602098925E-01 a      1036     1     1     2    16
 -2.8738406842159769E-01 a      1037     1     1     2    17
  6.0539645039070955E-01 a      1038     1     1     2    18
 -5.7336022508397833E-01 a      1039     1     1     2    19
  3.1073513781391754E-01 a      1040     1     1     2    20
  5.1626206962214649E-01 a      1041     1     2     2     1
  2.2188071542032892E-01 a      1042     1     2     2     2
 -1.3734168337085506E-01 a      1043     1     2     2     3
  4.5026906904664671E-01 a      1044     1     2     2     4
  3.5241380685269103E-01 a      1045     1     2     2     5
  5.4664390275079777E-01 a      1046     1     2     2     6
  1.0603346108468195E-01 a      1047     1     2     2     7
 -2.0039263504115484E-01 a      1048     1     2     2     8
  4.4107383869574031E-02 a      1049     1     2     2     9
 -6.7119898092013075E-01 a      1050     1     2     2    10
  4.2492376252539110E-01 a      1051     1     2     2    11
 -4.1442215666968962E-01 a      1052     1     2     2    12
 -2.3875326016694889E-01 a      1053     1     2     2    13
  4.8360533869367200E-02 a      1054     1     2     2    14
 -4.2498363752574381E-01 a      1055     1     2     2    15
  5.7186632986823360E-01 a      1056     1     2     2    16
 -4.3177029245931919E-01 a      1057     1     2     2    17
  1.4007352233218509E-01 a      1058     1     2     2    18
  5.4917784253402113E-01 a      1059     1     2     2    19
 -5.6764164405528439E-01 a      1060     1     2     2    20
 -5.1389230473538083E-01 a      1061     1     3     2     1
 -2.5445195579455221E-01 a      1062     1     3     2     2
  1.9493424481881788E-01 a      1063     1     3     2     3
  1.0843393808475045E-01 a      1064     1     3     2     4
  2.7989325710530022E-01 a      1065     1     3     2     5
 -3.1581049799327526E-01 a      1066     1     3     2     6
 -5.5806457356942274E-01 a      1067     1     3     2     7
 -6.4831110566080541E-01 a      1068     1     3     2     8
 -6.5994047616157314E-01 a      1069     1     3     2     9
 -2.0141881837253447E-01 a      1070     1     3     2    10
  3.8268297971153792E-01 a      1071     1     3     2    11
 -1.9661689345136027E-01 a      1072     1     3     2    12
  1.5712792578750945E-01 a      1073     1     3     2    13
 -5.0009104463918475E-01 a      1074     1     3     2    14
  6.1044329272125830E-01 a      1075     1     3     2    15
 -4.7882845513815941E-01 a      1076     1     3     2    16
 -4.1822246238169181E-01 a      1077     1     3     2    17
  7.8921190045901080E-01 a      1078     1     3     2    18
 -7.6560068927370536E-02 a      1079     1     3     2    19
 -4.9919912602829852E-01 a      1080     1     3     2    20
  2.7917956884618339E-01 a      1081     1     4     2     1
  3.4005331234393210E-01 a      1082     1     4     2     2
  1.2410318812272589E-01 a      1083     1     4     2     3
 -3.0733839590356532E-01 a      1084     1     4     2     4
  2.5453501445913990E-01 a      1085     1     4     2     5
  4.8922004508337036E-01 a      1086     1     4     2     6
  4.8679569185727306E-01 a      1087     1     4     2     7
  3.4243213101912107E-01 a      1088     1     4     2     8
 -5.7652010453503189E-01 a      1089     1     4     2     9
 -1.3825463228657639E-01 a      1090     1     4     2    10
 -4.7469501680966197E-01 a      1091     1     4     2    11
 -1.2573817850691271E-01 a      1092     1     4     2    12
 -3.7456926807617175E-01 a      1093     1     4     2    13
  4.2898146727305719E-01 a      1094     1     4     2    14
  2.1481220889895829E-02 a      1095     1     4     2    15
  2.9045397014765689E-01 a      1096     1     4     2    16
  1.1042010382890467E-01 a      1097     1     4     2    17
 -4.4210904434909015E-01 a      1098     1     4     2    18
 -4.7539098759366250E-01 a      1099     1     4     2    19
 -3.5073043335336812E-01 a      1100     1     4     2    20
  1.4293746277717384E-01 a      1101     1     5     2     1
 -3.6763432769810001E-01 a      1102     1     5     2     2
  5.9559953775145613E-01 a      1103     1     5     2     3
 -1.2817849778467982E-01 a      1104     1     5     2     4
  1.8245004110211807E-01 a      1105     1     5     2     5
 -4.1688161805763663E-01 a      1106     1     5     2     6
 -3.2163018091357298E-01 a      1107     1     5     2     7
 -2.2585851597578652E-01 a      1108     1     5     2     8
  2.9776216885254797E-01 a      1109     1     5     2     9
  7.6260927926484834E-03 a      1110     1     5     2    10
  1.1863993709696979E-01 a      1111     1     5     2    11
 -5.0189084160883213E-01 a      1112     1     5     2    12
 -4.9860588630529934E-01 a      1113     1     5     2    13
 -3.9099690818178534E-01 a      1114     1     5     2    14
  4.8027464068337977E-01 a      1115     1     5     2    15
 -4.6743827809688825E-02 a      1116     1     5     2    16
  2.1935194882040487E-01 a      1117     1     5     2    17
 -3.4875075146548346E-01 a      1118     1     5     2    18
  5.6737505470459693E-01 a      1119     1     5     2    19
 -2.0966054037336124E-01 a      1120     1     5     2    20
  3.7992736753314588E-01 a      1121     1     6     2     1
 -2.5087507250257046E-01 a      1122     1     6     2     2
 -6.7864750151029452E-01 a      1123     1     6     2     3
 -2.5364733699783881E-01 a      1124     1     6     2     4
 -5.1736748529172927E-02 a      1125     1     6     2     5
 -2.1364181403517216E-01 a      1126     1     6     2     6
  1.4480960585547661E-01 a      1127     1     6     2     7
  3.7216838140902536E-01 a      1128     1     6     2     8
  4.6176834744025042E-01 a      1129     1     6     2     9
 -4.6176565845169998E-01 a      1130     1     6     2    10
 -7.4527577162765507E-02 a      1131     1     6     2    11
 -3.1497014612732008E-02 a      1132     1     6     2    12
  2.4920533570771788E-01 a      1133     1     6     2    13
  1.5013150604736539E-01 a      1134     1     6     2    14
 -3.7051100166838152E-01 a      1135     1     6     2    15
 -4.3980827920564014E-01 a      1136     1     6     2    16
  4.8947365998343317E-01 a      1137     1     6     2    17
 -3.6219340911339543E-01 a      1138     1     6     2    18
  2.0433914113229157E-01 a      1139     1     6     2    19
  5.6100486848078923E-01 a      1140     1     6     2    20
 -5.4851475618623424E-01 a      1141     1     7     2     1
 -3.0312678486619993E-01 a      1142     1     7     2     2
  5.1389123897673106E-01 a      1143     1     7     2     3
  2.5589783990116277E-01 a      1144     1     7     2     4
  1.7821667885012243E-01 a      1145     1     7     2     5
  1.0404997153040049E-01 a      1146     1     7     2     6
 -1.1388451044285274E-02 a      1147     1     7     2     7
 -5.6075374645693365E-01 a      1148     1     7     2     8
 -3.3321124046630381E-02 a      1149     1     7     2     9
 -5.2017578484914218E-01 a      1150     1     7     2    10
 -1.5775282859628165E-01 a      1151     1     7     2    11
 -5.2352019223264157E-01 a      1152     1     7     2    12
 -3.9022171460305211E-01 a      1153     1     7     2    13
 -2.6190272475742887E-01 a      1154     1     7     2    14
 -3.0137788308106525E-02 a      1155     1     7     2    15
 -4.3768537948970919E-02 a      1156     1     7     2    16
 -4.6776874885127079E-01 a      1157     1     7     2    17
 -4.6378683123275304E-02 a      1158     1     7     2    18
 -1.7462705431183742E-01 a      1159     1     7     2    19
 -1.8702868829943109E-01 a      1160     1     7     2    20
 -1.5843813368330001E-01 a      1161     1     8     2     1
  4.2881654394281807E-02 a      1162     1     8     2     2
  3.3209665041689324E-01 a      1163     1     8     2     3
 -4.3912431681747466E-01 a      1164     1     8     2     4
  6.1886647214647217E-01 a      1165     1     8     2     5
 -7.2983480307198798E-02 a      1166     1     8     2     6
 -1.0018766130685004E-01 a      1167     1     8     2     7
 -1.8860556589264915E-01 a      1168     1     8     2     8
 -1.3363179025164534E-01 a      1169     1     8     2     9
  3.7200193567506235E-01 a      1170     1     8     2    10
 -3.9266798875788217E-01 a      1171     1     8     2    11
 -3.2748439667021234E-01 a      1172     1     8     2    12
  5.3799740737033386E-01 a      1173     1     8     2    13
  2.6617002099091780E-01 a      1174     1     8     2    14
 -1.6925988949403173E-01 a      1175     1     8     2    15
 -4.9971988766647063E-01 a      1176     1     8     2    16
 -1.8925265130727617E-01 a      1177     1     8     2    17
  5.5924461093740796E-01 a      1178     1     8     2    18
 -1.6380610364839174E-01 a      1179     1     8     2    19
  1.9299158543887418E-01 a      1180     1     8     2    20
 -5.3981099345451100E-01 a      1181     1     9     2     1
  6.1776465189306551E-01 a      1182     1     9     2     2
 -6.9707252855178847E-01 a      1183     1     9     2     3
  2.7277879418623144E-02 a      1184     1     9     2     4
 -1.9243729297524101E-01 a      1185     1     9     2     5
  1.0534373557983683E-01 a      1186     1     9     2     6
 -3.2290412681820818E-01 a      1187     1     9     2     7
 -7.2473343006983793E-01 a      1188     1     9     2     8
 -4.7921568390015129E-01 a      1189     1     9     2     9
 -3.3960674514559702E-01 a      1190     1     9     2    10
  1.9268933542091959E-01 a      1191     1     9     2    11
  3.2496902271015887E-01 a      1192     1     9     2    12
 -1.0539745275990862E-01 a      1193     1     9     2    13
 -4.5513511183670008E-01 a      1194     1     9     2    14
 -4.1021201317754330E-01 a      1195     1     9     2    15
 -6.3743892367747870E-02 a      1196     1     9     2    16
 -3.4776635527414168E-01 a      1197     1     9     2    17
  1.3703859501113258E-01 a      1198     1     9     2    18
 -4.3311272307831999E-01 a      1199     1     9     2    19
  1.0606162944730499E-01 a      1200     1     9     2    20
  5.0877979011106256E-01 a      1201     1    10     2     1
  3.4814382901527891E-01 a      1202     1    10     2     2
 -2.5810664649928527E-01 a      1203     1    10     2     3
 -4.0978333029323089E-01 a      1204     1    10     2     4
 -5.5643492418157685E-02 a      1205     1    10     2     5
  4.6056927642834483E-01 a      1206     1    10     2     6
  4.0614050330922741E-01 a      1207     1    10     2     7
  2.0160436952889851E-01 a      1208     1    10     2     8
  4.5321634585572568E-01 a      1209     1    10     2     9
  2.2582662192479624E-01 a      1210     1    10     2    10
 -5.4933346351296120E-01 a      1211     1    10     2    11
 -2.6127747800710110E-01 a      1212     1    10     2    12
 -2.8103955851684270E-01 a      1213     1    10     2    13
  5.6972793924814291E-01 a      1214     1    10     2    14
  5.1603855895128092E-01 a      1215     1    10     2    15
  3.2570421207756779E-02 a      1216     1    10     2    16
 -5.2512163780031940E-01 a      1217     1    10     2    17
 -1.5240484546606781E-01 a      1218     1    10     2    18
 -1.4739239325386924E-01 a      1219     1    10     2    19
  6.8256680078710691E-02 a      1220     1    10     2    20
  6.6998752991502530E-01 a      1221     1    11     2     1
  5.4582036679377521E-01 a      1222     1    11     2     2
 -1.2575879899088124E-01 a      1223     1    11     2     3
  4.4638846871962906E-01 a      1224     1    11     2     4
 -5.2131240650008293E-01 a      1225     1    11     2     5
  3.0302852733721053E-01 a      1226     1    11     2     6
  6.6691581188901272E-01 a      1227     1    11     2     7
  4.9395258933778785E-01 a      1228     1    11     2     8
  6.1648578037128421E-01 a      1229     1    11     2     9
  3.9633694228823912E-01 a      1230     1    11     2    10
 -4.5088200112229831E-01 a      1231     1    11     2    11
  2.1183986011054107E-01 a      1232     1    11     2    12
  3.5767734492679271E-01 a      1233     1    11     2    13
  2.4165232692402883E-01 a      1234     1    11     2    14
  9.7032892586258482E-02 a      1235     1    11     2    15
  2.7844865262522012E-01 a      1236     1    11     2    16
 -5.8465145958530040E-01 a      1237     1    11     2    17
  7.5196624094585784E-01 a      1238     1    11     2    18
 -9.0359322618042207E-02 a      1239     1    11     2    19
  4.8788829530517092E-01 a      1240     1    11     2    20
  2.0178605783840489E-01 a      1241     1    12     2     1
  2.0792312855150422E-01 a      1242     1    12     2     2
  2.3385038270312514E-01 a      1243     1    12     2     3
  4.2349561863909868E-02 a      1244     1    12     2     4
 -4.2977664345493150E-01 a      1245     1    12     2     5
  9.4331141061433366E-02 a      1246     1    12     2     6
 -1.6796493986114619E-01 a      1247     1    12     2     7
  1.8075594664311545E-01 a      1248     1    12     2     8
  4.4878975344898880E-01 a      1249     1    12     2     9
  9.1427586057478291E-02 a      1250     1    12     2    10
 -5.1762301527286703E-01 a      1251     1    12     2    11
 -3.7248078059022427E-01 a      1252     1    12     2    12
 -1.3472250872148894E-01 a      1253     1    12     2    13
  3.0368645728998239E-01 a      1254     1    12     2    14
  1.8283232966402465E-02 a      1255     1    12     2    15
  3.6424883269749486E-01 a      1256     1    12     2    16
  1.5550086337057262E-01 a      1257     1    12     2    17
  6.3751706517992779E-02 a      1258     1    12     2    18
 -2.3400725684339463E-01 a      1259     1    12     2    19
 -4.7773578082356882E-01 a      1260     1    12     2    20
 -2.4679100140527316E-01 a      1261     1    13     2     1
  2.7427903195124826E-02 a      1262     1    13     2     2
  6.2396516532342317E-01 a      1263     1    13     2     3
  3.4145627809490114E-01 a      1264     1    13     2     4
 -2.6550860977583784E-01 a      1265     1    13     2     5
  3.8742688546516180E-01 a      1266     1    13     2     6
  4.0180513327774303E-01 a      1267     1    13     2     7
  7.2835072872115644E-02 a      1268     1    13     2     8
  3.7470780711738660E-01 a      1269     1    13     2     9
 -1.9055421829313099E-01 a      1270     1    13     2    10
 -8.5219302546620038E-02 a      1271     1    13     2    11
  2.0811412312939639E-01 a      1272     1    13     2    12
 -5.6609140074132369E-01 a      1273     1    13     2    13
  2.3904987977638709E-01 a      1274     1    13     2    14
 -1.5968002170508369E-01 a      1275     1    13     2    15
 -2.0747706766954307E-01 a      1276     1    13     2    16
 -1.7998095858126370E-01 a      1277     1    13     2    17
  1.3813996817449126E-01 a      1278     1    13     2    18
  2.3150917868626775E-01 a      1279     1    13     2    19
  4.2731377556831973E-01 a      1280     1    13     2    20
  3.1238609817847995E-01 a      1281     1    14     2     1
 -1.7144439927453736E-01 a      1282     1    14     2     2
  4.3061075665704823E-01 a      1283     1    14     2     3
 -3.9079181666437046E-01 a      1284     1    14     2     4
  9.9109391439701627E-02 a      1285     1    14     2     5
  7.2273834288090186E-02 a      1286     1    14     2     6
 -1.4477894160503144E-01 a      1287     1    14     2     7
 -1.8915625156038295E-02 a      1288     1    14     2     8
  2.8506339595303080E-02 a      1289     1    14     2     9
  1.8787795435360152E-01 a      1290     1    14     2    10
 -2.2729955422075959E-01 a      1291     1    14     2    11
  4.6932799443252310E-01 a      1292     1    14     2    12
 -5.6867217315195195E-01 a      1293     1    14     2    13
 -2.0603013581561461E-01 a      1294     1    14     2    14
 -3.3405497056845596E-01 a      1295     1    14     2    15
  1.3358012345787790E-01 a      1296     1    14     2    16
  2.9984495915542203E-01 a      1297     1    14     2    17
  3.4283678755162100E-01 a      1298     1    14     2    18
 -3.5931696043089817E-01 a      1299     1    14     2    19
 -5.1188817422507533E-02 a      1300     1    14     2    20
  1.7501995208434307E-01 a      1301     1    15     2     1
  5.9712650109866239E-01 a      1302     1    15     2     2
  2.6797995729570867E-01 a      1303     1    15     2     3
 -7.6261494694236584E-02 a      1304     1    15     2     4
 -3.4031274766035524E-01 a      1305     1    15     2     5
  6.3010544078603015E-01 a      1306     1    15     2     6
  1.9067932571727828E-01 a      1307     1    15     2     7
 -4.7479326665917942E-01 a      1308     1    15     2     8
 -2.6242954318464484E-01 a      1309     1    15     2     9
 -1.3537329509432811E-01 a      1310     1    15     2    10
 -4.6600313398595039E-01 a      1311     1    15     2    11
  7.4813616704858021E-01 a      1312     1    15     2    12
 -3.3253513769581122E-01 a      1313     1    15     2    13
 -3.2809958883156615E-01 a      1314     1    15     2    14
 -1.6451379992873960E-01 a      1315     1    15     2    15
  4.8091859832187450E-01 a      1316     1    15     2    16
 -1.6348267776020736E-01 a      1317     1    15     2    17
 -4.2335851151826215E-01 a      1318     1    15     2    18
 -3.9018881159778507E-01 a      1319     1    15     2    19
  2.9391259945739819E-02 a      1320     1    15     2    20
 -5.7647126297126816E-01 a      1321     1    16     2     1
 -8.6159030714493115E-02 a      1322     1    16     2     2
 -1.1164686372789763E-01 a      1323     1    16     2     3
 -2.2139259453315518E-01 a      1324     1    16     2     4
  5.4485709780368230E-01 a      1325     1    16     2     5
  3.9973960108374512E-01 a      1326     1    16     2     6
  1.1062637562741769E-01 a      1327     1    16     2     7
  9.0428097190843701E-02 a      1328     1    16     2     8
 -7.5263550337617446E-02 a      1329     1    16     2     9
 -5.2917274713966311E-01 a      1330     1    16     2    10
  2.8781175633044543E-02 a      1331     1    16     2    11
 -1.6106833465829598E-01 a      1332     1    16     2    12
  1.7007521611132845E-01 a      1333     1    16     2    13
  4.7089918311554380E-01 a      1334     1    16     2    14
  2.8536270569287453E-01 a      1335     1    16     2    15
  3.7173170014931350E-01 a      1336     1    16     2    16
  1.3851280125046464E-01 a      1337     1    16     2    17
  1.7474775484534213E-01 a      1338     1    16     2    18
 -5.9235715649088228E-01 a      1339     1    16     2    19
 -2.8076519292373220E-01 a      1340     1    16     2    20
 -1.2726760520028985E-01 a      1341     1    17     2     1
  1.9351177068227235E-01 a      1342     1    17     2     2
  6.3137049187688732E-01 a      1343     1    17     2     3
 -5.0017706397908879E-01 a      1344     1    17     2     4
 -5.3785799639928644E-01 a      1345     1    17     2     5
 -3.4971847699269892E-01 a      1346     1    17     2     6
 -6.7144721014736775E-01 a      1347     1    17     2     7
 -3.5316043320065038E-01 a      1348     1    17     2     8
 -1.8402886906229871E-01 a      1349     1    17     2     9
 -4.7128339324989343E-01 a      1350     1    17     2    10
 -9.0893513922197952E-02 a      1351     1    17     2    11
  6.0762968733861533E-01 a      1352     1    17     2    12
 -4.5421401486297214E-01 a      1353     1    17     2    13
  1.1709247782953745E-01 a      1354     1    17     2    14
  3.8812813924214451E-01 a      1355     1    17     2    15
 -4.9739488096765927E-01 a      1356     1    17     2    16
 -1.3063467597602671E-01 a      1357     1    17     2    17
  1.6835598780626804E-01 a      1358     1    17     2    18
 -1.2254764662008437E-01 a      1359     1    17     2    19
 -2.1939825620832987E-01 a      1360     1    17     2    20
 -5.1164583140445574E-01 a      1361     1    18     2     1
 -3.4800596929610644E-01 a      1362     1    18     2     2
  3.3226963519763747E-01 a      1363     1    18     2     3
 -4.0879577315726667E-01 a      1364     1    18     2     4
  5.2816960316497086E-01 a      1365     1    18     2     5
 -4.3318101764048061E-01 a      1366     1    18     2     6
 -2.2589087897997137E-01 a      1367     1    18     2     7
 -4.7115633146664410E-01 a      1368     1    18     2     8
 -1.5983566992796500E-01 a      1369     1    18     2     9
  9.8524225251543834E-02 a      1370     1    18     2    10
 -3.4978092073970862E-01 a      1371     1    18     2    11
 -3.4854783010459756E-01 a      1372     1    18     2    12
  3.6893058004532420E-01 a      1373     1    18     2    13
  2.2136463190420580E-01 a      1374     1    18     2    14
  3.9349629816590742E-01 a      1375     1    18     2    15
  3.5420271706513090E-01 a      1376     1    18     2    16
  5.3130732286036042E-01 a      1377     1    18     2    17
 -2.3627669703413756E-01 a      1378     1    18     2    18
 -4.8476847082658975E-01 a      1379     1    18     2    19
  2.3193446560027489E-02 a      1380     1    18     2    20
  2.5454748802449895E-01 a      1381     1    19     2     1
 -1.9575462115045716E-01 a      1382     1    19     2     2
 -3.0309138924526219E-01 a      1383     1    19     2     3
  5.1122750403259631E-01 a      1384     1    19     2     4
 -4.9710381541568582E-01 a      1385     1    19     2     5
 -4.4632750977489238E-01 a      1386     1    19     2     6
  5.4339231711442441E-02 a      1387     1    19     2     7
  7.5965362159690941E-01 a      1388     1    19     2     8
  1.9257589827361390E-01 a      1389     1    19     2     9
 -4.7067743285929574E-02 a      1390     1    19     2    10
  2.6893382261089233E-01 a      1391     1    19     2    11
 -7.8320005276767100E-03 a      1392     1    19     2    12
  4.2675360736124129E-01 a      1393     1    19     2    13
 -4.0510210440772082E-01 a      1394     1    19     2    14
 -2.1924682512905239E-01 a      1395     1    19     2    15
 -3.4259746207132175E-01 a      1396     1    19     2    16
  2.1164336057432476E-01 a      1397     1    19     2    17
  3.2192134689062268E-01 a      1398     1    19     2    18
 -4.0607081225136826E-01 a      1399     1    19     2    19
  6.4414512174848970E-01 a      1400     1    19     2    20
 -1.3275948740879567E-01 a      1401     1    20     2     1
 -5.2325414851714236E-01 a      1402     1    20     2     2
  6.3528294293129756E-02 a      1403     1    20     2     3
 -6.2375807651282966E-01 a      1404     1    20     2     4
  5.0903814372755374E-01 a      1405     1    20     2     5
  6.0134904195577064E-02 a      1406     1    20     2     6
 -2.6039365695677019E-01 a      1407     1    20     2     7
 -5.0208320199458874E-02 a      1408     1    20     2     8
  1.7799028086210412E-02 a      1409     1    20     2     9
 -3.6039601252210807E-01 a      1410     1    20     2    10
 -2.8398403595448291E-01 a      1411     1    20     2    11
 -3.1920313310950627E-01 a      1412     1    20     2    12
  3.4567197976848918E-01 a      1413     1    20     2    13
  3.2144120432792350E-01 a      1414     1    20     2    14
  3.2016170414016237E-01 a      1415     1    20     2    15
 -4.0481662810428853E-01 a      1416     1    20     2    16
  3.6329638886023546E-01 a      1417     1    20     2    17
 -6.1413249358510773E-02 a      1418     1    20     2    18
  1.5255376619900618E-01 a      1419     1    20     2    19
 -9.6551165271985720E-02 a      1420     1    20     2    20
  3.9597008106750370E-01 b      1421     2     1
 -1.3603635462168835E+00 b      1422     2     2
  2.6704169671437690E-02 b      1423     2     3
  1.3371312560015864E+00 b      1424     2     4
  7.2224832071149814E-01 b      1425     2     5
 -5.1568193468148604E-01 b      1426     2     6
 -1.4609796146864884E+00 b      1427     2     7
 -3.0799694147353007E-01 b      1428     2     8
  1.4968016043871812E+00 b      1429     2     9
  3.6966784569417160E-01 b      1430     2    10
 -1.2245928930793182E-03 b      1431     2    11
 -1.0678873977862684E+00 b      1432     2    12
  8.2703751462058772E-01 b      1433     2    13
 -1.1887374887462989E+00 b      1434     2    14
 -1.4309934507992979E+00 b      1435     2    15
  7.7818790504386545E-02 b      1436     2    16
 -7.6704830247554678E-01 b      1437     2    17
 -1.3173334220828062E-01 b      1438     2    18
 -1.4922639896573451E+00 b      1439     2    19
 -1.1170617366992283E-01 b      1440     2    20
  1.2672506974718456E-01 a      1441     2     1     3     1
  2.8838937872464676E-01 a      1442     2     2     3     1
  7.8158303395146866E-01 a      1443     2     3     3     1
 -2.3966047579127242E-01 a      1444     2     4     3     1
  1.4680849660925027E-01 a      1445     2     5     3     1
  3.2178446598317589E-01 a      1446     2     6     3     1
 -3.7429308076719492E-01 a      1447     2     7     3     1
 -6.0018102473774160E-01 a      1448     2     8     3     1
 -6.0583322441499843E-01 a      1449     2     9     3     1
 -2.4556134234621571E-01 a      1450     2    10     3     1
 -5.3149377526171548E-01 a      1451     2    11     3     1
  1.1741183414480436E+00 a      1452     2    12     3     1
 -5.1561050969770783E-01 a      1453     2    13     3     1
 -1.0056255943532753E+00 a      1454     2    14     3     1
  2.2647207406070990E-01 a      1455     2    15     3     1
  1.0694593363156436E-01 a      1456     2    16     3     1
  2.8362769359136308E-01 a      1457     2    17     3     1
  7.6297167106520791E-02 a      1458     2    18     3     1
  7.9028493553825685E-01 a      1459     2    19     3     1
  3.5146905205301043E-01 a      1460     2    20     3     1
 -9.7103796088296701E-01 b      1461     3     1
