################################################################################
# Neural network connection values (weights and biases).
################################################################################
# Col  Name       Description
################################################################################
# 1    connection Neural network connection value.
# 2    t          Connection type (a = weight, b = bias).
# 3    index      Index enumerating weights.
# 4    l_s        Starting point layer (end point layer for biases).
# 5    n_s        Starting point neuron in starting layer (end point neuron for biases).
# 6    l_e        End point layer.
# 7    n_e        End point neuron in end layer.
################################################################################
#                      1 2         3     4     5     6     7
#             connection t     index   l_s   n_s   l_e   n_e
############################################################
 -2.5183014867921483E-01 a         1     0     1     1     1
  4.9725082562437467E-01 a         2     0     1     1     2
  1.2419637053900126E-01 a         3     0     1     1     3
  1.0061114794667350E-01 a         4     0     1     1     4
  8.2126372957318575E-02 a         5     0     1     1     5
  3.0798363628444340E-02 a         6     0     1     1     6
  3.6505772329853560E-02 a         7     0     1     1     7
  1.9546909554973355E-01 a         8     0     1     1     8
 -9.2123538985994391E-01 a         9     0     1     1     9
 -3.7460083724900173E-01 a        10     0     1     1    10
  3.6242338011474129E-01 a        11     0     1     1    11
 -6.2470110015839675E-01 a        12     0     1     1    12
  1.1423043804955819E-01 a        13     0     1     1    13
 -1.1355630298324200E-01 a        14     0     1     1    14
  2.1941680895911200E-01 a        15     0     1     1    15
 -1.3262184375271599E-01 a        16     0     1     1    16
 -1.0861963928852830E-02 a        17     0     1     1    17
 -1.8222238542012953E-01 a        18     0     1     1    18
 -7.5065942818059839E-02 a        19     0     1     1    19
  2.3010773600313483E-01 a        20     0     1     1    20
  4.0213969076086392E-01 a        21     0     2     1     1
 -2.3555334815658410E-01 a        22     0     2     1     2
 -2.5533730703052510E-01 a        23     0     2     1     3
  4.6630417122855206E-01 a        24     0     2     1     4
 -1.8330578896594799E-01 a        25     0     2     1     5
  3.2058671144304629E-01 a        26     0     2     1     6
 -3.7451983128480998E-01 a        27     0     2     1     7
  2.6339962986878929E-01 a        28     0     2     1     8
 -7.1515580993324349E-02 a        29     0     2     1     9
 -2.7199156136040814E-01 a        30     0     2     1    10
 -2.3268383102139012E-01 a        31     0     2     1    11
 -2.0842888427162426E-01 a        32     0     2     1    12
 -6.0031022660149591E-02 a        33     0     2     1    13
 -3.9853385634065180E-02 a        34     0     2     1    14
 -2.5829038701910767E-01 a        35     0     2     1    15
  3.0760357314061770E-01 a        36     0     2     1    16
  9.7059766641362816E-02 a        37     0     2     1    17
  4.0406499089496763E-02 a        38     0     2     1    18
 -3.3965729014666152E-01 a        39     0     2     1    19
  1.6075257727986697E-01 a        40     0     2     1    20
 -2.6249635626828735E-02 a        41     0     3     1     1
  2.6297648255755496E-01 a        42     0     3     1     2
  3.4424238878964608E-01 a        43     0     3     1     3
  7.8168102311665891E-02 a        44     0     3     1     4
 -1.0393656874377677E-01 a        45     0     3     1     5
 -1.8110287930284683E-01 a        46     0     3     1     6
  2.3654498366965765E-01 a        47     0     3     1     7
  1.7615564012145901E-01 a        48     0     3     1     8
  1.9628780793823583E-01 a        49     0     3     1     9
  8.0122544614170871E-02 a        50     0     3     1    10
 -5.9318197802293728E-02 a        51     0     3     1    11
 -5.1626283237520054E-02 a        52     0     3     1    12
 -1.2053114548565332E-01 a        53     0     3     1    13
 -2.1725006287942625E-01 a        54     0     3     1    14
  2.5910518593763610E-01 a        55     0     3     1    15
  1.4177431471799279E-01 a        56     0     3     1    16
  6.8908004305842749E-02 a        57     0     3     1    17
  1.7066353096488701E-01 a        58     0     3     1    18
 -3.3158282229931953E-02 a        59     0     3     1    19
 -1.8278268809851106E-01 a        60     0     3     1    20
  2.3290625181668448E-01 a        61     0     4     1     1
  1.8951004075031036E-01 a        62     0     4     1     2
  8.2808759697887224E-01 a        63     0     4     1     3
  2.6989969955984111E-01 a        64     0     4     1     4
  5.9402988701154535E-01 a        65     0     4     1     5
 -4.2456687348440832E-02 a        66     0     4     1     6
  9.4185231140648001E-02 a        67     0     4     1     7
  6.2270843357974622E-02 a        68     0     4     1     8
  2.5864778698893237E-01 a        69     0     4     1     9
  1.1043359039458492E-01 a        70     0     4     1    10
 -8.8342082284340595E-02 a        71     0     4     1    11
  3.4365750699961484E-01 a        72     0     4     1    12
  1.5162414347002823E-01 a        73     0     4     1    13
 -4.3548145018390899E-01 a        74     0     4     1    14
  3.7202952088472768E-02 a        75     0     4     1    15
  1.7029831867901840E-01 a        76     0     4     1    16
 -3.7399994103372358E-02 a        77     0     4     1    17
  1.6785363677871059E-02 a        78     0     4     1    18
 -3.3547573531896357E-01 a        79     0     4     1    19
 -1.7542355815855781E-01 a        80     0     4     1    20
 -3.9136762972843575E-01 a        81     0     5     1     1
  2.1405824318375066E-01 a        82     0     5     1     2
  2.5725915399442811E-01 a        83     0     5     1     3
 -1.1184734302735760E-01 a        84     0     5     1     4
 -2.1720831414596772E-01 a        85     0     5     1     5
 -4.2500759810189570E-01 a        86     0     5     1     6
  2.1567583871020496E-01 a        87     0     5     1     7
  3.2810392472021499E-01 a        88     0     5     1     8
  8.1089280609732250E-02 a        89     0     5     1     9
  1.3244676765386498E-01 a        90     0     5     1    10
 -5.3973553262627906E-02 a        91     0     5     1    11
 -1.7118964466187825E-01 a        92     0     5     1    12
  6.3854852243852744E-01 a        93     0     5     1    13
 -1.4730022067578843E-01 a        94     0     5     1    14
 -9.8963943830835066E-02 a        95     0     5     1    15
  6.5780500989222543E-02 a        96     0     5     1    16
 -1.8416568994486568E-01 a        97     0     5     1    17
 -3.0654955382598481E-01 a        98     0     5     1    18
  3.7832863254832799E-01 a        99     0     5     1    19
  1.2044931198444320E-01 a       100     0     5     1    20
  1.4357578867633727E-01 a       101     0     6     1     1
 -1.3202343389254137E-01 a       102     0     6     1     2
 -2.1718535674326250E-01 a       103     0     6     1     3
  1.6187388861511531E-01 a       104     0     6     1     4
 -1.4037064040510150E-01 a       105     0     6     1     5
 -3.9808123089342083E-02 a       106     0     6     1     6
 -1.8593283178578462E-01 a       107     0     6     1     7
  1.0581323223257671E-01 a       108     0     6     1     8
 -1.7114908483888483E-01 a       109     0     6     1     9
 -2.7984929303582989E-01 a       110     0     6     1    10
  1.7253900367082162E-01 a       111     0     6     1    11
  5.3556104424787802E-02 a       112     0     6     1    12
  2.7269536908657244E-01 a       113     0     6     1    13
  3.2630139116825807E-01 a       114     0     6     1    14
 -2.2325650529907998E-01 a       115     0     6     1    15
  1.2590881545823412E-01 a       116     0     6     1    16
 -1.4974033509846132E-01 a       117     0     6     1    17
 -2.3039456585748738E-01 a       118     0     6     1    18
  1.6397334082130055E-01 a       119     0     6     1    19
  1.0565538702832929E-01 a       120     0     6     1    20
 -3.2878062974741551E-02 a       121     0     7     1     1
 -4.5759163452582269E-01 a       122     0     7     1     2
 -7.3854451547613653E-01 a       123     0     7     1     3
 -2.6656366253081298E-01 a       124     0     7     1     4
 -3.4571881942258997E-01 a       125     0     7     1     5
 -8.2257611525888549E-02 a       126     0     7     1     6
  6.2172941207405397E-01 a       127     0     7     1     7
  1.5538602868547055E-01 a       128     0     7     1     8
 -1.8122118915509625E-01 a       129     0     7     1     9
  1.2849371971732895E-01 a       130     0     7     1    10
 -1.8703236594220116E-01 a       131     0     7     1    11
 -1.9168125832601648E-01 a       132     0     7     1    12
 -1.7405015512568478E-01 a       133     0     7     1    13
  3.7410188550587276E-01 a       134     0     7     1    14
  4.1284947355714624E-01 a       135     0     7     1    15
  2.6294697700501890E-01 a       136     0     7     1    16
  2.2870812106136110E-01 a       137     0     7     1    17
 -2.0114052360537887E-01 a       138     0     7     1    18
  4.5194793094843760E-01 a       139     0     7     1    19
 -9.0698305331045032E-02 a       140     0     7     1    20
  3.0134124890166020E-01 a       141     0     8     1     1
 -1.4642263476530704E-01 a       142     0     8     1     2
 -8.2721337626744801E-02 a       143     0     8     1     3
  6.2191765602182869E-02 a       144     0     8     1     4
 -6.7435445841613451E-01 a       145     0     8     1     5
  8.2035065880405170E-02 a       146     0     8     1     6
 -4.4641840043040903E-01 a       147     0     8     1     7
 -2.9903354663165832E-01 a       148     0     8     1     8
 -3.5720756066918755E-02 a       149     0     8     1     9
  7.5874709155623332E-02 a       150     0     8     1    10
  1.3115338037454990E-01 a       151     0     8     1    11
 -3.5324009738151163E-01 a       152     0     8     1    12
 -2.4781265108182279E-01 a       153     0     8     1    13
 -2.6688531013355737E-01 a       154     0     8     1    14
  2.3069014641877833E-01 a       155     0     8     1    15
  5.0602404747603101E-02 a       156     0     8     1    16
  1.5409953019290823E-01 a       157     0     8     1    17
  6.7061682457679420E-02 a       158     0     8     1    18
 -3.6542264757937737E-01 a       159     0     8     1    19
 -4.1417845115710988E-01 a       160     0     8     1    20
  2.8755237022454049E-02 a       161     0     9     1     1
  1.1274699540833338E-01 a       162     0     9     1     2
 -8.2340535980350606E-03 a       163     0     9     1     3
 -2.0321041762192946E-01 a       164     0     9     1     4
 -5.3110311150889350E-02 a       165     0     9     1     5
 -1.9784395665618065E-01 a       166     0     9     1     6
  3.3608160544848548E-01 a       167     0     9     1     7
  2.3199078647509111E-01 a       168     0     9     1     8
  1.4644705677307521E-01 a       169     0     9     1     9
  7.5959032829033657E-02 a       170     0     9     1    10
  2.0264139738122086E-01 a       171     0     9     1    11
  8.0174221196459533E-02 a       172     0     9     1    12
 -7.7363691710115548E-02 a       173     0     9     1    13
  8.0039878299330985E-02 a       174     0     9     1    14
  8.0117429831320502E-02 a       175     0     9     1    15
  7.5977700623326205E-02 a       176     0     9     1    16
 -1.9658865692606178E-01 a       177     0     9     1    17
 -3.4070318194569835E-02 a       178     0     9     1    18
 -2.6264716109199387E-01 a       179     0     9     1    19
  3.8472996756678551E-01 a       180     0     9     1    20
  4.6254866548581818E-02 a       181     0    10     1     1
  3.3162576323754123E-01 a       182     0    10     1     2
  1.8932152266350891E-01 a       183     0    10     1     3
  2.4430820481651555E-01 a       184     0    10     1     4
 -4.3574835691827490E-01 a       185     0    10     1     5
 -1.7485494546644761E-01 a       186     0    10     1     6
  6.5568510838767219E-02 a       187     0    10     1     7
  3.5553608620330196E-01 a       188     0    10     1     8
 -4.5475174862270412E-01 a       189     0    10     1     9
 -3.4126925694376403E-01 a       190     0    10     1    10
  7.4771703345483734E-02 a       191     0    10     1    11
 -3.5147350979210637E-02 a       192     0    10     1    12
  2.4851588496019897E-01 a       193     0    10     1    13
 -1.7450421780817688E-01 a       194     0    10     1    14
 -6.7439593619910185E-02 a       195     0    10     1    15
  7.9423048892565420E-02 a       196     0    10     1    16
 -1.0417182091743747E-01 a       197     0    10     1    17
  1.7324736297895907E-01 a       198     0    10     1    18
 -3.3587416387616537E-01 a       199     0    10     1    19
  1.0132110715498928E-01 a       200     0    10     1    20
 -4.2264170081664915E-01 a       201     0    11     1     1
  2.4027927770444527E-01 a       202     0    11     1     2
  1.3545457467484417E-01 a       203     0    11     1     3
  2.5370337811750621E-01 a       204     0    11     1     4
  1.3276670967992693E-01 a       205     0    11     1     5
  1.4987675120715879E-01 a       206     0    11     1     6
  2.7971142505825747E-01 a       207     0    11     1     7
  1.8105096979464494E-01 a       208     0    11     1     8
  2.7248096100392216E-01 a       209     0    11     1     9
 -1.6825122354564689E-01 a       210     0    11     1    10
 -2.4714468598532999E-01 a       211     0    11     1    11
 -1.8011211163055466E-01 a       212     0    11     1    12
  4.2822192516585528E-01 a       213     0    11     1    13
 -1.3939322035186086E-01 a       214     0    11     1    14
 -1.5838468578038042E-01 a       215     0    11     1    15
 -7.7247403379980317E-01 a       216     0    11     1    16
 -5.5324365993119795E-02 a       217     0    11     1    17
 -1.5313872119820704E-01 a       218     0    11     1    18
  1.1112109289009152E-01 a       219     0    11     1    19
  3.0177638197594403E-01 a       220     0    11     1    20
 -3.7832639711300964E-02 a       221     0    12     1     1
 -7.1929919122862632E-02 a       222     0    12     1     2
 -1.6523391172973528E-01 a       223     0    12     1     3
  1.6396199933392691E-01 a       224     0    12     1     4
 -2.2568106907768590E-01 a       225     0    12     1     5
  5.3202378516244583E-02 a       226     0    12     1     6
  9.0744272714994838E-03 a       227     0    12     1     7
 -1.8783192393678941E-01 a       228     0    12     1     8
  3.8615207234679143E-02 a       229     0    12     1     9
 -1.6604095918072606E-01 a       230     0    12     1    10
  5.8016918718694514E-02 a       231     0    12     1    11
 -2.6729336558327121E-01 a       232     0    12     1    12
  6.8056811035823464E-02 a       233     0    12     1    13
  1.5244533966668156E-01 a       234     0    12     1    14
  1.0263197594363862E-02 a       235     0    12     1    15
 -2.2693370967784053E-03 a       236     0    12     1    16
  6.9471461729278025E-02 a       237     0    12     1    17
 -8.3865892862967362E-03 a       238     0    12     1    18
  1.3789620789827162E-01 a       239     0    12     1    19
  8.8288678205406104E-02 a       240     0    12     1    20
  2.5043357677904287E-02 a       241     0    13     1     1
 -7.1111419566283293E-02 a       242     0    13     1     2
  8.0742428458457360E-02 a       243     0    13     1     3
  7.1024436513974540E-02 a       244     0    13     1     4
  2.3606606710403061E-01 a       245     0    13     1     5
 -4.7279407602592083E-02 a       246     0    13     1     6
  1.5678392434815178E-01 a       247     0    13     1     7
  9.3252510411448553E-02 a       248     0    13     1     8
  1.6889490263085472E-01 a       249     0    13     1     9
 -2.7492262196523615E-01 a       250     0    13     1    10
  1.5870381722802346E-01 a       251     0    13     1    11
  9.2844557924840018E-02 a       252     0    13     1    12
 -1.4794497998288770E-02 a       253     0    13     1    13
 -2.7899593171042836E-01 a       254     0    13     1    14
  2.1110733952114236E-01 a       255     0    13     1    15
  3.2818261001689558E-01 a       256     0    13     1    16
  1.5891279625023208E-01 a       257     0    13     1    17
 -9.5338635816475378E-02 a       258     0    13     1    18
 -2.8683702525430892E-02 a       259     0    13     1    19
  1.9371235499612199E-02 a       260     0    13     1    20
  1.9734692055155986E-02 a       261     0    14     1     1
  2.3652239024348315E-01 a       262     0    14     1     2
  2.5466224466424731E-01 a       263     0    14     1     3
 -1.1780471892803736E-01 a       264     0    14     1     4
 -1.4387576946336422E-01 a       265     0    14     1     5
  2.4001872043150418E-01 a       266     0    14     1     6
 -2.5444947523964401E-01 a       267     0    14     1     7
 -4.8058285427484149E-01 a       268     0    14     1     8
 -4.0369185958008390E-02 a       269     0    14     1     9
  2.0713636598779045E-01 a       270     0    14     1    10
  2.6872144334214854E-01 a       271     0    14     1    11
 -2.4192947136909515E-01 a       272     0    14     1    12
 -3.3717645839310423E-01 a       273     0    14     1    13
 -2.9432828439978236E-02 a       274     0    14     1    14
  2.2030162872529908E-03 a       275     0    14     1    15
 -5.7750370328065286E-02 a       276     0    14     1    16
 -4.3075796705951114E-01 a       277     0    14     1    17
  2.2297925632736476E-01 a       278     0    14     1    18
 -3.5923497569127044E-01 a       279     0    14     1    19
 -1.2620902521248636E-01 a       280     0    14     1    20
  1.7138596441836790E-01 a       281     0    15     1     1
 -5.7545630194694913E-02 a       282     0    15     1     2
 -4.9476259119342308E-02 a       283     0    15     1     3
 -5.2813933868759141E-02 a       284     0    15     1     4
 -1.4240361954764458E-01 a       285     0    15     1     5
 -1.5746267256592322E-01 a       286     0    15     1     6
  1.1143941090862092E-01 a       287     0    15     1     7
 -5.1448613648996618E-02 a       288     0    15     1     8
 -3.8001352940552520E-02 a       289     0    15     1     9
 -4.2954630775536113E-03 a       290     0    15     1    10
 -5.3259811048055772E-02 a       291     0    15     1    11
  7.1063867006830192E-02 a       292     0    15     1    12
  9.0924746093826891E-02 a       293     0    15     1    13
 -7.0854036318205027E-02 a       294     0    15     1    14
  1.2516344143043034E-01 a       295     0    15     1    15
  2.1665349548680291E-01 a       296     0    15     1    16
 -1.4958709039080753E-01 a       297     0    15     1    17
 -9.6144919195719991E-02 a       298     0    15     1    18
  3.7919341587762140E-02 a       299     0    15     1    19
  1.0029570274812692E-02 a       300     0    15     1    20
 -1.3808078157029544E-02 a       301     0    16     1     1
  5.0590672870141018E-02 a       302     0    16     1     2
 -6.4039866541699769E-02 a       303     0    16     1     3
 -4.4614129283619026E-02 a       304     0    16     1     4
 -3.4278665923912799E-01 a       305     0    16     1     5
 -6.4698923760904511E-02 a       306     0    16     1     6
  1.6341390002677242E-01 a       307     0    16     1     7
  2.7574435415639081E-01 a       308     0    16     1     8
 -3.1504093240824321E-01 a       309     0    16     1     9
  2.1928492801720767E-01 a       310     0    16     1    10
  4.0484501640330760E-02 a       311     0    16     1    11
  8.0550210356508764E-02 a       312     0    16     1    12
  8.4829314733297703E-03 a       313     0    16     1    13
  1.3820987121177297E-01 a       314     0    16     1    14
 -1.5968184921239949E-02 a       315     0    16     1    15
  1.5589424252611900E-01 a       316     0    16     1    16
  5.1530223840958574E-02 a       317     0    16     1    17
 -4.9846584940962432E-02 a       318     0    16     1    18
  3.7100682297200191E-02 a       319     0    16     1    19
 -8.5199416008170839E-02 a       320     0    16     1    20
 -7.2036987487324913E-02 a       321     0    17     1     1
 -1.3465234305693688E-01 a       322     0    17     1     2
 -1.2046707987966815E-01 a       323     0    17     1     3
  3.5268302565609172E-02 a       324     0    17     1     4
  4.7902176153973283E-02 a       325     0    17     1     5
 -9.4950749691700587E-02 a       326     0    17     1     6
 -2.6670382744933435E-01 a       327     0    17     1     7
 -2.6241808680868023E-01 a       328     0    17     1     8
  1.1597708846080435E-01 a       329     0    17     1     9
  2.1289528669264016E-01 a       330     0    17     1    10
 -3.3711432341540121E-01 a       331     0    17     1    11
 -7.6568680172163214E-02 a       332     0    17     1    12
  2.6175125131161325E-01 a       333     0    17     1    13
  4.8597390358910829E-02 a       334     0    17     1    14
  4.6840479711194774E-02 a       335     0    17     1    15
 -2.7403204883811860E-01 a       336     0    17     1    16
  2.0575837703069505E-01 a       337     0    17     1    17
 -1.7237574280545442E-01 a       338     0    17     1    18
  3.0462614651984871E-01 a       339     0    17     1    19
  9.0349117117934901E-03 a       340     0    17     1    20
 -1.0012685790328510E-01 a       341     0    18     1     1
  9.1459026943300797E-02 a       342     0    18     1     2
 -1.2785389917298490E-01 a       343     0    18     1     3
 -2.5154654850526821E-02 a       344     0    18     1     4
  1.9587359506082626E-02 a       345     0    18     1     5
  1.2991504442303209E-01 a       346     0    18     1     6
  1.1073407377829821E-01 a       347     0    18     1     7
  1.2549538415652225E-01 a       348     0    18     1     8
  3.1920270680515186E-02 a       349     0    18     1     9
  6.5185223271833334E-02 a       350     0    18     1    10
  1.8591665694120491E-01 a       351     0    18     1    11
 -6.1900556586558103E-02 a       352     0    18     1    12
 -2.2126333682448294E-02 a       353     0    18     1    13
 -7.0131271583820575E-03 a       354     0    18     1    14
 -7.0933732505051472E-02 a       355     0    18     1    15
  1.2754398970785583E-01 a       356     0    18     1    16
  4.4739592565373194E-02 a       357     0    18     1    17
  1.6742252584278514E-01 a       358     0    18     1    18
  1.6295254225237261E-02 a       359     0    18     1    19
  1.2014123956831413E-01 a       360     0    18     1    20
  1.9115890246220157E-01 a       361     0    19     1     1
 -1.0276808447506929E-01 a       362     0    19     1     2
  1.8547595659449613E-02 a       363     0    19     1     3
 -8.2929286559294425E-03 a       364     0    19     1     4
  1.4958496430288162E-01 a       365     0    19     1     5
 -6.6559287966706696E-02 a       366     0    19     1     6
  2.4728342197518507E-01 a       367     0    19     1     7
  1.4721419092349342E-01 a       368     0    19     1     8
  2.8943692828280059E-02 a       369     0    19     1     9
 -2.6559337205465855E-01 a       370     0    19     1    10
 -1.3347459292767813E-01 a       371     0    19     1    11
  1.1662138772474800E-01 a       372     0    19     1    12
 -4.7126077033065497E-02 a       373     0    19     1    13
 -1.3468733739990349E-01 a       374     0    19     1    14
  4.4420552679179014E-02 a       375     0    19     1    15
 -4.4716166888287022E-02 a       376     0    19     1    16
 -4.1379154352057204E-02 a       377     0    19     1    17
  7.5130882276804381E-02 a       378     0    19     1    18
 -1.5832248108781782E-02 a       379     0    19     1    19
  5.9499806651148623E-02 a       380     0    19     1    20
 -4.5528021036454161E-02 a       381     0    20     1     1
  2.2838001131411031E-01 a       382     0    20     1     2
  2.4372059211256186E-01 a       383     0    20     1     3
 -2.3352922197017036E-02 a       384     0    20     1     4
  9.8858745086334215E-02 a       385     0    20     1     5
  1.8943618201997067E-01 a       386     0    20     1     6
 -3.9335241393330445E-02 a       387     0    20     1     7
  1.2193367983279468E-01 a       388     0    20     1     8
  2.5115203723647957E-02 a       389     0    20     1     9
 -2.3646837268443174E-02 a       390     0    20     1    10
  1.4672196035593554E-01 a       391     0    20     1    11
 -5.2671693722003143E-02 a       392     0    20     1    12
 -1.8010237264850559E-01 a       393     0    20     1    13
  1.5903894099015131E-01 a       394     0    20     1    14
 -3.2992388804570331E-02 a       395     0    20     1    15
 -1.2917634713324749E-01 a       396     0    20     1    16
 -2.5194689839052675E-01 a       397     0    20     1    17
  1.2283975728670148E-01 a       398     0    20     1    18
 -2.4883276690914280E-01 a       399     0    20     1    19
 -3.3784010189202095E-02 a       400     0    20     1    20
  1.1682773155545213E-01 a       401     0    21     1     1
 -1.4373700205503978E-01 a       402     0    21     1     2
  6.5638592283901731E-02 a       403     0    21     1     3
  8.5959341492759841E-02 a       404     0    21     1     4
 -5.9477758339106727E-02 a       405     0    21     1     5
 -1.5933784423115299E-01 a       406     0    21     1     6
 -9.5742783806803677E-03 a       407     0    21     1     7
  7.3801224525538583E-02 a       408     0    21     1     8
  1.9482636844205006E-02 a       409     0    21     1     9
 -1.9851832516798737E-01 a       410     0    21     1    10
 -5.9289315043858447E-02 a       411     0    21     1    11
  1.2772538943931205E-01 a       412     0    21     1    12
  1.3152780556199886E-02 a       413     0    21     1    13
 -1.1585913694659413E-02 a       414     0    21     1    14
 -2.1595046594499030E-02 a       415     0    21     1    15
 -2.3015806160447672E-02 a       416     0    21     1    16
  6.2200724946250854E-02 a       417     0    21     1    17
 -1.5442533574192840E-01 a       418     0    21     1    18
 -1.6319042469863512E-02 a       419     0    21     1    19
  1.2441533340947514E-03 a       420     0    21     1    20
  2.6503574929815244E-03 a       421     0    22     1     1
 -9.0434733825434321E-02 a       422     0    22     1     2
 -5.2030350366262655E-02 a       423     0    22     1     3
  2.9742089649125444E-02 a       424     0    22     1     4
 -1.3737266468489895E-01 a       425     0    22     1     5
 -5.0088714967814280E-02 a       426     0    22     1     6
  3.1592775171553178E-02 a       427     0    22     1     7
 -1.1685193390203555E-01 a       428     0    22     1     8
 -1.1527078801272075E-01 a       429     0    22     1     9
  3.9812778979315518E-02 a       430     0    22     1    10
  2.0103052090584991E-01 a       431     0    22     1    11
 -7.0347644537569878E-02 a       432     0    22     1    12
 -3.5333030046277462E-02 a       433     0    22     1    13
 -1.3721145243984498E-01 a       434     0    22     1    14
 -3.4370763021742280E-02 a       435     0    22     1    15
  1.7682171676909253E-01 a       436     0    22     1    16
  1.2392045774404667E-01 a       437     0    22     1    17
 -1.5710797261134285E-01 a       438     0    22     1    18
  3.7228570876822235E-02 a       439     0    22     1    19
  1.5347008053566370E-03 a       440     0    22     1    20
 -2.7331419306777852E-02 a       441     0    23     1     1
  4.4351661915033813E-02 a       442     0    23     1     2
 -3.1354226904877908E-02 a       443     0    23     1     3
 -3.6772846703829000E-02 a       444     0    23     1     4
  4.5344472073853372E-02 a       445     0    23     1     5
 -6.7274566480061804E-02 a       446     0    23     1     6
 -4.7058058793427682E-01 a       447     0    23     1     7
  3.0305658397388142E-02 a       448     0    23     1     8
  2.0097136034289401E-01 a       449     0    23     1     9
  3.0483560997583081E-01 a       450     0    23     1    10
 -4.4684587559739974E-02 a       451     0    23     1    11
 -2.4835075682845514E-02 a       452     0    23     1    12
  1.3879796136982053E-01 a       453     0    23     1    13
 -2.8283906655611347E-02 a       454     0    23     1    14
 -1.1329691388306277E-02 a       455     0    23     1    15
  9.4401399678893591E-02 a       456     0    23     1    16
  1.0341452614330193E-01 a       457     0    23     1    17
 -5.3605301977535026E-02 a       458     0    23     1    18
  1.7036857722416782E-01 a       459     0    23     1    19
  1.2228323965306181E-01 a       460     0    23     1    20
 -4.6965636447468255E-02 a       461     0    24     1     1
  1.7747948068761094E-02 a       462     0    24     1     2
 -1.1889032741289776E-01 a       463     0    24     1     3
 -6.3667853236571620E-02 a       464     0    24     1     4
 -4.2480923574258082E-02 a       465     0    24     1     5
  1.1158994135804207E-01 a       466     0    24     1     6
  8.2693544967236701E-02 a       467     0    24     1     7
 -4.4281868829080355E-02 a       468     0    24     1     8
 -1.0323720242810433E-01 a       469     0    24     1     9
  3.9785939390261267E-02 a       470     0    24     1    10
  2.5617233399306837E-02 a       471     0    24     1    11
 -6.6118059308994601E-02 a       472     0    24     1    12
 -5.4016094637660060E-04 a       473     0    24     1    13
  1.6802221344327725E-02 a       474     0    24     1    14
 -5.3123558854623523E-03 a       475     0    24     1    15
 -5.1639297648257934E-02 a       476     0    24     1    16
 -4.2807828851241583E-02 a       477     0    24     1    17
  9.9023592837591032E-02 a       478     0    24     1    18
  4.4886461560345323E-03 a       479     0    24     1    19
  4.3178464616746154E-03 a       480     0    24     1    20
  4.7597778386481562E-02 a       481     0    25     1     1
 -3.0625425705841296E-02 a       482     0    25     1     2
 -3.5602372493332417E-02 a       483     0    25     1     3
 -1.1214602547321298E-02 a       484     0    25     1     4
 -1.9964632746091102E-01 a       485     0    25     1     5
 -6.6508405190122244E-02 a       486     0    25     1     6
  1.5404960586968167E-01 a       487     0    25     1     7
  1.6844365221850152E-01 a       488     0    25     1     8
  1.3233895576885374E-01 a       489     0    25     1     9
 -9.6411213345451066E-02 a       490     0    25     1    10
 -1.0985246017120959E-01 a       491     0    25     1    11
  8.8136596681955046E-02 a       492     0    25     1    12
  4.7151784220612392E-02 a       493     0    25     1    13
  1.0663623181366823E-01 a       494     0    25     1    14
  3.8474775191507903E-02 a       495     0    25     1    15
 -5.4739505604821846E-02 a       496     0    25     1    16
 -3.3233690423545056E-02 a       497     0    25     1    17
  8.7814257808169593E-02 a       498     0    25     1    18
 -2.2544307938379970E-03 a       499     0    25     1    19
 -1.7190799284693051E-01 a       500     0    25     1    20
 -4.2130013079132847E-02 a       501     0    26     1     1
 -6.7316492264466159E-03 a       502     0    26     1     2
  8.7880279658745526E-03 a       503     0    26     1     3
  1.2782758584487337E-02 a       504     0    26     1     4
 -1.3479709122257511E-02 a       505     0    26     1     5
  6.3991880454338401E-02 a       506     0    26     1     6
  1.6426320944177197E-01 a       507     0    26     1     7
 -8.7471361455680921E-02 a       508     0    26     1     8
 -1.1226168628113796E-01 a       509     0    26     1     9
 -1.6390358088954421E-01 a       510     0    26     1    10
 -2.6270737555525912E-02 a       511     0    26     1    11
 -4.2424807927174485E-02 a       512     0    26     1    12
 -5.2395607000132544E-02 a       513     0    26     1    13
  7.3729558149641550E-02 a       514     0    26     1    14
  3.2372148456804646E-02 a       515     0    26     1    15
 -8.2219116326218908E-02 a       516     0    26     1    16
 -5.1751661513173147E-02 a       517     0    26     1    17
  3.1226490363360795E-02 a       518     0    26     1    18
 -1.1028125858358655E-01 a       519     0    26     1    19
 -6.8938323075505126E-02 a       520     0    26     1    20
 -4.5837323131519715E-03 a       521     0    27     1     1
 -1.2196657603967515E-02 a       522     0    27     1     2
  2.5677052274561296E-02 a       523     0    27     1     3
  1.0325779850187060E-01 a       524     0    27     1     4
  9.2025071565497496E-02 a       525     0    27     1     5
 -8.9874890897133922E-02 a       526     0    27     1     6
 -1.4889651609936025E-01 a       527     0    27     1     7
 -7.9632976880410322E-02 a       528     0    27     1     8
  1.0599853233702071E-01 a       529     0    27     1     9
 -1.0606311419287021E-01 a       530     0    27     1    10
 -1.9360914812425415E-02 a       531     0    27     1    11
  2.5432349603416251E-02 a       532     0    27     1    12
  5.2309660352391543E-04 a       533     0    27     1    13
 -1.1568285181956571E-01 a       534     0    27     1    14
 -2.8089715066923881E-02 a       535     0    27     1    15
  8.0037593338015134E-02 a       536     0    27     1    16
 -6.4568588933506697E-03 a       537     0    27     1    17
 -2.3902153765932601E-02 a       538     0    27     1    18
 -2.3530595434347462E-02 a       539     0    27     1    19
  4.3065168329999681E-02 a       540     0    27     1    20
  2.6484769312916795E-02 a       541     0    28     1     1
 -7.0209305892230733E-02 a       542     0    28     1     2
 -1.3624869634784181E-02 a       543     0    28     1     3
  3.7618604550857149E-03 a       544     0    28     1     4
  5.4237936906186765E-02 a       545     0    28     1     5
  4.5528537265020687E-02 a       546     0    28     1     6
  4.0720220626476407E-02 a       547     0    28     1     7
  2.6872003253710617E-02 a       548     0    28     1     8
 -9.8326317636632007E-02 a       549     0    28     1     9
 -6.7554211042969011E-03 a       550     0    28     1    10
  6.2798820699192404E-02 a       551     0    28     1    11
 -7.5637109106826304E-03 a       552     0    28     1    12
 -3.1204157558592901E-02 a       553     0    28     1    13
 -5.7380321197463544E-02 a       554     0    28     1    14
 -1.5630502437261141E-02 a       555     0    28     1    15
  2.4237029587783582E-02 a       556     0    28     1    16
  7.2564673320416578E-02 a       557     0    28     1    17
 -7.9029428238843541E-02 a       558     0    28     1    18
  2.3596882561859264E-02 a       559     0    28     1    19
  7.6116004359537345E-02 a       560     0    28     1    20
  2.6516792883713629E-04 a       561     0    29     1     1
  1.6244280186723703E-01 a       562     0    29     1     2
  1.4192121164944871E-01 a       563     0    29     1     3
 -2.0771541291440973E-02 a       564     0    29     1     4
  2.1238903763533701E-01 a       565     0    29     1     5
 -2.5277283546341244E-02 a       566     0    29     1     6
 -2.4174305051149686E-01 a       567     0    29     1     7
 -3.1888776092672454E-02 a       568     0    29     1     8
  6.0550341556674173E-02 a       569     0    29     1     9
  2.1546646800838862E-01 a       570     0    29     1    10
 -8.4244993888363845E-02 a       571     0    29     1    11
 -1.1330472583647394E-02 a       572     0    29     1    12
 -8.9572871690159379E-03 a       573     0    29     1    13
  2.8143358130786094E-02 a       574     0    29     1    14
  3.1068575622459304E-02 a       575     0    29     1    15
 -2.9332907081740581E-02 a       576     0    29     1    16
 -8.9394953708491973E-02 a       577     0    29     1    17
  2.1454904947649508E-02 a       578     0    29     1    18
  2.5170589884886650E-02 a       579     0    29     1    19
  4.7586915159757520E-02 a       580     0    29     1    20
  5.1169423951771764E-02 a       581     0    30     1     1
 -1.4068458416252897E-02 a       582     0    30     1     2
  1.3732307755177508E-02 a       583     0    30     1     3
 -4.0238977279014543E-02 a       584     0    30     1     4
 -9.0645289445232632E-02 a       585     0    30     1     5
 -2.5379016592539945E-02 a       586     0    30     1     6
  1.1711230219997042E-01 a       587     0    30     1     7
  1.1860791257188015E-01 a       588     0    30     1     8
 -1.6582534225012477E-02 a       589     0    30     1     9
 -2.6981672986436224E-03 a       590     0    30     1    10
 -1.5694127157003496E-02 a       591     0    30     1    11
  2.5520801931136702E-02 a       592     0    30     1    12
 -1.5019853733823701E-02 a       593     0    30     1    13
  6.8744196856731860E-02 a       594     0    30     1    14
  1.1602213498696242E-02 a       595     0    30     1    15
 -3.2335676143748007E-02 a       596     0    30     1    16
  1.2101986538110973E-02 a       597     0    30     1    17
 -6.4392878006355788E-03 a       598     0    30     1    18
  6.1884460712805494E-03 a       599     0    30     1    19
 -1.7993400326894733E-02 a       600     0    30     1    20
 -9.7229501164676047E-02 a       601     0    31     1     1
  1.2699525368547007E-01 a       602     0    31     1     2
  9.3647464073577640E-03 a       603     0    31     1     3
 -6.3705032790019378E-02 a       604     0    31     1     4
 -1.1693529780557486E-02 a       605     0    31     1     5
 -7.6854652134301066E-02 a       606     0    31     1     6
 -1.6308123643313868E-01 a       607     0    31     1     7
 -2.1650681698507107E-01 a       608     0    31     1     8
 -1.8080798698026763E-02 a       609     0    31     1     9
 -2.1305031197857993E-01 a       610     0    31     1    10
 -2.1381007470064747E-01 a       611     0    31     1    11
  2.0870015573012812E-01 a       612     0    31     1    12
 -5.0589331554460504E-01 a       613     0    31     1    13
  5.2689703978503054E-02 a       614     0    31     1    14
 -2.1381093606965187E-01 a       615     0    31     1    15
 -9.3962162904637006E-02 a       616     0    31     1    16
 -7.0667305083421145E-02 a       617     0    31     1    17
  3.0717510021826211E-01 a       618     0    31     1    18
 -3.0800295882073662E-02 a       619     0    31     1    19
 -4.6641263716268718E-03 a       620     0    31     1    20
 -5.6952880749572977E-02 a       621     0    32     1     1
  9.5385091268846922E-02 a       622     0    32     1     2
 -5.9755545711335467E-01 a       623     0    32     1     3
 -4.5586029031250952E-01 a       624     0    32     1     4
  1.7489853577101230E-01 a       625     0    32     1     5
 -1.0933819801623545E-03 a       626     0    32     1     6
 -3.4022784595375716E-01 a       627     0    32     1     7
  2.8767317779496465E-01 a       628     0    32     1     8
 -1.5580636825833905E-01 a       629     0    32     1     9
  2.1251599464121804E-01 a       630     0    32     1    10
 -2.8121498305618059E-01 a       631     0    32     1    11
 -4.7298537130164753E-01 a       632     0    32     1    12
  8.0530139269995638E-01 a       633     0    32     1    13
 -2.0991063224318884E-02 a       634     0    32     1    14
 -4.0368045012389409E-01 a       635     0    32     1    15
 -2.0682958425228981E-01 a       636     0    32     1    16
  8.6882132188775926E-02 a       637     0    32     1    17
  6.2655077321604968E-02 a       638     0    32     1    18
 -1.4138777316605161E-01 a       639     0    32     1    19
  5.2823407844006953E-01 a       640     0    32     1    20
 -1.4933931354745858E-01 a       641     0    33     1     1
  1.1399083475793960E-01 a       642     0    33     1     2
  2.9682348247222023E-01 a       643     0    33     1     3
  4.9904126100366243E-02 a       644     0    33     1     4
 -1.0485630464029665E-01 a       645     0    33     1     5
  1.7518604946565999E-01 a       646     0    33     1     6
  6.0378628503837642E-02 a       647     0    33     1     7
 -2.7823639308518938E-01 a       648     0    33     1     8
 -3.1938150550104366E-01 a       649     0    33     1     9
 -2.0885807360894591E-02 a       650     0    33     1    10
 -1.0661742853662153E-01 a       651     0    33     1    11
  7.1230524776472265E-02 a       652     0    33     1    12
 -2.8516013433156429E-01 a       653     0    33     1    13
 -1.0410098570172710E-01 a       654     0    33     1    14
 -2.3458320974023766E-02 a       655     0    33     1    15
 -9.7263966442893701E-02 a       656     0    33     1    16
 -1.1534640557722763E-01 a       657     0    33     1    17
  2.5767263777212840E-01 a       658     0    33     1    18
 -1.3886983810831235E-01 a       659     0    33     1    19
 -8.7941271571134627E-02 a       660     0    33     1    20
  1.6863781925919738E-01 a       661     0    34     1     1
 -5.1199771422952789E-01 a       662     0    34     1     2
  5.3428925383929640E-02 a       663     0    34     1     3
  7.8397425749609173E-02 a       664     0    34     1     4
  4.6821073454311102E-01 a       665     0    34     1     5
  3.3273175639572872E-01 a       666     0    34     1     6
  2.7896515218301138E-02 a       667     0    34     1     7
 -1.7989124662556810E-01 a       668     0    34     1     8
 -3.6217337665229138E-01 a       669     0    34     1     9
  9.7345308112864112E-02 a       670     0    34     1    10
  2.3403403602325376E-01 a       671     0    34     1    11
  4.3806926814226871E-01 a       672     0    34     1    12
 -6.6040338086515671E-01 a       673     0    34     1    13
  2.5132207621752767E-01 a       674     0    34     1    14
  2.4217149608882868E-01 a       675     0    34     1    15
  4.6004265767720964E-01 a       676     0    34     1    16
  2.0898912338327758E-01 a       677     0    34     1    17
 -1.5051603546702154E-02 a       678     0    34     1    18
  4.3216956360469760E-01 a       679     0    34     1    19
 -1.4841951596371383E-01 a       680     0    34     1    20
  2.0248500236628378E-01 a       681     0    35     1     1
 -4.0244030434631074E-02 a       682     0    35     1     2
  1.5241632845153062E-02 a       683     0    35     1     3
 -2.5732057960835131E-01 a       684     0    35     1     4
  1.3319565918532497E-01 a       685     0    35     1     5
 -2.9071788519159319E-01 a       686     0    35     1     6
  4.4350826906531686E-02 a       687     0    35     1     7
  2.8200606944213535E-01 a       688     0    35     1     8
  1.5830722514026793E-01 a       689     0    35     1     9
 -5.9668983499259941E-02 a       690     0    35     1    10
 -1.3273676451645880E-02 a       691     0    35     1    11
  3.6588351454726686E-01 a       692     0    35     1    12
  3.6002682637997517E-02 a       693     0    35     1    13
  6.7662505676921100E-03 a       694     0    35     1    14
 -1.6493056993181443E-01 a       695     0    35     1    15
  7.7078322000786889E-02 a       696     0    35     1    16
  2.8125843946545676E-01 a       697     0    35     1    17
  6.0218176929826735E-02 a       698     0    35     1    18
  1.5271274864062569E-03 a       699     0    35     1    19
 -2.1750954119894000E-02 a       700     0    35     1    20
 -3.7438204028557148E-01 a       701     0    36     1     1
 -3.2224653145237958E-01 a       702     0    36     1     2
 -3.8765320847380630E-02 a       703     0    36     1     3
  1.0590725929645824E-01 a       704     0    36     1     4
 -2.0805424166234310E-01 a       705     0    36     1     5
  2.3908409103954983E-01 a       706     0    36     1     6
  1.4520831789369884E-01 a       707     0    36     1     7
 -5.4388768372288683E-02 a       708     0    36     1     8
 -1.4074551143139014E-01 a       709     0    36     1     9
 -1.3127525494427345E-01 a       710     0    36     1    10
  1.7386149536098949E-01 a       711     0    36     1    11
  3.5647375293434941E-01 a       712     0    36     1    12
 -3.3282465974726630E-02 a       713     0    36     1    13
  1.0298833135472296E-01 a       714     0    36     1    14
  2.5160494252277099E-01 a       715     0    36     1    15
  1.2707801155325452E-01 a       716     0    36     1    16
 -3.3521518500845934E-02 a       717     0    36     1    17
 -2.6436439694638242E-01 a       718     0    36     1    18
 -2.8834226372055805E-01 a       719     0    36     1    19
 -1.1870136621864988E-01 a       720     0    36     1    20
  5.7255307977017078E-01 a       721     0    37     1     1
  5.7373120149174650E-01 a       722     0    37     1     2
  4.9282671013433987E-01 a       723     0    37     1     3
  1.1940654431381217E-03 a       724     0    37     1     4
  1.9950697341173962E-01 a       725     0    37     1     5
 -4.3130914069568693E-01 a       726     0    37     1     6
  1.6384559546988284E-02 a       727     0    37     1     7
  4.8385362094784351E-01 a       728     0    37     1     8
 -2.8852584025088523E-01 a       729     0    37     1     9
  8.0231350817520905E-02 a       730     0    37     1    10
  4.9868432641436189E-01 a       731     0    37     1    11
 -1.0490360479644975E-01 a       732     0    37     1    12
 -2.5003841071644139E-01 a       733     0    37     1    13
 -3.9678537286407733E-01 a       734     0    37     1    14
 -1.8399021624835588E-01 a       735     0    37     1    15
  1.5877680748876508E-01 a       736     0    37     1    16
 -3.0589071834359183E-01 a       737     0    37     1    17
  2.5290571599555500E-01 a       738     0    37     1    18
  8.3155292410476173E-02 a       739     0    37     1    19
 -4.5083338033953946E-01 a       740     0    37     1    20
 -4.3372106364344687E-03 a       741     0    38     1     1
 -3.0042852255108363E-02 a       742     0    38     1     2
 -2.5713353845667525E-01 a       743     0    38     1     3
  1.1056841857293136E-01 a       744     0    38     1     4
  2.9498322934631988E-01 a       745     0    38     1     5
  1.7838598908142714E-01 a       746     0    38     1     6
 -1.9569898006982892E-01 a       747     0    38     1     7
  1.1945512928007082E-01 a       748     0    38     1     8
  1.4320457383147359E-01 a       749     0    38     1     9
  2.6584971169199251E-01 a       750     0    38     1    10
  4.2592787509967540E-02 a       751     0    38     1    11
  4.9952312702203343E-02 a       752     0    38     1    12
  2.3040464432496016E-01 a       753     0    38     1    13
 -7.0768292980853104E-02 a       754     0    38     1    14
  9.2462042870803986E-03 a       755     0    38     1    15
 -5.9001953469279431E-02 a       756     0    38     1    16
  4.7068077366295258E-02 a       757     0    38     1    17
 -9.4281670414091620E-02 a       758     0    38     1    18
  2.2088953774488157E-01 a       759     0    38     1    19
  4.4821009706301103E-02 a       760     0    38     1    20
 -1.3776646679976598E-01 a       761     0    39     1     1
 -1.7693951456564244E-02 a       762     0    39     1     2
 -3.1556101501826084E-01 a       763     0    39     1     3
  5.0614978319726708E-02 a       764     0    39     1     4
  5.0556405644199061E-02 a       765     0    39     1     5
  4.7572642332734297E-02 a       766     0    39     1     6
  1.7961875486642223E-01 a       767     0    39     1     7
 -1.1974912709878781E-01 a       768     0    39     1     8
  4.1221575888962558E-01 a       769     0    39     1     9
  1.0328229288483885E-01 a       770     0    39     1    10
 -1.0012138214165507E-01 a       771     0    39     1    11
 -1.6473889539498690E-01 a       772     0    39     1    12
  1.6876020630359059E-01 a       773     0    39     1    13
 -7.6586280523317493E-02 a       774     0    39     1    14
 -1.7683680186474121E-01 a       775     0    39     1    15
 -2.8356323647956805E-01 a       776     0    39     1    16
 -1.7737833914487702E-01 a       777     0    39     1    17
 -2.6969308753721732E-02 a       778     0    39     1    18
  3.5771492167535994E-02 a       779     0    39     1    19
  3.4966636985019467E-01 a       780     0    39     1    20
 -1.0796224154312765E-01 a       781     0    40     1     1
  7.0017842391783311E-02 a       782     0    40     1     2
  2.8570695873867546E-01 a       783     0    40     1     3
  1.4778782073650790E-01 a       784     0    40     1     4
  3.0662782616879897E-01 a       785     0    40     1     5
  6.7068378098385603E-02 a       786     0    40     1     6
  6.4180687244941137E-02 a       787     0    40     1     7
  4.3085947487966686E-01 a       788     0    40     1     8
 -2.5083999013927605E-01 a       789     0    40     1     9
 -5.9994439129732277E-02 a       790     0    40     1    10
 -1.4231892896860066E-01 a       791     0    40     1    11
  9.1902488882537256E-02 a       792     0    40     1    12
 -6.6785078484048174E-02 a       793     0    40     1    13
 -8.8188835219951037E-02 a       794     0    40     1    14
 -9.5140991939299355E-02 a       795     0    40     1    15
 -2.1599986358049827E-01 a       796     0    40     1    16
  1.8985969421969888E-02 a       797     0    40     1    17
  2.6360165683837148E-03 a       798     0    40     1    18
 -1.5727723261676585E-01 a       799     0    40     1    19
 -1.4082191081487452E-01 a       800     0    40     1    20
  1.1361834942784343E-01 a       801     0    41     1     1
  3.3493445107312392E-03 a       802     0    41     1     2
  1.8732682006261325E-01 a       803     0    41     1     3
 -3.3995067159571124E-02 a       804     0    41     1     4
 -5.3285913429277042E-02 a       805     0    41     1     5
 -8.2783592389967173E-02 a       806     0    41     1     6
  1.6472993692938104E-02 a       807     0    41     1     7
 -4.1857925850398790E-02 a       808     0    41     1     8
  1.3317867290129287E-01 a       809     0    41     1     9
  1.9815107729231013E-01 a       810     0    41     1    10
  1.1739132351659792E-01 a       811     0    41     1    11
 -8.7939473127510246E-03 a       812     0    41     1    12
 -5.5610909937721220E-02 a       813     0    41     1    13
 -3.7034798038973027E-02 a       814     0    41     1    14
  8.8666967321204784E-02 a       815     0    41     1    15
  5.9677938077340238E-02 a       816     0    41     1    16
  1.0802934434887213E-02 a       817     0    41     1    17
 -1.1532568666548963E-01 a       818     0    41     1    18
  6.4961996675871658E-02 a       819     0    41     1    19
 -1.2237490612281991E-01 a       820     0    41     1    20
 -2.6796722166034103E-03 a       821     0    42     1     1
  4.1606794990821989E-02 a       822     0    42     1     2
 -1.7698353319198251E-01 a       823     0    42     1     3
 -6.7287562788789765E-02 a       824     0    42     1     4
  2.3309349457954989E-01 a       825     0    42     1     5
  6.8914483849851479E-02 a       826     0    42     1     6
  2.4216957029794611E-01 a       827     0    42     1     7
  2.0201770150593326E-01 a       828     0    42     1     8
  1.7082625038471191E-01 a       829     0    42     1     9
  6.6109088325622553E-02 a       830     0    42     1    10
 -3.6767912618757725E-02 a       831     0    42     1    11
 -2.1899598790648384E-01 a       832     0    42     1    12
 -7.6255957191856544E-02 a       833     0    42     1    13
 -7.6915513015770104E-03 a       834     0    42     1    14
 -9.0178892603557881E-02 a       835     0    42     1    15
  5.4512793100893242E-02 a       836     0    42     1    16
 -1.0251050249996220E-01 a       837     0    42     1    17
  5.5468211068392122E-02 a       838     0    42     1    18
  7.6311730520095183E-02 a       839     0    42     1    19
  7.7457155067663375E-02 a       840     0    42     1    20
 -3.0162829528202519E-02 a       841     0    43     1     1
 -1.4655502943706777E-01 a       842     0    43     1     2
 -9.3758208943890448E-02 a       843     0    43     1     3
  6.9177299127727354E-02 a       844     0    43     1     4
  1.6228667839864355E-01 a       845     0    43     1     5
  9.5628534167544355E-02 a       846     0    43     1     6
 -3.2164594192805131E-02 a       847     0    43     1     7
  3.7467088296712400E-02 a       848     0    43     1     8
 -2.0185729535615426E-02 a       849     0    43     1     9
 -1.2423391754467687E-01 a       850     0    43     1    10
 -1.7071899256982388E-02 a       851     0    43     1    11
 -3.5065766725932083E-02 a       852     0    43     1    12
  1.9639103172531026E-02 a       853     0    43     1    13
 -7.9941308542180664E-02 a       854     0    43     1    14
 -3.6945155508600599E-02 a       855     0    43     1    15
 -3.6410146315215552E-02 a       856     0    43     1    16
  1.6710786718167939E-01 a       857     0    43     1    17
 -1.0370641775112198E-01 a       858     0    43     1    18
  1.4074352158858454E-02 a       859     0    43     1    19
 -1.1703525394763203E-01 a       860     0    43     1    20
 -4.7665664410982113E-02 a       861     0    44     1     1
 -5.8452535160650791E-02 a       862     0    44     1     2
 -4.8567435790024469E-02 a       863     0    44     1     3
 -4.7642043874442673E-02 a       864     0    44     1     4
 -4.6659396102865297E-01 a       865     0    44     1     5
 -8.3691462485663337E-02 a       866     0    44     1     6
  3.1202356866825492E-01 a       867     0    44     1     7
 -2.2554186663058012E-01 a       868     0    44     1     8
 -8.4615829271910123E-02 a       869     0    44     1     9
  1.8356119851013800E-01 a       870     0    44     1    10
  2.1228762165288706E-01 a       871     0    44     1    11
  6.9387265994342667E-02 a       872     0    44     1    12
 -8.2336050401105046E-02 a       873     0    44     1    13
  3.5809762956176056E-01 a       874     0    44     1    14
 -7.8702390359653596E-02 a       875     0    44     1    15
 -4.1299517898702715E-01 a       876     0    44     1    16
  6.7087245573911686E-02 a       877     0    44     1    17
 -7.8314156306973290E-02 a       878     0    44     1    18
 -7.6799005340534549E-02 a       879     0    44     1    19
 -9.0779047489529030E-02 a       880     0    44     1    20
 -9.0167611164057276E-02 a       881     0    45     1     1
  6.8022361439721082E-02 a       882     0    45     1     2
 -1.6456713321963803E-01 a       883     0    45     1     3
 -6.4219064405758187E-03 a       884     0    45     1     4
  1.1412979310509329E-01 a       885     0    45     1     5
  8.2698782824632236E-02 a       886     0    45     1     6
 -3.9668813849492113E-02 a       887     0    45     1     7
  2.0831839495639234E-01 a       888     0    45     1     8
  1.4325813511091842E-01 a       889     0    45     1     9
 -6.7497020556884099E-02 a       890     0    45     1    10
  8.8931779948001697E-03 a       891     0    45     1    11
 -1.7557368082418096E-01 a       892     0    45     1    12
 -1.7639264898260433E-02 a       893     0    45     1    13
 -9.0446762785852050E-02 a       894     0    45     1    14
 -1.3138723213247805E-01 a       895     0    45     1    15
  6.8908402651200983E-03 a       896     0    45     1    16
 -1.2783463204314174E-01 a       897     0    45     1    17
  1.2120745259933476E-01 a       898     0    45     1    18
 -4.5406400194440220E-02 a       899     0    45     1    19
  2.6044167304740334E-01 a       900     0    45     1    20
  1.7657247411990956E-01 a       901     0    46     1     1
 -3.0519094121670091E-02 a       902     0    46     1     2
 -1.1517956672453988E-01 a       903     0    46     1     3
 -7.9629268376293028E-02 a       904     0    46     1     4
 -3.0516529049596741E-01 a       905     0    46     1     5
 -1.5148832799529549E-01 a       906     0    46     1     6
  9.8135221849932550E-02 a       907     0    46     1     7
 -1.2002707951243811E-01 a       908     0    46     1     8
  2.8393448368912888E-02 a       909     0    46     1     9
  1.6985684189020359E-02 a       910     0    46     1    10
 -5.7502847592590840E-02 a       911     0    46     1    11
 -6.5314286329686611E-01 a       912     0    46     1    12
 -4.5877522680748233E-02 a       913     0    46     1    13
 -9.9064564635097566E-02 a       914     0    46     1    14
  3.7062521778527369E-02 a       915     0    46     1    15
 -2.4868601786072930E-01 a       916     0    46     1    16
  1.4445748423588523E-01 a       917     0    46     1    17
 -2.4757623816148785E-01 a       918     0    46     1    18
  1.5122370113559866E-01 a       919     0    46     1    19
  2.9100736384563630E-01 a       920     0    46     1    20
 -1.8271815473898567E-01 a       921     0    47     1     1
 -6.5419314952039742E-01 a       922     0    47     1     2
  1.0226423287140958E-01 a       923     0    47     1     3
  1.1829653489428756E-01 a       924     0    47     1     4
  3.6551909224525847E-01 a       925     0    47     1     5
  4.5696607820599994E-01 a       926     0    47     1     6
 -1.5213987628510725E-01 a       927     0    47     1     7
 -3.0022901067357444E-01 a       928     0    47     1     8
  7.2225615783843189E-01 a       929     0    47     1     9
  6.0424549420080874E-02 a       930     0    47     1    10
 -1.2415907225542319E-01 a       931     0    47     1    11
  1.3350840674317495E+00 a       932     0    47     1    12
 -4.2656266544659927E-02 a       933     0    47     1    13
  9.9550520225905159E-01 a       934     0    47     1    14
  6.5823712528206929E-02 a       935     0    47     1    15
  7.4758134105558205E-01 a       936     0    47     1    16
  4.7226600295640342E-01 a       937     0    47     1    17
 -1.9649361212269272E-02 a       938     0    47     1    18
  2.8772024187710599E-01 a       939     0    47     1    19
 -5.6138659807115451E-02 a       940     0    47     1    20
 -3.2341734006828909E-02 a       941     0    48     1     1
 -1.0091372825529452E-02 a       942     0    48     1     2
  1.4493160889948922E-01 a       943     0    48     1     3
 -7.9814411799915566E-02 a       944     0    48     1     4
 -3.3578471140871030E-01 a       945     0    48     1     5
 -1.1984521982925309E-01 a       946     0    48     1     6
  2.2171875844015465E-01 a       947     0    48     1     7
 -1.1848038074747949E-02 a       948     0    48     1     8
 -9.9887170550457607E-02 a       949     0    48     1     9
 -1.0552931206732998E-01 a       950     0    48     1    10
  9.8948170757910098E-02 a       951     0    48     1    11
 -8.0095454536179250E-02 a       952     0    48     1    12
 -1.3181823822105701E-01 a       953     0    48     1    13
  7.5279381704030063E-02 a       954     0    48     1    14
  9.1839576764538036E-02 a       955     0    48     1    15
  1.1143686158990002E-01 a       956     0    48     1    16
  7.5016082035761211E-02 a       957     0    48     1    17
 -1.4001278583993412E-01 a       958     0    48     1    18
 -1.3296332182643822E-01 a       959     0    48     1    19
  1.0182086168231670E-01 a       960     0    48     1    20
 -3.5085469829678896E-02 a       961     0    49     1     1
  2.8030158284246753E-01 a       962     0    49     1     2
  3.0711502073940189E-02 a       963     0    49     1     3
 -1.4889514764127650E-03 a       964     0    49     1     4
  3.7595103686826607E-02 a       965     0    49     1     5
 -5.5521343018618351E-02 a       966     0    49     1     6
  7.3928065090826972E-02 a       967     0    49     1     7
  3.2461496770924102E-02 a       968     0    49     1     8
 -4.1357613101553553E-01 a       969     0    49     1     9
 -1.3761794426574409E-01 a       970     0    49     1    10
 -2.2890160956567507E-01 a       971     0    49     1    11
 -2.2919345550969830E-01 a       972     0    49     1    12
  1.4370521816630327E-01 a       973     0    49     1    13
 -2.3876343029706726E-01 a       974     0    49     1    14
  5.7736370098552293E-02 a       975     0    49     1    15
 -2.3370566028812031E-01 a       976     0    49     1    16
 -9.8787402098844720E-02 a       977     0    49     1    17
  2.5211304254501571E-01 a       978     0    49     1    18
 -1.4029863152561586E-01 a       979     0    49     1    19
 -1.7697132049829428E-01 a       980     0    49     1    20
  8.4406462102256580E-02 a       981     0    50     1     1
 -3.9187293455942344E-02 a       982     0    50     1     2
 -2.6914818080091794E-02 a       983     0    50     1     3
 -5.6116639788259079E-02 a       984     0    50     1     4
  5.3593729613909173E-02 a       985     0    50     1     5
 -5.7484038100848144E-02 a       986     0    50     1     6
 -2.4532659493460393E-01 a       987     0    50     1     7
 -2.7854223696116903E-01 a       988     0    50     1     8
 -7.7981249320017224E-03 a       989     0    50     1     9
 -1.0477382769236421E-02 a       990     0    50     1    10
 -5.7059205794752238E-02 a       991     0    50     1    11
  1.1382889954579767E-01 a       992     0    50     1    12
 -4.4716644043037095E-02 a       993     0    50     1    13
  1.3499898878936714E-01 a       994     0    50     1    14
  6.2875170103596820E-02 a       995     0    50     1    15
  1.2229546667280898E-01 a       996     0    50     1    16
  3.4412257788855018E-02 a       997     0    50     1    17
  6.4738035273689307E-02 a       998     0    50     1    18
  5.6275388350169021E-02 a       999     0    50     1    19
 -7.7947800497056838E-02 a      1000     0    50     1    20
 -2.8984451994698279E-01 b      1001     1     1
  1.6660834032063329E-01 b      1002     1     2
 -1.3417869246265904E-01 b      1003     1     3
  4.6610004892021056E-01 b      1004     1     4
 -1.0971357248152454E+00 b      1005     1     5
 -7.4212788195621882E-01 b      1006     1     6
 -1.5001835556512466E+00 b      1007     1     7
 -1.0910980484686124E+00 b      1008     1     8
 -1.0541165006348121E+00 b      1009     1     9
 -1.1467086241432957E-01 b      1010     1    10
  2.4381771186404522E-01 b      1011     1    11
 -5.8976788297828964E-01 b      1012     1    12
 -5.5674555446015650E-01 b      1013     1    13
  1.2640686572826905E+00 b      1014     1    14
 -5.3768776373577243E-01 b      1015     1    15
 -1.2895244696809525E+00 b      1016     1    16
 -8.0442932147123747E-01 b      1017     1    17
 -6.7183495303066054E-02 b      1018     1    18
  1.6899084707630940E-01 b      1019     1    19
  1.3244718754190974E+00 b      1020     1    20
 -2.1145544567556268E-01 a      1021     1     1     2     1
 -3.5552108538833610E-01 a      1022     1     1     2     2
  6.8294966820280290E-01 a      1023     1     1     2     3
  4.4415485643429459E-01 a      1024     1     1     2     4
  3.4879983144365329E-01 a      1025     1     1     2     5
  8.2096499453238614E-01 a      1026     1     1     2     6
  7.3217172308050082E-01 a      1027     1     1     2     7
  1.3561834046245216E-01 a      1028     1     1     2     8
 -4.1935669221292493E-01 a      1029     1     1     2     9
  5.0484269251365559E-02 a      1030     1     1     2    10
  6.3210864605622766E-02 a      1031     1     1     2    11
  2.9267561323869562E-01 a      1032     1     1     2    12
  2.6959225387534769E-01 a      1033     1     1     2    13
  4.3086546913897983E-01 a      1034     1     1     2    14
 -2.0106885103704200E-01 a      1035     1     1     2    15
 -4.6706511347156376E-01 a      1036     1     1     2    16
 -4.2595438416906767E-01 a      1037     1     1     2    17
 -2.4703046064286519E-01 a      1038     1     1     2    18
 -4.6296285701494649E-01 a      1039     1     1     2    19
 -2.8767726186743066E-02 a      1040     1     1     2    20
 -7.2130907548340339E-01 a      1041     1     2     2     1
  3.8036363719421423E-01 a      1042     1     2     2     2
  8.5473597457785033E-01 a      1043     1     2     2     3
 -1.7176937466452719E-01 a      1044     1     2     2     4
 -5.9537236417639594E-01 a      1045     1     2     2     5
  4.3309010813432186E-01 a      1046     1     2     2     6
  5.9343147785408545E-01 a      1047     1     2     2     7
 -1.1805146191114443E-01 a      1048     1     2     2     8
 -5.7976153190932789E-01 a      1049     1     2     2     9
  2.9644215610523561E-01 a      1050     1     2     2    10
  4.2093329868644924E-01 a      1051     1     2     2    11
 -4.8685770343554791E-01 a      1052     1     2     2    12
  2.0079488853176231E-01 a      1053     1     2     2    13
  7.5002875498563837E-01 a      1054     1     2     2    14
  1.2618150914652418E-01 a      1055     1     2     2    15
 -6.9755999868020968E-01 a      1056     1     2     2    16
 -7.4779229867803998E-01 a      1057     1     2     2    17
  3.0044732722751361E-01 a      1058     1     2     2    18
 -2.5763019012301602E-01 a      1059     1     2     2    19
  4.3376004205590951E-01 a      1060     1     2     2    20
 -1.0061324572551519E-01 a      1061     1     3     2     1
  3.4701957188068439E-01 a      1062     1     3     2     2
 -5.3027477905392084E-01 a      1063     1     3     2     3
 -4.4903171656135876E-01 a      1064     1     3     2     4
 -4.0591216966485993E-01 a      1065     1     3     2     5
 -6.4097123087077823E-02 a      1066     1     3     2     6
  1.3123503913788231E-01 a      1067     1     3     2     7
  3.0006273202951028E-01 a      1068     1     3     2     8
  1.8275177397201450E-01 a      1069     1     3     2     9
 -3.4897096501525471E-01 a      1070     1     3     2    10
 -1.2690491634577075E-01 a      1071     1     3     2    11
 -3.3021651014258474E-01 a      1072     1     3     2    12
  7.8049958534058994E-01 a      1073     1     3     2    13
  3.7056680172408957E-01 a      1074     1     3     2    14
  4.0250337066385639E-01 a      1075     1     3     2    15
  1.3466072213896901E-02 a      1076     1     3     2    16
 -2.3331969025953167E-01 a      1077     1     3     2    17
 -5.7367381651617233E-01 a      1078     1     3     2    18
  1.9080544936192231E-01 a      1079     1     3     2    19
 -5.4335199835684067E-01 a      1080     1     3     2    20
 -1.9782626516221546E-01 a      1081     1     4     2     1
  5.7691955718116683E-01 a      1082     1     4     2     2
 -3.7503591977076872E-01 a      1083     1     4     2     3
  5.3088502722055120E-01 a      1084     1     4     2     4
  6.6279175996556153E-02 a      1085     1     4     2     5
 -6.3511122353479318E-02 a      1086     1     4     2     6
  8.0292947740843140E-02 a      1087     1     4     2     7
  5.7721070167257171E-01 a      1088     1     4     2     8
 -1.7311585317935965E-01 a      1089     1     4     2     9
 -7.9269019619104819E-02 a      1090     1     4     2    10
  2.1798999698566063E-01 a      1091     1     4     2    11
 -6.6845399907713232E-01 a      1092     1     4     2    12
 -4.7585612462118237E-01 a      1093     1     4     2    13
 -3.9239890619818701E-01 a      1094     1     4     2    14
  6.0853375943106958E-01 a      1095     1     4     2    15
 -4.2053735024683347E-01 a      1096     1     4     2    16
  2.4210428470593984E-01 a      1097     1     4     2    17
  6.4808721402820757E-01 a      1098     1     4     2    18
 -1.5465446802712096E-01 a      1099     1     4     2    19
 -3.8211169272483542E-01 a      1100     1     4     2    20
  2.8125904744909686E-01 a      1101     1     5     2     1
  1.4528553843510819E-01 a      1102     1     5     2     2
  4.0989707686225518E-01 a      1103     1     5     2     3
  4.0865105480303265E-01 a      1104     1     5     2     4
  2.0974981292098210E-01 a      1105     1     5     2     5
 -4.1102977004929886E-01 a      1106     1     5     2     6
 -1.3608459592201491E-01 a      1107     1     5     2     7
  3.7533771958546291E-01 a      1108     1     5     2     8
  4.5841900984696637E-01 a      1109     1     5     2     9
  4.9134660027053506E-01 a      1110     1     5     2    10
 -5.7731684710881759E-01 a      1111     1     5     2    11
  4.9597915913911805E-01 a      1112     1     5     2    12
  2.6498810495560932E-01 a      1113     1     5     2    13
 -7.1200584342259132E-01 a      1114     1     5     2    14
  1.9784345559610125E-01 a      1115     1     5     2    15
  4.8180833267900575E-01 a      1116     1     5     2    16
 -6.7978632436316810E-01 a      1117     1     5     2    17
 -1.6053073930870462E-01 a      1118     1     5     2    18
  3.1176667464739471E-01 a      1119     1     5     2    19
  3.7865293662282989E-01 a      1120     1     5     2    20
 -2.1875300640036199E-01 a      1121     1     6     2     1
 -6.1026769659255597E-01 a      1122     1     6     2     2
  1.8874333956372671E-01 a      1123     1     6     2     3
 -1.5156621595810424E-01 a      1124     1     6     2     4
 -8.1026952644410984E-04 a      1125     1     6     2     5
  6.9954570455100984E-01 a      1126     1     6     2     6
  1.2932352765406513E-01 a      1127     1     6     2     7
 -7.1800446855222438E-02 a      1128     1     6     2     8
  1.5796655049434549E-01 a      1129     1     6     2     9
 -3.3117002550202540E-01 a      1130     1     6     2    10
 -2.1272121289046514E-01 a      1131     1     6     2    11
  6.5645453012523070E-01 a      1132     1     6     2    12
 -1.7928277737903273E-01 a      1133     1     6     2    13
  8.9309378713552101E-02 a      1134     1     6     2    14
  7.4908024331704071E-02 a      1135     1     6     2    15
  5.7548424347992078E-01 a      1136     1     6     2    16
 -1.0684290370202386E-01 a      1137     1     6     2    17
 -2.1511339402883387E-01 a      1138     1     6     2    18
 -5.1986959146088585E-01 a      1139     1     6     2    19
 -2.7639819388429676E-01 a      1140     1     6     2    20
 -3.6758123984509311E-02 a      1141     1     7     2     1
 -2.7107648129424367E-01 a      1142     1     7     2     2
 -3.7821531956601001E-01 a      1143     1     7     2     3
  3.4431631179285532E-01 a      1144     1     7     2     4
 -2.0535062120588363E-01 a      1145     1     7     2     5
  1.5395103369921381E-01 a      1146     1     7     2     6
  3.7237163467486561E-01 a      1147     1     7     2     7
  3.7898736306503183E-01 a      1148     1     7     2     8
 -5.6079296308811588E-01 a      1149     1     7     2     9
  3.3739927313517898E-01 a      1150     1     7     2    10
  2.0579597016224463E-01 a      1151     1     7     2    11
  2.3317051397442343E-01 a      1152     1     7     2    12
  7.4956930059232069E-02 a      1153     1     7     2    13
  4.0592340068034266E-01 a      1154     1     7     2    14
 -1.5741979566304962E-01 a      1155     1     7     2    15
 -4.3260505871950850E-01 a      1156     1     7     2    16
 -1.9710417972377844E-01 a      1157     1     7     2    17
 -4.2589313923473737E-01 a      1158     1     7     2    18
  2.2576662268628347E-01 a      1159     1     7     2    19
 -3.6642138172746402E-01 a      1160     1     7     2    20
  4.6675903485392423E-01 a      1161     1     8     2     1
  1.8096224466536340E-01 a      1162     1     8     2     2
 -2.5736362955331488E-01 a      1163     1     8     2     3
  5.4333958521193486E-02 a      1164     1     8     2     4
 -4.5758626706903377E-01 a      1165     1     8     2     5
 -1.7837442990908792E-01 a      1166     1     8     2     6
 -1.4761216979615122E-01 a      1167     1     8     2     7
 -4.7616092282100714E-01 a      1168     1     8     2     8
 -9.3454739021208169E-02 a      1169     1     8     2     9
 -3.2955687589537946E-01 a      1170     1     8     2    10
  4.7705759246210726E-02 a      1171     1     8     2    11
 -4.4975960362733314E-01 a      1172     1     8     2    12
 -4.7722113037440733E-01 a      1173     1     8     2    13
  2.0747597307018320E-02 a      1174     1     8     2    14
  2.3077164387099747E-01 a      1175     1     8     2    15
 -3.0100948961227725E-01 a      1176     1     8     2    16
  3.8465424095799061E-02 a      1177     1     8     2    17
 -4.4976003564542821E-01 a      1178     1     8     2    18
  7.5891090543804191E-02 a      1179     1     8     2    19
 -9.7798658543160472E-02 a      1180     1     8     2    20
 -1.3004695767146263E-01 a      1181     1     9     2     1
 -3.4025146190003036E-01 a      1182     1     9     2     2
  3.3601822324144448E-01 a      1183     1     9     2     3
 -3.2331685597596233E-01 a      1184     1     9     2     4
  2.8438457518066873E-01 a      1185     1     9     2     5
 -3.3687435649590702E-01 a      1186     1     9     2     6
 -7.7514623533626503E-01 a      1187     1     9     2     7
  3.1926258913548777E-01 a      1188     1     9     2     8
 -3.3963446831185878E-01 a      1189     1     9     2     9
 -2.0147634770577191E-01 a      1190     1     9     2    10
  2.7731188705392129E-01 a      1191     1     9     2    11
  6.2115106775222140E-01 a      1192     1     9     2    12
 -5.0815865737152865E-01 a      1193     1     9     2    13
 -3.4423670767220149E-01 a      1194     1     9     2    14
  3.8856226817844119E-01 a      1195     1     9     2    15
  6.8021533436290726E-01 a      1196     1     9     2    16
 -4.5514622624932888E-01 a      1197     1     9     2    17
  1.7049400835220541E-01 a      1198     1     9     2    18
 -8.9504627024603794E-02 a      1199     1     9     2    19
  4.4706085414431651E-01 a      1200     1     9     2    20
 -1.8515575994218778E-01 a      1201     1    10     2     1
  1.9540095416809378E-01 a      1202     1    10     2     2
 -4.2184551471720538E-01 a      1203     1    10     2     3
  5.4779512119428310E-02 a      1204     1    10     2     4
  1.4818157354714045E-01 a      1205     1    10     2     5
 -2.5604775131898816E-01 a      1206     1    10     2     6
 -6.4656164276828654E-01 a      1207     1    10     2     7
 -3.2181175121576905E-01 a      1208     1    10     2     8
 -4.1456189854101388E-01 a      1209     1    10     2     9
  2.3161605727671830E-01 a      1210     1    10     2    10
  3.5389388937138289E-01 a      1211     1    10     2    11
  1.3070749632814807E-01 a      1212     1    10     2    12
  5.1534064962166426E-01 a      1213     1    10     2    13
  1.7165000303213121E-01 a      1214     1    10     2    14
 -3.1701861196981584E-01 a      1215     1    10     2    15
 -6.9632087198230955E-02 a      1216     1    10     2    16
 -3.1669594336893002E-03 a      1217     1    10     2    17
 -2.7026416125350811E-01 a      1218     1    10     2    18
 -9.3568480914105939E-02 a      1219     1    10     2    19
  2.8196325411911510E-01 a      1220     1    10     2    20
 -6.3065989409046463E-01 a      1221     1    11     2     1
 -1.6214258352859559E-01 a      1222     1    11     2     2
  1.1160661219063510E-01 a      1223     1    11     2     3
  5.9476167927746171E-01 a      1224     1    11     2     4
  1.6798349314252431E-01 a      1225     1    11     2     5
 -7.0474865100434757E-03 a      1226     1    11     2     6
  4.7739050176698361E-01 a      1227     1    11     2     7
  4.2238512863167138E-01 a      1228     1    11     2     8
  1.1951525327778935E-01 a      1229     1    11     2     9
  3.1338974148668447E-01 a      1230     1    11     2    10
 -3.7377129120097835E-01 a      1231     1    11     2    11
 -2.0859438709866462E-01 a      1232     1    11     2    12
  9.2498198417358102E-01 a      1233     1    11     2    13
  1.2879062916066594E-01 a      1234     1    11     2    14
  6.7905961797138092E-01 a      1235     1    11     2    15
 -3.7979833667712981E-01 a      1236     1    11     2    16
  3.4332715092535404E-01 a      1237     1    11     2    17
  2.6468364808637845E-01 a      1238     1    11     2    18
  4.8079294842437403E-01 a      1239     1    11     2    19
 -1.2628106810809886E-01 a      1240     1    11     2    20
 -3.7221186914528898E-01 a      1241     1    12     2     1
 -3.5524076123031362E-01 a      1242     1    12     2     2
  3.1310739486732242E-01 a      1243     1    12     2     3
  1.0570800201942564E-01 a      1244     1    12     2     4
 -3.9554539710415010E-01 a      1245     1    12     2     5
  1.8680790844561551E-01 a      1246     1    12     2     6
  8.3876963153793963E-02 a      1247     1    12     2     7
  4.2528365754303954E-01 a      1248     1    12     2     8
 -4.0708158590135479E-01 a      1249     1    12     2     9
 -1.7030046954822436E-01 a      1250     1    12     2    10
  6.2898373634084415E-01 a      1251     1    12     2    11
  6.7879911592795217E-02 a      1252     1    12     2    12
 -6.7223927953388629E-01 a      1253     1    12     2    13
 -1.1687019211194947E+00 a      1254     1    12     2    14
 -2.5501720475759210E-01 a      1255     1    12     2    15
 -2.1925949485081167E-01 a      1256     1    12     2    16
  6.6347462052911010E-01 a      1257     1    12     2    17
  6.9847420857616069E-02 a      1258     1    12     2    18
 -3.3974783059811486E-01 a      1259     1    12     2    19
 -5.7471776245571614E-02 a      1260     1    12     2    20
 -2.5534062917501860E-01 a      1261     1    13     2     1
 -5.7804818337769137E-01 a      1262     1    13     2     2
 -5.0805944857455966E-02 a      1263     1    13     2     3
 -1.7510105594305261E-01 a      1264     1    13     2     4
 -7.1844977163660451E-01 a      1265     1    13     2     5
 -1.9423800400692806E-01 a      1266     1    13     2     6
 -1.8742713643022182E-01 a      1267     1    13     2     7
 -6.8411182667474735E-01 a      1268     1    13     2     8
 -1.5044682792195357E-01 a      1269     1    13     2     9
  4.3744419242490040E-01 a      1270     1    13     2    10
 -3.3342536993440569E-01 a      1271     1    13     2    11
  1.6010371397314466E-01 a      1272     1    13     2    12
  4.1975168080150488E-01 a      1273     1    13     2    13
 -1.8363300664672591E-01 a      1274     1    13     2    14
 -2.0696236744276922E-01 a      1275     1    13     2    15
 -2.1526353058084374E-01 a      1276     1    13     2    16
 -2.3748483207043478E-01 a      1277     1    13     2    17
  3.5175845579084408E-01 a      1278     1    13     2    18
  6.4885315007499034E-01 a      1279     1    13     2    19
 -1.7130487969932001E-01 a      1280     1    13     2    20
 -2.2429965008371025E-01 a      1281     1    14     2     1
  4.0341991917587611E-01 a      1282     1    14     2     2
 -5.8360444854547544E-01 a      1283     1    14     2     3
  1.8635654086042464E-01 a      1284     1    14     2     4
  1.2106371170481353E-01 a      1285     1    14     2     5
  4.4867464358735304E-01 a      1286     1    14     2     6
 -2.4203611611125370E-01 a      1287     1    14     2     7
 -4.3129480640873036E-01 a      1288     1    14     2     8
  6.8597340205256263E-01 a      1289     1    14     2     9
  4.7647649193334402E-01 a      1290     1    14     2    10
 -3.6103012114525113E-01 a      1291     1    14     2    11
 -1.8617993126792493E-01 a      1292     1    14     2    12
  3.8556184649132103E-01 a      1293     1    14     2    13
 -2.3640321408614198E-01 a      1294     1    14     2    14
 -4.4892498362280059E-01 a      1295     1    14     2    15
  6.0232275957046599E-01 a      1296     1    14     2    16
 -3.9481748587835397E-01 a      1297     1    14     2    17
  4.9920341992750916E-01 a      1298     1    14     2    18
  5.8601903327165628E-01 a      1299     1    14     2    19
  4.6046404172491745E-01 a      1300     1    14     2    20
  4.3978482078347930E-01 a      1301     1    15     2     1
 -1.6478400609755017E-01 a      1302     1    15     2     2
  4.7962191093289513E-01 a      1303     1    15     2     3
  8.1833804121048648E-01 a      1304     1    15     2     4
 -5.1121592651455605E-01 a      1305     1    15     2     5
 -1.2142982635715277E-01 a      1306     1    15     2     6
  9.7269557087330552E-02 a      1307     1    15     2     7
  4.2624815058567700E-01 a      1308     1    15     2     8
  1.6988789729989262E-01 a      1309     1    15     2     9
 -6.0576319697083447E-01 a      1310     1    15     2    10
 -3.6671236475022029E-01 a      1311     1    15     2    11
 -1.5697844808442865E-01 a      1312     1    15     2    12
 -6.9837385723778678E-01 a      1313     1    15     2    13
 -7.0572693068675774E-01 a      1314     1    15     2    14
 -2.4500385643646289E-01 a      1315     1    15     2    15
 -3.3605384499159169E-01 a      1316     1    15     2    16
  9.5293277873478195E-03 a      1317     1    15     2    17
  1.5885051959853122E-01 a      1318     1    15     2    18
  1.7252778674567285E-01 a      1319     1    15     2    19
 -1.8505425734528302E-01 a      1320     1    15     2    20
  4.5206072031228822E-01 a      1321     1    16     2     1
  5.1449009632648646E-01 a      1322     1    16     2     2
 -3.2100188183881478E-01 a      1323     1    16     2     3
 -4.5889587397610121E-01 a      1324     1    16     2     4
 -1.7819749869813445E-01 a      1325     1    16     2     5
  6.5852633125846327E-01 a      1326     1    16     2     6
 -1.0923727644356016E-01 a      1327     1    16     2     7
 -1.8878670774488595E-02 a      1328     1    16     2     8
  3.6183236255282125E-01 a      1329     1    16     2     9
  2.6394297621479895E-01 a      1330     1    16     2    10
  8.4074949319775175E-02 a      1331     1    16     2    11
 -8.8127140156940662E-04 a      1332     1    16     2    12
 -1.3164510055210563E-01 a      1333     1    16     2    13
 -4.8101841812334317E-01 a      1334     1    16     2    14
 -1.9854354161412763E-01 a      1335     1    16     2    15
  2.1599324732848704E-01 a      1336     1    16     2    16
  3.4104999773224026E-01 a      1337     1    16     2    17
  1.0766235133338363E-01 a      1338     1    16     2    18
 -6.2956888207390471E-01 a      1339     1    16     2    19
  7.4096544199554845E-02 a      1340     1    16     2    20
  3.4539473531528553E-01 a      1341     1    17     2     1
 -4.8376844616356740E-01 a      1342     1    17     2     2
  2.2154791298974502E-01 a      1343     1    17     2     3
  9.0433022856820103E-02 a      1344     1    17     2     4
 -1.5629330851951142E-02 a      1345     1    17     2     5
 -2.1356883615821107E-01 a      1346     1    17     2     6
 -7.7026733303884065E-01 a      1347     1    17     2     7
  2.4795479401649578E-01 a      1348     1    17     2     8
 -5.0396339802886236E-01 a      1349     1    17     2     9
 -7.2572061029643420E-01 a      1350     1    17     2    10
  1.5583796547113163E-01 a      1351     1    17     2    11
 -2.0199572999088231E-01 a      1352     1    17     2    12
  2.1380272890130189E-01 a      1353     1    17     2    13
 -2.1035428711456780E-01 a      1354     1    17     2    14
  4.2193800953950039E-01 a      1355     1    17     2    15
  5.8404864559697600E-01 a      1356     1    17     2    16
 -4.7785547196950218E-01 a      1357     1    17     2    17
  1.8813078367351949E-01 a      1358     1    17     2    18
  3.1250229317576228E-01 a      1359     1    17     2    19
  1.5054416814988386E-01 a      1360     1    17     2    20
  2.9785131603837095E-01 a      1361     1    18     2     1
 -2.0288876581299289E-01 a      1362     1    18     2     2
 -1.0023004694177490E-01 a      1363     1    18     2     3
  6.1909664250322327E-01 a      1364     1    18     2     4
  2.6119218206782147E-01 a      1365     1    18     2     5
 -2.8427932345791668E-01 a      1366     1    18     2     6
 -4.5098519109205759E-01 a      1367     1    18     2     7
  1.4978064805840952E-01 a      1368     1    18     2     8
  3.1965428390406819E-01 a      1369     1    18     2     9
 -2.0546350881889580E-01 a      1370     1    18     2    10
 -4.8564381712786409E-01 a      1371     1    18     2    11
 -3.4939974750619657E-01 a      1372     1    18     2    12
 -9.7755857191258830E-02 a      1373     1    18     2    13
  1.1178712509506221E-02 a      1374     1    18     2    14
  7.0817755716831654E-01 a      1375     1    18     2    15
  3.4570657434719809E-01 a      1376     1    18     2    16
  1.2574835012837080E-02 a      1377     1    18     2    17
 -6.4197582736630199E-01 a      1378     1    18     2    18
 -9.9596285753109873E-02 a      1379     1    18     2    19
 -3.5783453832114243E-01 a      1380     1    18     2    20
 -3.6335076907897407E-01 a      1381     1    19     2     1
 -2.3975419615785889E-02 a      1382     1    19     2     2
  9.1857988461863882E-02 a      1383     1    19     2     3
 -2.6256238625882056E-01 a      1384     1    19     2     4
  1.2018579358039270E+00 a      1385     1    19     2     5
 -4.2554651063018201E-01 a      1386     1    19     2     6
  9.0910878043866872E-01 a      1387     1    19     2     7
  4.9488818758740094E-01 a      1388     1    19     2     8
  5.8922545831688400E-01 a      1389     1    19     2     9
 -1.5254532896362133E-01 a      1390     1    19     2    10
 -1.6083381091976492E-01 a      1391     1    19     2    11
 -6.2114934215803863E-01 a      1392     1    19     2    12
 -2.7447066014259341E-01 a      1393     1    19     2    13
 -7.6300102676505410E-01 a      1394     1    19     2    14
  2.7209157846129928E-01 a      1395     1    19     2    15
  3.6009984995333638E-01 a      1396     1    19     2    16
  2.8377457076833429E-01 a      1397     1    19     2    17
  3.2190873295425104E-01 a      1398     1    19     2    18
 -5.0534280087299321E-01 a      1399     1    19     2    19
  2.5748482697926378E-01 a      1400     1    19     2    20
  3.9228855097904408E-01 a      1401     1    20     2     1
  1.5959931774529315E-01 a      1402     1    20     2     2
 -3.9188629558784643E-01 a      1403     1    20     2     3
  1.1192876590326171E-01 a      1404     1    20     2     4
  4.1286416184688375E-02 a      1405     1    20     2     5
 -6.8212467289224565E-01 a      1406     1    20     2     6
 -2.7136169650787356E-01 a      1407     1    20     2     7
 -3.4729014615483600E-01 a      1408     1    20     2     8
 -1.8711665156137550E-01 a      1409     1    20     2     9
 -4.5268183733832440E-01 a      1410     1    20     2    10
 -1.1731394782528977E-01 a      1411     1    20     2    11
 -3.3967349161755472E-01 a      1412     1    20     2    12
  1.5783767114828523E-01 a      1413     1    20     2    13
 -7.6688841203607139E-01 a      1414     1    20     2    14
  4.4450165740082342E-01 a      1415     1    20     2    15
 -8.3434823682573808E-02 a      1416     1    20     2    16
 -5.5326511242989491E-02 a      1417     1    20     2    17
  5.5969969267804620E-01 a      1418     1    20     2    18
  2.7500962315629862E-01 a      1419     1    20     2    19
 -1.4927559897151589E-02 a      1420     1    20     2    20
  4.7872660402705425E-01 b      1421     2     1
  5.1788422301939074E-01 b      1422     2     2
 -5.7401207914856789E-01 b      1423     2     3
  1.3208239986602490E+00 b      1424     2     4
  1.1811356424384114E+00 b      1425     2     5
 -1.0314865795835009E+00 b      1426     2     6
  9.9132863284750561E-01 b      1427     2     7
 -1.5035558482691367E+00 b      1428     2     8
  1.7845657000077059E-01 b      1429     2     9
  1.5303313258241924E+00 b      1430     2    10
 -1.1763426876313437E-02 b      1431     2    11
  2.0731932954185231E-01 b      1432     2    12
  1.5934846719541231E+00 b      1433     2    13
  1.1344859200977762E+00 b      1434     2    14
 -4.0860596402951194E-01 b      1435     2    15
 -8.1091555415131314E-02 b      1436     2    16
 -5.2219459078299657E-01 b      1437     2    17
  8.0777173135259028E-01 b      1438     2    18
  1.1414096843226540E+00 b      1439     2    19
  9.7551429898074826E-01 b      1440     2    20
  3.6644572214408248E-02 a      1441     2     1     3     1
 -2.0363896458392305E-01 a      1442     2     2     3     1
  9.6797342403594533E-01 a      1443     2     3     3     1
 -1.1424660575874603E+00 a      1444     2     4     3     1
 -6.2239949768901492E-01 a      1445     2     5     3     1
  7.3310153653995713E-01 a      1446     2     6     3     1
 -1.1605102875338160E+00 a      1447     2     7     3     1
  6.1575747576391382E-01 a      1448     2     8     3     1
 -9.6601708834358779E-01 a      1449     2     9     3     1
 -4.6568122656417799E-01 a      1450     2    10     3     1
 -5.3834452947938172E-01 a      1451     2    11     3     1
  1.2211544437032698E+00 a      1452     2    12     3     1
  6.6713330958146977E-01 a      1453     2    13     3     1
 -4.6782282564131361E-01 a      1454     2    14     3     1
 -6.9063616537103342E-02 a      1455     2    15     3     1
 -3.3207309210728148E-01 a      1456     2    16     3     1
  1.1959931374166573E-01 a      1457     2    17     3     1
 -6.7351123852966621E-01 a      1458     2    18     3     1
 -2.9857051814151786E-01 a      1459     2    19     3     1
  6.0517532690826881E-01 a      1460     2    20     3     1
  8.2938463307441757E-01 b      1461     3     1
