################################################################################
# Neural network connection values (weights and biases).
################################################################################
# Col  Name       Description
################################################################################
# 1    connection Neural network connection value.
# 2    t          Connection type (a = weight, b = bias).
# 3    index      Index enumerating weights.
# 4    l_s        Starting point layer (end point layer for biases).
# 5    n_s        Starting point neuron in starting layer (end point neuron for biases).
# 6    l_e        End point layer.
# 7    n_e        End point neuron in end layer.
################################################################################
#                      1 2         3     4     5     6     7
#             connection t     index   l_s   n_s   l_e   n_e
############################################################
  7.5291207776994482E-02 a         1     0     1     1     1
  2.3792647425192003E-02 a         2     0     1     1     2
  3.1157190103434977E-02 a         3     0     1     1     3
  6.5787774255199452E-02 a         4     0     1     1     4
 -8.0471064200328790E-01 a         5     0     1     1     5
 -1.2828830332218516E-01 a         6     0     1     1     6
  2.6551411793646529E-01 a         7     0     1     1     7
  2.3451029525866116E-01 a         8     0     1     1     8
 -3.2237205506378347E-02 a         9     0     1     1     9
  1.0685882099781630E-01 a        10     0     1     1    10
  3.4973368192427456E-01 a        11     0     1     1    11
  2.4809775115925203E-02 a        12     0     1     1    12
  7.9153949146427469E-02 a        13     0     1     1    13
 -4.4979014717371790E-01 a        14     0     1     1    14
 -9.5257694222627101E-02 a        15     0     1     1    15
 -1.4954294835713474E-02 a        16     0     1     1    16
  1.8876291683416221E-01 a        17     0     1     1    17
  1.2664188021432343E-01 a        18     0     1     1    18
  1.1476177243596317E-01 a        19     0     1     1    19
 -2.6747564145790260E-02 a        20     0     1     1    20
  4.1443315508915932E-02 a        21     0     2     1     1
  6.2290618463830327E-02 a        22     0     2     1     2
 -8.2359170344592628E-02 a        23     0     2     1     3
  3.5677798111697273E-02 a        24     0     2     1     4
  1.5586846010310291E-02 a        25     0     2     1     5
  5.7025002631463748E-02 a        26     0     2     1     6
 -8.7240808052285401E-02 a        27     0     2     1     7
 -6.5239611726219948E-03 a        28     0     2     1     8
  1.3267492287241289E-01 a        29     0     2     1     9
  7.5153929087349636E-02 a        30     0     2     1    10
 -4.2748926033193380E-01 a        31     0     2     1    11
 -7.8773622888679302E-03 a        32     0     2     1    12
  4.3698225878079217E-01 a        33     0     2     1    13
 -8.1083191679233793E-02 a        34     0     2     1    14
 -1.8237986291071012E-01 a        35     0     2     1    15
  2.3541864730950757E-01 a        36     0     2     1    16
 -1.3965178778088866E-02 a        37     0     2     1    17
  3.5833592253694542E-02 a        38     0     2     1    18
 -2.1036032757213968E-01 a        39     0     2     1    19
  2.0643008682648542E-01 a        40     0     2     1    20
  1.1215840956994073E-01 a        41     0     3     1     1
 -2.5371590794326226E-01 a        42     0     3     1     2
 -1.1862746575751908E-01 a        43     0     3     1     3
 -5.7894262790721095E-02 a        44     0     3     1     4
 -1.5573332905097850E-01 a        45     0     3     1     5
 -1.0512667415271361E-01 a        46     0     3     1     6
  2.9300483005784989E-01 a        47     0     3     1     7
 -1.3664541289224977E-01 a        48     0     3     1     8
 -3.6141399081091194E-02 a        49     0     3     1     9
  2.0178113996888569E-01 a        50     0     3     1    10
  6.2383761840581899E-02 a        51     0     3     1    11
 -1.0923234702947200E-01 a        52     0     3     1    12
 -2.2815922809858207E-02 a        53     0     3     1    13
 -3.6004603078854597E-01 a        54     0     3     1    14
  7.0353817200201937E-02 a        55     0     3     1    15
 -1.3589125647200470E-01 a        56     0     3     1    16
  3.1886119837382276E-01 a        57     0     3     1    17
  5.0004522353132512E-02 a        58     0     3     1    18
  1.8687947527683332E-01 a        59     0     3     1    19
  5.0456263735120570E-02 a        60     0     3     1    20
  7.5797235431007918E-03 a        61     0     4     1     1
 -2.0133613502003725E-01 a        62     0     4     1     2
 -2.4527960256737716E-01 a        63     0     4     1     3
  5.6834221033636445E-02 a        64     0     4     1     4
 -2.8509353987353325E-01 a        65     0     4     1     5
  4.3705938828546426E-01 a        66     0     4     1     6
 -1.4505441551563450E-01 a        67     0     4     1     7
 -3.0700268315081408E-01 a        68     0     4     1     8
 -6.3369452974943719E-01 a        69     0     4     1     9
  1.4244862553507024E-02 a        70     0     4     1    10
 -1.2876949507792890E-01 a        71     0     4     1    11
  1.5157253125489606E-01 a        72     0     4     1    12
  2.0779914982770512E-01 a        73     0     4     1    13
  1.8619081821228584E-01 a        74     0     4     1    14
 -1.2115474729143801E-01 a        75     0     4     1    15
 -6.1721634346831943E-02 a        76     0     4     1    16
  2.1783947037745272E-01 a        77     0     4     1    17
 -1.7903329537242837E-01 a        78     0     4     1    18
 -1.1863434758736527E-01 a        79     0     4     1    19
 -2.2869191175189738E-01 a        80     0     4     1    20
  5.6627138279081868E-01 a        81     0     5     1     1
  1.8099410289704562E-01 a        82     0     5     1     2
  9.1609304651455850E-02 a        83     0     5     1     3
  4.1331352806871384E-02 a        84     0     5     1     4
 -1.6564861580762538E-01 a        85     0     5     1     5
  1.4579561043243361E-01 a        86     0     5     1     6
  4.6820555676926373E-01 a        87     0     5     1     7
 -1.5256353391768157E-01 a        88     0     5     1     8
 -3.1422094246889126E-01 a        89     0     5     1     9
 -2.1884949236482387E-01 a        90     0     5     1    10
  1.5104734432249969E-01 a        91     0     5     1    11
 -3.0747232629603306E-02 a        92     0     5     1    12
 -3.4712436482053173E-03 a        93     0     5     1    13
  6.0663816020312200E-01 a        94     0     5     1    14
  3.9411325409888509E-01 a        95     0     5     1    15
 -3.1368611262006080E-01 a        96     0     5     1    16
 -5.0186712365215082E-02 a        97     0     5     1    17
  1.8401994142808206E-01 a        98     0     5     1    18
  4.0671718366395243E-01 a        99     0     5     1    19
  2.1222309990396945E-01 a       100     0     5     1    20
  2.9962572526845359E-02 a       101     0     6     1     1
  2.2012446868164126E-01 a       102     0     6     1     2
  2.7077186785927987E-01 a       103     0     6     1     3
 -4.1989807008010555E-02 a       104     0     6     1     4
 -2.1477863468763923E-02 a       105     0     6     1     5
 -6.9511216749571891E-02 a       106     0     6     1     6
 -1.1260856557091747E-01 a       107     0     6     1     7
 -2.4466692564455084E-01 a       108     0     6     1     8
 -2.8211802275686559E-01 a       109     0     6     1     9
  1.8741475118287956E-01 a       110     0     6     1    10
 -4.4241695060837784E-02 a       111     0     6     1    11
 -9.4373239180213318E-03 a       112     0     6     1    12
  1.3369931908199131E-01 a       113     0     6     1    13
 -2.8813479409171411E-01 a       114     0     6     1    14
  8.8794808747217503E-03 a       115     0     6     1    15
  2.8447172130724691E-01 a       116     0     6     1    16
 -1.5159836296358416E-02 a       117     0     6     1    17
  1.7952432169474744E-01 a       118     0     6     1    18
  3.2275554710360133E-01 a       119     0     6     1    19
  7.6320047298884766E-02 a       120     0     6     1    20
 -2.7802441988058063E-01 a       121     0     7     1     1
  3.7597888124288176E-01 a       122     0     7     1     2
  1.3201803770409602E-02 a       123     0     7     1     3
 -1.2962379921376244E-01 a       124     0     7     1     4
  6.0236601331111717E-01 a       125     0     7     1     5
 -9.2307701247559965E-02 a       126     0     7     1     6
  1.1904346117726705E-01 a       127     0     7     1     7
  3.8907714762486206E-01 a       128     0     7     1     8
  3.0832511632840021E-01 a       129     0     7     1     9
  4.5897351796910241E-01 a       130     0     7     1    10
  1.1349615513298930E-01 a       131     0     7     1    11
 -1.6411595303389465E-01 a       132     0     7     1    12
 -3.0779165503671818E-01 a       133     0     7     1    13
 -4.3362814147125334E-01 a       134     0     7     1    14
  3.6048371211588542E-01 a       135     0     7     1    15
 -1.0991010498538620E-01 a       136     0     7     1    16
 -3.9758582823784960E-01 a       137     0     7     1    17
 -1.9549453308533876E-01 a       138     0     7     1    18
  3.6615454047967927E-01 a       139     0     7     1    19
 -6.7939604067700499E-02 a       140     0     7     1    20
 -7.6401532489872304E-02 a       141     0     8     1     1
 -3.0680315306146666E-01 a       142     0     8     1     2
 -1.0226755593790877E-01 a       143     0     8     1     3
 -8.4389876653254842E-02 a       144     0     8     1     4
 -4.1171262219357609E-02 a       145     0     8     1     5
 -1.1941940325279095E-01 a       146     0     8     1     6
 -2.7691044316631808E-01 a       147     0     8     1     7
 -2.9851384413045623E-01 a       148     0     8     1     8
  3.1131739527028096E-01 a       149     0     8     1     9
  9.1088257822258441E-03 a       150     0     8     1    10
  1.3089241617220542E-02 a       151     0     8     1    11
 -1.7163413077516024E-01 a       152     0     8     1    12
  3.1057494486704690E-01 a       153     0     8     1    13
 -8.1232532535892341E-02 a       154     0     8     1    14
 -1.9248563897552734E-01 a       155     0     8     1    15
 -6.9385718509016911E-02 a       156     0     8     1    16
  6.4846294291642362E-02 a       157     0     8     1    17
  3.1217292630188437E-01 a       158     0     8     1    18
 -1.7211423048671973E-01 a       159     0     8     1    19
  2.1731258104658757E-01 a       160     0     8     1    20
  8.2926342606447934E-02 a       161     0     9     1     1
  2.5543649641021399E-01 a       162     0     9     1     2
 -2.4033373855025908E-01 a       163     0     9     1     3
  1.5341109798627761E-01 a       164     0     9     1     4
 -1.7605107440351882E-02 a       165     0     9     1     5
 -1.1470653373631456E-01 a       166     0     9     1     6
  7.7236398981433599E-02 a       167     0     9     1     7
  1.4933494310436444E-02 a       168     0     9     1     8
  1.5645834388208787E-01 a       169     0     9     1     9
 -1.7486929165115248E-01 a       170     0     9     1    10
  1.4099471518044082E-01 a       171     0     9     1    11
  2.5260992124721515E-01 a       172     0     9     1    12
 -2.2028076563849194E-01 a       173     0     9     1    13
  1.1014249975872320E-01 a       174     0     9     1    14
 -2.3676446280582114E-01 a       175     0     9     1    15
 -1.2264443547988056E-01 a       176     0     9     1    16
  1.8167774594997252E-01 a       177     0     9     1    17
 -7.6649015549102750E-02 a       178     0     9     1    18
  1.5428860421801760E-01 a       179     0     9     1    19
 -1.4481338756939446E-01 a       180     0     9     1    20
 -1.4433481211105392E-01 a       181     0    10     1     1
 -2.6893023790151349E-01 a       182     0    10     1     2
 -4.6534311919485392E-02 a       183     0    10     1     3
  7.0518270542070605E-02 a       184     0    10     1     4
 -8.7362876953595470E-01 a       185     0    10     1     5
  1.8757609335007208E-01 a       186     0    10     1     6
  2.1964043148367885E-03 a       187     0    10     1     7
  1.1918616053745530E-01 a       188     0    10     1     8
 -2.0472334573082765E-01 a       189     0    10     1     9
 -3.5303208824668107E-02 a       190     0    10     1    10
 -8.7790228448574675E-02 a       191     0    10     1    11
  1.4543802840875594E-01 a       192     0    10     1    12
  2.3850250378559712E-01 a       193     0    10     1    13
  3.8882238281539405E-01 a       194     0    10     1    14
 -2.1844436493139496E-01 a       195     0    10     1    15
  9.0370080348070925E-02 a       196     0    10     1    16
 -1.7354791537972619E-01 a       197     0    10     1    17
  1.5372697640500801E-01 a       198     0    10     1    18
 -1.4780146368416630E-01 a       199     0    10     1    19
 -6.2091700951511855E-02 a       200     0    10     1    20
 -1.5507589815975606E-01 a       201     0    11     1     1
 -4.5734904992091575E-02 a       202     0    11     1     2
  5.9231623862063251E-02 a       203     0    11     1     3
  2.1052585637267973E-01 a       204     0    11     1     4
 -1.4688635916908802E-01 a       205     0    11     1     5
 -4.6053410023313091E-02 a       206     0    11     1     6
  8.8674263429573186E-02 a       207     0    11     1     7
 -2.2579087693232189E-01 a       208     0    11     1     8
 -1.2331242449039594E-01 a       209     0    11     1     9
  5.7387834178482935E-02 a       210     0    11     1    10
  1.3961499576995628E-01 a       211     0    11     1    11
  3.1090220128509877E-01 a       212     0    11     1    12
 -3.5753966684131361E-01 a       213     0    11     1    13
 -1.0197418199634161E-02 a       214     0    11     1    14
 -4.6498584497601581E-02 a       215     0    11     1    15
  1.7119140080518322E-01 a       216     0    11     1    16
  7.8240271074882337E-02 a       217     0    11     1    17
  1.1465000233147796E-01 a       218     0    11     1    18
  1.2438286293000986E-01 a       219     0    11     1    19
  7.8135784715068046E-02 a       220     0    11     1    20
 -2.3588091923764187E-01 a       221     0    12     1     1
 -6.9935532702802934E-03 a       222     0    12     1     2
  1.5725850588648560E-01 a       223     0    12     1     3
  3.5238794305387629E-02 a       224     0    12     1     4
 -1.7060404400675125E-01 a       225     0    12     1     5
  1.0187187909624218E-01 a       226     0    12     1     6
 -1.1980846987966209E-01 a       227     0    12     1     7
  1.1922816815187917E-01 a       228     0    12     1     8
  2.1419120113077780E-02 a       229     0    12     1     9
  5.7880657532918822E-02 a       230     0    12     1    10
 -2.7231240371122167E-01 a       231     0    12     1    11
  1.8808141673949269E-01 a       232     0    12     1    12
  6.6761248545930449E-02 a       233     0    12     1    13
 -1.8851301496758389E-02 a       234     0    12     1    14
  2.4176554591196286E-01 a       235     0    12     1    15
  2.2352552870624542E-01 a       236     0    12     1    16
 -2.5768901999584071E-01 a       237     0    12     1    17
 -1.0375703330434817E-01 a       238     0    12     1    18
 -2.4030294907391883E-01 a       239     0    12     1    19
  1.3213156626043129E-01 a       240     0    12     1    20
 -2.1842583782071150E-02 a       241     0    13     1     1
  7.3941000366908594E-02 a       242     0    13     1     2
 -4.1215232740447874E-02 a       243     0    13     1     3
 -9.8845955791175260E-03 a       244     0    13     1     4
  2.0718703585778470E-01 a       245     0    13     1     5
 -4.1818707252883431E-03 a       246     0    13     1     6
 -1.8765111934332078E-02 a       247     0    13     1     7
 -1.2116315764882968E-01 a       248     0    13     1     8
 -1.5413951592620995E-01 a       249     0    13     1     9
  1.5381789140262542E-01 a       250     0    13     1    10
  1.7122756447218362E-01 a       251     0    13     1    11
 -4.8602723604430659E-02 a       252     0    13     1    12
 -1.0933540122148101E-02 a       253     0    13     1    13
 -4.0935604268001047E-01 a       254     0    13     1    14
  2.0631857738057111E-01 a       255     0    13     1    15
 -9.3532826248287806E-02 a       256     0    13     1    16
  2.3476694489405481E-02 a       257     0    13     1    17
 -2.0160384691707020E-01 a       258     0    13     1    18
  2.1016410124855545E-01 a       259     0    13     1    19
 -1.3651859670878222E-01 a       260     0    13     1    20
  2.6661958350773063E-01 a       261     0    14     1     1
  9.4126911805924876E-02 a       262     0    14     1     2
 -5.4512784824056998E-02 a       263     0    14     1     3
  8.2030197745945180E-02 a       264     0    14     1     4
 -5.5282380611625138E-02 a       265     0    14     1     5
  1.2546259802519882E-01 a       266     0    14     1     6
  7.0470558973428993E-02 a       267     0    14     1     7
  5.4852192573454937E-02 a       268     0    14     1     8
 -3.8742515153144884E-02 a       269     0    14     1     9
 -1.6734613549967112E-01 a       270     0    14     1    10
  3.7285037795420431E-02 a       271     0    14     1    11
 -9.2629307842747088E-02 a       272     0    14     1    12
  2.3847777630135500E-01 a       273     0    14     1    13
 -1.3111676576962453E-02 a       274     0    14     1    14
 -1.9122130276409011E-01 a       275     0    14     1    15
 -1.4493533012081761E-01 a       276     0    14     1    16
  8.6139872381421432E-03 a       277     0    14     1    17
  2.1645943432571574E-01 a       278     0    14     1    18
 -1.2192002993866849E-01 a       279     0    14     1    19
 -2.8684182104724773E-03 a       280     0    14     1    20
  2.5031004942324880E-02 a       281     0    15     1     1
  4.0354726058743268E-02 a       282     0    15     1     2
  9.0534900864006146E-02 a       283     0    15     1     3
  1.1938018329394634E-01 a       284     0    15     1     4
 -1.6917993838317089E-02 a       285     0    15     1     5
 -3.2614411908281488E-02 a       286     0    15     1     6
  8.6047921649726911E-02 a       287     0    15     1     7
  5.3617397565298423E-02 a       288     0    15     1     8
  5.1172861513026066E-02 a       289     0    15     1     9
 -5.0714112661493518E-02 a       290     0    15     1    10
  7.9325013810582184E-02 a       291     0    15     1    11
  1.3176223300155118E-01 a       292     0    15     1    12
 -9.0208093520760882E-03 a       293     0    15     1    13
  4.0001923779036767E-02 a       294     0    15     1    14
 -1.1222420349367665E-01 a       295     0    15     1    15
  1.0651804332143651E-01 a       296     0    15     1    16
 -3.0037506102410799E-01 a       297     0    15     1    17
 -9.3768761317053584E-02 a       298     0    15     1    18
  2.1429299015906922E-01 a       299     0    15     1    19
 -1.5902341670727092E-02 a       300     0    15     1    20
 -2.3449301074506940E-01 a       301     0    16     1     1
 -1.5605489997082581E-01 a       302     0    16     1     2
 -4.8378947410480828E-02 a       303     0    16     1     3
  1.5301905366330981E-01 a       304     0    16     1     4
 -1.2103012964163416E-01 a       305     0    16     1     5
 -1.3882897890376807E-02 a       306     0    16     1     6
 -1.5009931940896082E-01 a       307     0    16     1     7
  2.6957053322457164E-01 a       308     0    16     1     8
  1.8399240680067117E-01 a       309     0    16     1     9
  3.2160146157228842E-01 a       310     0    16     1    10
 -4.6299251822783188E-02 a       311     0    16     1    11
  1.6766321395224004E-01 a       312     0    16     1    12
  4.1540845811763052E-02 a       313     0    16     1    13
  8.2547693384679419E-02 a       314     0    16     1    14
  7.6194419619232456E-02 a       315     0    16     1    15
  1.2817382249469852E-01 a       316     0    16     1    16
 -5.9641914062950212E-02 a       317     0    16     1    17
  8.9970829515086947E-03 a       318     0    16     1    18
  6.6592622368302629E-02 a       319     0    16     1    19
 -2.3593809579266743E-02 a       320     0    16     1    20
 -5.7786394052447551E-02 a       321     0    17     1     1
 -8.9011510505839442E-02 a       322     0    17     1     2
  3.3625001085409265E-02 a       323     0    17     1     3
 -8.4245433621970262E-02 a       324     0    17     1     4
  1.5631402908321973E-01 a       325     0    17     1     5
 -2.6622566357985371E-02 a       326     0    17     1     6
 -1.5078375766897484E-01 a       327     0    17     1     7
 -2.3211638661893183E-01 a       328     0    17     1     8
  9.8830388428604032E-02 a       329     0    17     1     9
 -1.1019823991856621E-01 a       330     0    17     1    10
  2.6589645559057578E-03 a       331     0    17     1    11
 -4.4797230742614630E-02 a       332     0    17     1    12
 -8.4257510811357392E-02 a       333     0    17     1    13
  2.4031843222188554E-01 a       334     0    17     1    14
  8.4184671205350170E-02 a       335     0    17     1    15
 -5.4193311203045692E-02 a       336     0    17     1    16
  2.0716013000353011E-02 a       337     0    17     1    17
  1.1158754260976324E-02 a       338     0    17     1    18
 -4.3636964450002008E-02 a       339     0    17     1    19
  1.1929758675536911E-01 a       340     0    17     1    20
 -4.0520697927277492E-02 a       341     0    18     1     1
  1.3812600125078325E-01 a       342     0    18     1     2
  1.2337262500722088E-01 a       343     0    18     1     3
 -8.9535510978789104E-02 a       344     0    18     1     4
 -3.1005553112712938E-02 a       345     0    18     1     5
  5.0730556046260082E-02 a       346     0    18     1     6
  6.3346417293997259E-02 a       347     0    18     1     7
 -8.6301339542157240E-02 a       348     0    18     1     8
 -1.7339094117757092E-01 a       349     0    18     1     9
 -4.7596636235370117E-02 a       350     0    18     1    10
 -1.1085285058588217E-01 a       351     0    18     1    11
 -1.9452886807365840E-02 a       352     0    18     1    12
 -2.3858909624147297E-02 a       353     0    18     1    13
 -6.5981250755109327E-02 a       354     0    18     1    14
  1.3177444965250329E-01 a       355     0    18     1    15
  1.1524687363807053E-02 a       356     0    18     1    16
  1.1324541988772759E-01 a       357     0    18     1    17
 -6.3363383108971841E-02 a       358     0    18     1    18
 -5.3720239376743452E-02 a       359     0    18     1    19
  1.0898340674543894E-01 a       360     0    18     1    20
 -3.2334688190711898E-02 a       361     0    19     1     1
  1.1349594919147170E-01 a       362     0    19     1     2
  1.3499269033790562E-01 a       363     0    19     1     3
 -1.3090072336447664E-01 a       364     0    19     1     4
 -2.1444893769170154E-01 a       365     0    19     1     5
 -1.0137093512938028E-01 a       366     0    19     1     6
  1.0640907392106953E-01 a       367     0    19     1     7
  1.2129954235111642E-01 a       368     0    19     1     8
 -1.7455764037321139E-01 a       369     0    19     1     9
 -8.6149686050428595E-02 a       370     0    19     1    10
  2.0126174057103860E-02 a       371     0    19     1    11
 -8.2670034369525081E-02 a       372     0    19     1    12
 -5.1908514925266297E-02 a       373     0    19     1    13
  2.8744293119915179E-02 a       374     0    19     1    14
 -6.3537828349215911E-02 a       375     0    19     1    15
  1.6069742241999928E-02 a       376     0    19     1    16
 -3.2450375770079982E-02 a       377     0    19     1    17
 -1.9292413835191494E-01 a       378     0    19     1    18
 -1.5546835974778608E-01 a       379     0    19     1    19
  4.1778624372017716E-02 a       380     0    19     1    20
  2.4214101492552653E-01 a       381     0    20     1     1
  1.6490905690779284E-01 a       382     0    20     1     2
 -6.2171039341245272E-02 a       383     0    20     1     3
 -4.8502014013857918E-02 a       384     0    20     1     4
  3.8790430788042327E-02 a       385     0    20     1     5
  1.0833541302009679E-01 a       386     0    20     1     6
  8.9918351980010705E-02 a       387     0    20     1     7
 -1.8306680672135318E-02 a       388     0    20     1     8
 -1.7441652036546740E-02 a       389     0    20     1     9
 -1.9148315974597005E-01 a       390     0    20     1    10
 -4.1284029578577804E-02 a       391     0    20     1    11
 -1.3654039229148029E-01 a       392     0    20     1    12
  3.7013693443844302E-02 a       393     0    20     1    13
  6.6053670311022786E-02 a       394     0    20     1    14
 -1.3237831475798850E-01 a       395     0    20     1    15
 -9.8426303030237153E-02 a       396     0    20     1    16
 -1.2152466932622166E-01 a       397     0    20     1    17
  1.3542286444014914E-01 a       398     0    20     1    18
 -1.6558640191609894E-02 a       399     0    20     1    19
 -5.5082145575058548E-02 a       400     0    20     1    20
 -6.0729105090272503E-02 a       401     0    21     1     1
 -9.7139062701518744E-02 a       402     0    21     1     2
 -4.9072346296268797E-02 a       403     0    21     1     3
  1.3132885639995753E-01 a       404     0    21     1     4
 -5.1749391912172084E-04 a       405     0    21     1     5
 -1.9706691534317148E-02 a       406     0    21     1     6
 -1.0765075425917638E-01 a       407     0    21     1     7
  9.7275258753243499E-02 a       408     0    21     1     8
  1.0538509672959379E-01 a       409     0    21     1     9
  8.6088672169347000E-02 a       410     0    21     1    10
 -5.1649261057924681E-02 a       411     0    21     1    11
  8.7709584890812153E-02 a       412     0    21     1    12
  1.3250451278584716E-03 a       413     0    21     1    13
 -9.2530839168553355E-02 a       414     0    21     1    14
 -1.6833386802718830E-04 a       415     0    21     1    15
  7.1631392140464545E-02 a       416     0    21     1    16
 -7.6208840769250441E-02 a       417     0    21     1    17
  6.1588165304514275E-02 a       418     0    21     1    18
  5.9386058775985984E-03 a       419     0    21     1    19
 -5.9605064906658047E-02 a       420     0    21     1    20
 -5.2756393447978181E-02 a       421     0    22     1     1
 -1.1289496529737049E-01 a       422     0    22     1     2
 -3.5968416096489458E-02 a       423     0    22     1     3
  1.0936323889574119E-01 a       424     0    22     1     4
  1.2221801695982272E-01 a       425     0    22     1     5
  5.7714738266749221E-02 a       426     0    22     1     6
 -6.9147030922841801E-02 a       427     0    22     1     7
 -1.3864347051842324E-01 a       428     0    22     1     8
  5.9606110316226667E-02 a       429     0    22     1     9
  6.8142104313669613E-02 a       430     0    22     1    10
 -3.4093114908792493E-02 a       431     0    22     1    11
  7.9126884140392623E-02 a       432     0    22     1    12
  6.4672651336696765E-02 a       433     0    22     1    13
 -1.8956909200655148E-01 a       434     0    22     1    14
  1.6157785366622993E-01 a       435     0    22     1    15
  3.8510545924886772E-02 a       436     0    22     1    16
  6.7642066681117038E-02 a       437     0    22     1    17
 -5.3835414757660079E-02 a       438     0    22     1    18
  1.6117899379601111E-01 a       439     0    22     1    19
 -1.6964134301460546E-02 a       440     0    22     1    20
  9.9721747831415190E-03 a       441     0    23     1     1
 -8.9529400199791609E-02 a       442     0    23     1     2
 -3.3945753805666272E-02 a       443     0    23     1     3
 -4.3301363622907416E-02 a       444     0    23     1     4
  1.3177709075953467E-01 a       445     0    23     1     5
  6.0317227767399915E-02 a       446     0    23     1     6
 -7.2425106419258783E-02 a       447     0    23     1     7
 -1.3474948040927656E-01 a       448     0    23     1     8
 -4.2601741237860861E-02 a       449     0    23     1     9
  4.6151654665821822E-02 a       450     0    23     1    10
  3.2907274725194405E-02 a       451     0    23     1    11
 -6.6296772205494223E-02 a       452     0    23     1    12
 -2.0613981833978281E-03 a       453     0    23     1    13
  4.4707788447622555E-02 a       454     0    23     1    14
  2.1238781066491977E-02 a       455     0    23     1    15
 -9.4641806187844291E-02 a       456     0    23     1    16
  1.2709636379018863E-01 a       457     0    23     1    17
  2.0165288209936921E-01 a       458     0    23     1    18
  2.9857879080430472E-02 a       459     0    23     1    19
  3.2083300182363279E-02 a       460     0    23     1    20
  3.2454799732248192E-02 a       461     0    24     1     1
  9.4496752273008702E-02 a       462     0    24     1     2
  6.8967855941754558E-02 a       463     0    24     1     3
 -4.2341999795691615E-02 a       464     0    24     1     4
 -2.2128302149465890E-02 a       465     0    24     1     5
  5.7610295796701863E-02 a       466     0    24     1     6
  6.9082218211909380E-02 a       467     0    24     1     7
 -7.5063806579445239E-02 a       468     0    24     1     8
 -1.5460185414855473E-01 a       469     0    24     1     9
 -1.4045401185490561E-02 a       470     0    24     1    10
 -1.7849619168306467E-02 a       471     0    24     1    11
  6.8256220513014743E-03 a       472     0    24     1    12
 -2.3903955559720882E-02 a       473     0    24     1    13
 -5.2769627023094179E-02 a       474     0    24     1    14
  6.8003816696281513E-02 a       475     0    24     1    15
  1.9648992773345763E-02 a       476     0    24     1    16
  2.3626432558216684E-02 a       477     0    24     1    17
 -3.6883287649161732E-02 a       478     0    24     1    18
  7.9850017869197085E-02 a       479     0    24     1    19
  7.0248982343016186E-02 a       480     0    24     1    20
 -5.2931481895902063E-02 a       481     0    25     1     1
  9.0116497721180647E-02 a       482     0    25     1     2
 -1.2624585832331791E-02 a       483     0    25     1     3
  1.8156750902509639E-02 a       484     0    25     1     4
 -9.6338118014687169E-02 a       485     0    25     1     5
 -1.6503687512207027E-01 a       486     0    25     1     6
 -1.0022272497722209E-01 a       487     0    25     1     7
  2.6791886459038700E-01 a       488     0    25     1     8
  5.7936291851521035E-02 a       489     0    25     1     9
 -1.7343264764888108E-02 a       490     0    25     1    10
  5.1902958008206011E-02 a       491     0    25     1    11
  3.8337693650543916E-02 a       492     0    25     1    12
 -6.1063353023638564E-02 a       493     0    25     1    13
  1.9834355231839221E-01 a       494     0    25     1    14
 -1.2237025808094038E-01 a       495     0    25     1    15
  2.1139826954000820E-02 a       496     0    25     1    16
  4.7450745030801322E-02 a       497     0    25     1    17
 -1.4144157973978475E-01 a       498     0    25     1    18
 -1.1966142397998258E-02 a       499     0    25     1    19
 -4.3354549965319220E-02 a       500     0    25     1    20
  4.0526790597764720E-02 a       501     0    26     1     1
  1.0446820855483487E-02 a       502     0    26     1     2
  2.3316464018001467E-02 a       503     0    26     1     3
  1.4495017062944595E-02 a       504     0    26     1     4
 -2.8156928403589770E-02 a       505     0    26     1     5
 -1.7394217997034073E-02 a       506     0    26     1     6
  1.0167670226302476E-01 a       507     0    26     1     7
 -2.1885086592339426E-02 a       508     0    26     1     8
  9.9298407711699732E-02 a       509     0    26     1     9
 -8.6604083575536367E-02 a       510     0    26     1    10
 -4.4370758998477949E-02 a       511     0    26     1    11
  5.4657649417313624E-02 a       512     0    26     1    12
 -4.0685884548815176E-03 a       513     0    26     1    13
 -1.2818815216522925E-02 a       514     0    26     1    14
 -2.0708182918744222E-02 a       515     0    26     1    15
  7.0675647261362676E-02 a       516     0    26     1    16
 -1.9980362874165083E-01 a       517     0    26     1    17
 -2.0282915326771032E-02 a       518     0    26     1    18
 -5.3865240034160572E-02 a       519     0    26     1    19
  2.1766881436172923E-02 a       520     0    26     1    20
 -5.6008341378798149E-02 a       521     0    27     1     1
 -7.7527278930546409E-02 a       522     0    27     1     2
 -1.3036214852499201E-02 a       523     0    27     1     3
 -1.4455686293559714E-02 a       524     0    27     1     4
  1.7620022684669567E-02 a       525     0    27     1     5
 -3.9679856218263233E-02 a       526     0    27     1     6
  7.5019243954831923E-03 a       527     0    27     1     7
  8.3444601417645245E-02 a       528     0    27     1     8
  7.1180424421455044E-02 a       529     0    27     1     9
  4.6503229080535136E-03 a       530     0    27     1    10
 -4.2984459788320911E-02 a       531     0    27     1    11
 -7.9834688628344447E-02 a       532     0    27     1    12
  2.9630940862224453E-02 a       533     0    27     1    13
 -1.2527191285064175E-02 a       534     0    27     1    14
 -2.8537058964831954E-02 a       535     0    27     1    15
 -4.9228734973805026E-02 a       536     0    27     1    16
  2.4426951157458410E-02 a       537     0    27     1    17
  8.9841590928501122E-02 a       538     0    27     1    18
 -6.4936430328929762E-02 a       539     0    27     1    19
 -1.2904770710452582E-02 a       540     0    27     1    20
  3.7244715207142647E-03 a       541     0    28     1     1
 -4.2837545708706321E-02 a       542     0    28     1     2
  2.8507712231710957E-02 a       543     0    28     1     3
 -1.3566529977857462E-02 a       544     0    28     1     4
  1.6333712960254338E-02 a       545     0    28     1     5
  8.5303083755653195E-02 a       546     0    28     1     6
  6.5404687520819321E-02 a       547     0    28     1     7
 -1.0240963497206394E-01 a       548     0    28     1     8
 -9.0992607971676742E-02 a       549     0    28     1     9
  1.4736361142696976E-02 a       550     0    28     1    10
  1.6772907647799064E-02 a       551     0    28     1    11
 -2.6578412819045095E-02 a       552     0    28     1    12
  5.1174435484981011E-02 a       553     0    28     1    13
 -1.2527146798309585E-01 a       554     0    28     1    14
  7.5203145654586662E-02 a       555     0    28     1    15
 -2.1498089692853654E-02 a       556     0    28     1    16
  9.6878123616992232E-03 a       557     0    28     1    17
 -3.1574420680363820E-02 a       558     0    28     1    18
  1.7485043324731300E-02 a       559     0    28     1    19
  9.5574708818640611E-03 a       560     0    28     1    20
  3.2158691780394225E-02 a       561     0    29     1     1
 -3.2917632014680398E-02 a       562     0    29     1     2
 -1.0302747776942972E-01 a       563     0    29     1     3
  2.2070287950900712E-03 a       564     0    29     1     4
  1.6226505805923327E-02 a       565     0    29     1     5
  1.5854407995712365E-03 a       566     0    29     1     6
 -9.2968691386232649E-02 a       567     0    29     1     7
 -1.7941063596508535E-03 a       568     0    29     1     8
  4.3104311126027839E-03 a       569     0    29     1     9
  7.3633378516612891E-02 a       570     0    29     1    10
  7.3159042424986845E-02 a       571     0    29     1    11
 -3.3538637181300048E-02 a       572     0    29     1    12
  1.4200205975302648E-02 a       573     0    29     1    13
  3.0018782539119580E-02 a       574     0    29     1    14
 -5.6485974482236571E-02 a       575     0    29     1    15
 -7.5112615809604918E-02 a       576     0    29     1    16
  1.3410842105545839E-01 a       577     0    29     1    17
  1.0060330736746535E-01 a       578     0    29     1    18
  3.9996462957752256E-02 a       579     0    29     1    19
 -6.6803164774184590E-02 a       580     0    29     1    20
 -5.6617297665901801E-03 a       581     0    30     1     1
  5.0342371193316277E-02 a       582     0    30     1     2
  3.2905356552182546E-02 a       583     0    30     1     3
  3.6770315229520900E-02 a       584     0    30     1     4
 -2.1472112873128252E-02 a       585     0    30     1     5
 -2.7278609388944219E-02 a       586     0    30     1     6
  4.1181765960487107E-03 a       587     0    30     1     7
  1.2654627505853146E-02 a       588     0    30     1     8
 -4.7658291079286701E-02 a       589     0    30     1     9
 -7.3403421255915646E-03 a       590     0    30     1    10
  2.2511990098038670E-02 a       591     0    30     1    11
  7.2490876379558172E-02 a       592     0    30     1    12
 -2.4989920261348521E-02 a       593     0    30     1    13
 -3.8486634308254976E-02 a       594     0    30     1    14
 -3.2810753613525968E-04 a       595     0    30     1    15
  5.2399127064011349E-02 a       596     0    30     1    16
  4.2049943882478361E-02 a       597     0    30     1    17
 -9.5689156185276375E-02 a       598     0    30     1    18
  8.3030016520557973E-03 a       599     0    30     1    19
  5.8132810314117812E-03 a       600     0    30     1    20
  4.3881621771939849E-01 a       601     0    31     1     1
 -1.6674085841290770E-01 a       602     0    31     1     2
  2.0134302586990352E-01 a       603     0    31     1     3
  1.7674096676735307E-01 a       604     0    31     1     4
  1.7739295586136533E-01 a       605     0    31     1     5
  9.1165464877041955E-02 a       606     0    31     1     6
  1.6071712205759092E-01 a       607     0    31     1     7
 -1.3300288425127437E-02 a       608     0    31     1     8
  3.4241441616151745E-02 a       609     0    31     1     9
  5.9025779782806140E-02 a       610     0    31     1    10
  2.7312070254114390E-02 a       611     0    31     1    11
 -1.4480140052817217E-01 a       612     0    31     1    12
  1.2074431500347163E-01 a       613     0    31     1    13
 -1.8093123132765324E-01 a       614     0    31     1    14
  2.3706220429395294E-01 a       615     0    31     1    15
  2.1151488017353540E-01 a       616     0    31     1    16
  3.5603587186448277E-01 a       617     0    31     1    17
 -2.9677460363423969E-01 a       618     0    31     1    18
 -1.2599845216375072E-01 a       619     0    31     1    19
 -2.1890617197568180E-01 a       620     0    31     1    20
 -2.2354717253389586E-01 a       621     0    32     1     1
 -2.3294303640244043E-01 a       622     0    32     1     2
 -3.0405095511990743E-01 a       623     0    32     1     3
 -2.2694775380609672E-01 a       624     0    32     1     4
  5.6553994649886176E-02 a       625     0    32     1     5
  5.4325577061845909E-01 a       626     0    32     1     6
  3.5278347609451627E-01 a       627     0    32     1     7
 -1.5262594281493969E-01 a       628     0    32     1     8
 -3.8589305792269918E-01 a       629     0    32     1     9
  1.5511373884698682E-01 a       630     0    32     1    10
  1.2837025250189610E-01 a       631     0    32     1    11
  2.5833995445057029E-01 a       632     0    32     1    12
 -6.4169266909419265E-02 a       633     0    32     1    13
  1.5848441611222194E-01 a       634     0    32     1    14
 -2.2399192638099497E-01 a       635     0    32     1    15
 -1.6598421358454174E-01 a       636     0    32     1    16
 -7.2490685976468822E-02 a       637     0    32     1    17
  3.5168159143778166E-01 a       638     0    32     1    18
  4.2808978781242163E-01 a       639     0    32     1    19
  6.0119335148210007E-01 a       640     0    32     1    20
  1.2796376559743342E-01 a       641     0    33     1     1
  7.2800788688434870E-02 a       642     0    33     1     2
  2.4508909916357374E-01 a       643     0    33     1     3
  3.4559913186275756E-02 a       644     0    33     1     4
 -7.2843418892429554E-02 a       645     0    33     1     5
  1.5612543740562618E-01 a       646     0    33     1     6
  1.0355275188432188E-01 a       647     0    33     1     7
 -1.9484591780758437E-01 a       648     0    33     1     8
 -1.4029258681815499E-01 a       649     0    33     1     9
  1.0918182450081627E-02 a       650     0    33     1    10
 -7.8988393528987150E-02 a       651     0    33     1    11
 -1.4402337336703125E-01 a       652     0    33     1    12
 -6.7789632791875665E-02 a       653     0    33     1    13
 -5.8085689865681571E-02 a       654     0    33     1    14
  5.5131871670906878E-02 a       655     0    33     1    15
  2.7030378258058377E-02 a       656     0    33     1    16
 -1.4861196501319304E-01 a       657     0    33     1    17
  1.5273351401743160E-01 a       658     0    33     1    18
  2.6065256298834452E-02 a       659     0    33     1    19
  5.7517631040113627E-02 a       660     0    33     1    20
  3.1353094931084841E-01 a       661     0    34     1     1
  1.5253086449515971E-01 a       662     0    34     1     2
  3.8899068460163846E-02 a       663     0    34     1     3
 -1.4124005065943238E-01 a       664     0    34     1     4
  4.9785791297781312E-01 a       665     0    34     1     5
 -7.7036293382958018E-02 a       666     0    34     1     6
 -2.3368271107067309E-01 a       667     0    34     1     7
  4.5593800229296799E-01 a       668     0    34     1     8
  3.7608109160141051E-01 a       669     0    34     1     9
  1.2374439566770062E-01 a       670     0    34     1    10
 -4.4077340532537729E-01 a       671     0    34     1    11
 -2.6678720078502760E-01 a       672     0    34     1    12
 -1.2995410834221044E-01 a       673     0    34     1    13
 -3.3758081538688595E-01 a       674     0    34     1    14
  9.9599303847442047E-02 a       675     0    34     1    15
  1.9406317221717653E-01 a       676     0    34     1    16
 -2.9026085743930530E-01 a       677     0    34     1    17
  8.6994971146592687E-02 a       678     0    34     1    18
 -3.0567351308815205E-01 a       679     0    34     1    19
 -5.6913949927938601E-01 a       680     0    34     1    20
  4.1096362719619195E-02 a       681     0    35     1     1
 -4.4021689513697337E-02 a       682     0    35     1     2
 -2.1739229965592757E-02 a       683     0    35     1     3
 -2.1243610835950599E-01 a       684     0    35     1     4
  2.6347033584569326E-02 a       685     0    35     1     5
  1.1733869346500665E-01 a       686     0    35     1     6
  3.1683009393356852E-02 a       687     0    35     1     7
  1.9942072479079340E-01 a       688     0    35     1     8
 -1.3134533886317512E-01 a       689     0    35     1     9
 -3.0194682346923025E-02 a       690     0    35     1    10
 -6.1319526566102067E-02 a       691     0    35     1    11
 -1.7089809959825852E-01 a       692     0    35     1    12
 -1.3829072513209925E-01 a       693     0    35     1    13
  2.0759878358585351E-01 a       694     0    35     1    14
 -6.6962372455715041E-02 a       695     0    35     1    15
  5.0562448406919813E-02 a       696     0    35     1    16
 -8.8445636305159753E-02 a       697     0    35     1    17
  9.3048725017205694E-02 a       698     0    35     1    18
 -2.3603653430576788E-01 a       699     0    35     1    19
  8.9968522791130379E-03 a       700     0    35     1    20
 -1.1097202610389109E-01 a       701     0    36     1     1
  9.7210970841563691E-03 a       702     0    36     1     2
 -2.6708168506073637E-01 a       703     0    36     1     3
 -2.6528265482445140E-01 a       704     0    36     1     4
 -7.5393079690266864E-03 a       705     0    36     1     5
 -2.8755990990921854E-01 a       706     0    36     1     6
  2.8501659400407048E-01 a       707     0    36     1     7
 -1.4741515384082379E-01 a       708     0    36     1     8
 -6.6657882703863067E-02 a       709     0    36     1     9
  3.0580051442925588E-01 a       710     0    36     1    10
 -4.9796330306066651E-02 a       711     0    36     1    11
 -2.4505151903022118E-01 a       712     0    36     1    12
 -1.2745573547518822E-02 a       713     0    36     1    13
 -2.6612606296206254E-01 a       714     0    36     1    14
  1.4661526909515257E-01 a       715     0    36     1    15
 -3.1504369075368810E-01 a       716     0    36     1    16
 -3.4525379021661751E-01 a       717     0    36     1    17
 -2.7211439759849673E-02 a       718     0    36     1    18
 -3.0357022436353027E-02 a       719     0    36     1    19
 -1.8113370381029826E-02 a       720     0    36     1    20
 -1.4148828478943413E-02 a       721     0    37     1     1
 -4.1710558652950824E-01 a       722     0    37     1     2
  4.6038159945877655E-01 a       723     0    37     1     3
 -7.8559706888998521E-02 a       724     0    37     1     4
 -8.6157755781833723E-01 a       725     0    37     1     5
  1.9357763738138503E-01 a       726     0    37     1     6
 -3.7198057463384637E-01 a       727     0    37     1     7
  5.1880571224587516E-02 a       728     0    37     1     8
 -5.0558297914002806E-02 a       729     0    37     1     9
 -6.1201375076495521E-02 a       730     0    37     1    10
  2.7225380430245794E-01 a       731     0    37     1    11
 -2.1762334252756324E-01 a       732     0    37     1    12
 -6.1287375996904654E-02 a       733     0    37     1    13
  1.9553085410928212E-01 a       734     0    37     1    14
 -3.3828877650070294E-01 a       735     0    37     1    15
  4.2128936570189746E-01 a       736     0    37     1    16
  9.4326079517481967E-02 a       737     0    37     1    17
 -6.1929625671915116E-02 a       738     0    37     1    18
 -5.1525617499569722E-02 a       739     0    37     1    19
  1.1104774300635702E-01 a       740     0    37     1    20
 -1.5312264565192997E-02 a       741     0    38     1     1
 -1.5836857558856046E-01 a       742     0    38     1     2
 -4.5903570916874983E-02 a       743     0    38     1     3
  2.4441648619793456E-02 a       744     0    38     1     4
  1.9270489330331034E-01 a       745     0    38     1     5
 -1.4492637086023077E-01 a       746     0    38     1     6
  6.5536042600843752E-02 a       747     0    38     1     7
  1.0661139786628757E-01 a       748     0    38     1     8
  6.4824250198180652E-02 a       749     0    38     1     9
  1.3162188207654305E-01 a       750     0    38     1    10
  6.9684097498573655E-02 a       751     0    38     1    11
  5.8851323398816262E-02 a       752     0    38     1    12
  9.5035191954779205E-02 a       753     0    38     1    13
 -1.0346440637902650E-01 a       754     0    38     1    14
  5.8342742833897281E-02 a       755     0    38     1    15
  5.7373425075044109E-02 a       756     0    38     1    16
 -1.3690434421032904E-02 a       757     0    38     1    17
 -1.9579552599917519E-01 a       758     0    38     1    18
  2.1103778502854609E-01 a       759     0    38     1    19
 -4.1406336205167073E-02 a       760     0    38     1    20
 -9.5208473212068989E-02 a       761     0    39     1     1
  4.3514767168001045E-01 a       762     0    39     1     2
 -1.8568138356615894E-02 a       763     0    39     1     3
  2.7817834111109957E-01 a       764     0    39     1     4
  2.2370890343316821E-01 a       765     0    39     1     5
  1.1592620169521113E-01 a       766     0    39     1     6
  9.6513805317656645E-02 a       767     0    39     1     7
 -2.6943299893955941E-01 a       768     0    39     1     8
 -3.3515602055559479E-01 a       769     0    39     1     9
 -2.4571710110466496E-01 a       770     0    39     1    10
 -3.2491462674232127E-02 a       771     0    39     1    11
  4.2618924861619872E-01 a       772     0    39     1    12
  1.3196407263877313E-01 a       773     0    39     1    13
 -4.0274337427854662E-02 a       774     0    39     1    14
  2.6266009023980391E-01 a       775     0    39     1    15
 -1.0984434639099233E-01 a       776     0    39     1    16
  1.6165041334393873E-01 a       777     0    39     1    17
  3.1069632956895271E-01 a       778     0    39     1    18
  2.1257955058281056E-01 a       779     0    39     1    19
  3.3147049351830153E-02 a       780     0    39     1    20
 -1.2778766431505734E-01 a       781     0    40     1     1
 -3.7308303801790355E-01 a       782     0    40     1     2
 -5.2462810121656760E-02 a       783     0    40     1     3
  1.4436385856902018E-01 a       784     0    40     1     4
 -2.4500931225669872E-02 a       785     0    40     1     5
  5.8211526407272375E-02 a       786     0    40     1     6
  1.4648136009064003E-01 a       787     0    40     1     7
  1.0023908566864048E-01 a       788     0    40     1     8
  1.2045946593122293E-01 a       789     0    40     1     9
  2.3137628102063520E-01 a       790     0    40     1    10
  1.8386370890104581E-01 a       791     0    40     1    11
  5.8026814517149236E-02 a       792     0    40     1    12
 -9.1004684653178992E-03 a       793     0    40     1    13
 -2.5675993935844110E-01 a       794     0    40     1    14
 -1.6567926690146498E-01 a       795     0    40     1    15
  8.1284764805087117E-03 a       796     0    40     1    16
 -1.7055554617827143E-01 a       797     0    40     1    17
 -3.6569640878244780E-01 a       798     0    40     1    18
  1.6159694101621901E-02 a       799     0    40     1    19
 -8.4967130152113490E-02 a       800     0    40     1    20
 -9.3410216716982977E-02 a       801     0    41     1     1
  4.2895039983612063E-02 a       802     0    41     1     2
  2.4734099579252447E-02 a       803     0    41     1     3
  8.8857999404284675E-03 a       804     0    41     1     4
 -8.0699417361440838E-03 a       805     0    41     1     5
  3.3636903541715203E-02 a       806     0    41     1     6
 -1.6764587983036777E-01 a       807     0    41     1     7
  5.6064819864392990E-02 a       808     0    41     1     8
  4.8070239574407227E-03 a       809     0    41     1     9
  6.0420862675033128E-04 a       810     0    41     1    10
 -1.0937265626029104E-01 a       811     0    41     1    11
  2.9662879688156379E-02 a       812     0    41     1    12
  9.9608311588925895E-04 a       813     0    41     1    13
  6.7087705594452235E-02 a       814     0    41     1    14
  9.7881538063986279E-02 a       815     0    41     1    15
  1.2071830324276540E-02 a       816     0    41     1    16
 -3.6842694249615351E-02 a       817     0    41     1    17
  1.0947826786889202E-01 a       818     0    41     1    18
 -1.2842931595984536E-01 a       819     0    41     1    19
  4.1778048740303803E-02 a       820     0    41     1    20
 -1.8160076046591589E-01 a       821     0    42     1     1
  9.7606251367833810E-02 a       822     0    42     1     2
  1.0065826743790328E-02 a       823     0    42     1     3
  7.0132970514957704E-02 a       824     0    42     1     4
  7.8332792891306527E-02 a       825     0    42     1     5
  2.7290833267315562E-02 a       826     0    42     1     6
 -6.0741489523151553E-02 a       827     0    42     1     7
  7.3401430912308593E-02 a       828     0    42     1     8
 -6.1962693621950594E-02 a       829     0    42     1     9
  3.9623967098049882E-03 a       830     0    42     1    10
  1.8407605399485652E-01 a       831     0    42     1    11
  4.0062968468622270E-02 a       832     0    42     1    12
  6.0184462875880550E-02 a       833     0    42     1    13
  1.2144227978704285E-01 a       834     0    42     1    14
 -1.5546409170633737E-03 a       835     0    42     1    15
 -1.4867712498624516E-01 a       836     0    42     1    16
  1.9153833988460808E-01 a       837     0    42     1    17
  9.2851417776098538E-02 a       838     0    42     1    18
  3.2100120397684623E-01 a       839     0    42     1    19
 -8.5939798073209200E-02 a       840     0    42     1    20
  9.8733108513774249E-03 a       841     0    43     1     1
  2.9012701421020911E-02 a       842     0    43     1     2
 -1.1151127948586938E-01 a       843     0    43     1     3
  8.7938860998598059E-02 a       844     0    43     1     4
  1.4748410380536810E-02 a       845     0    43     1     5
 -7.5299127981815386E-02 a       846     0    43     1     6
 -6.7608916109642272E-02 a       847     0    43     1     7
  1.0760812846836723E-01 a       848     0    43     1     8
 -4.4680578168750817E-02 a       849     0    43     1     9
  1.2615551095614927E-01 a       850     0    43     1    10
  8.9706433334431818E-02 a       851     0    43     1    11
  6.3189526800459930E-02 a       852     0    43     1    12
  1.0170063063742166E-01 a       853     0    43     1    13
 -4.1373279090683675E-02 a       854     0    43     1    14
  1.0840280989049132E-01 a       855     0    43     1    15
 -4.5379670214210931E-02 a       856     0    43     1    16
  2.8452470444847205E-01 a       857     0    43     1    17
 -8.5858127226986006E-02 a       858     0    43     1    18
 -2.8855829016602455E-02 a       859     0    43     1    19
 -1.2400339785378893E-01 a       860     0    43     1    20
 -6.3714906972954954E-02 a       861     0    44     1     1
  1.6861812149821306E-01 a       862     0    44     1     2
  2.7330977005563173E-01 a       863     0    44     1     3
  5.3977574371482269E-02 a       864     0    44     1     4
 -1.9945013618623022E-02 a       865     0    44     1     5
 -1.1401875523320981E-01 a       866     0    44     1     6
  2.3302344619286444E-01 a       867     0    44     1     7
 -1.1519198253326264E-01 a       868     0    44     1     8
 -1.8292960350112028E-01 a       869     0    44     1     9
  8.3462930136644201E-02 a       870     0    44     1    10
  1.4393616457521310E-01 a       871     0    44     1    11
  1.2902548938628761E-01 a       872     0    44     1    12
 -1.8497247881957371E-01 a       873     0    44     1    13
 -3.8950003886231876E-02 a       874     0    44     1    14
 -1.3680177515709449E-01 a       875     0    44     1    15
  2.1742990771379206E-01 a       876     0    44     1    16
 -1.6719255546726161E-01 a       877     0    44     1    17
  2.3099445774751797E-02 a       878     0    44     1    18
  1.0793786768192667E-01 a       879     0    44     1    19
  9.4274272130068795E-02 a       880     0    44     1    20
 -1.7823548204288939E-01 a       881     0    45     1     1
  2.4665684564444481E-02 a       882     0    45     1     2
  4.7077783058563458E-02 a       883     0    45     1     3
 -1.1838351950880814E-01 a       884     0    45     1     4
  7.4463857971991843E-02 a       885     0    45     1     5
  4.2871909981216268E-02 a       886     0    45     1     6
 -1.4018056473738311E-01 a       887     0    45     1     7
  1.4832244056900851E-01 a       888     0    45     1     8
  4.8361398572568118E-02 a       889     0    45     1     9
 -1.6629108751600005E-01 a       890     0    45     1    10
 -1.2318716106906379E-01 a       891     0    45     1    11
 -1.5284700815202790E-01 a       892     0    45     1    12
 -3.8802138890575162E-02 a       893     0    45     1    13
  2.1753334038156091E-01 a       894     0    45     1    14
 -3.0919501245543084E-02 a       895     0    45     1    15
 -1.3806743971593052E-01 a       896     0    45     1    16
 -8.3677133944946566E-02 a       897     0    45     1    17
  2.6884005418979579E-02 a       898     0    45     1    18
  4.8425257753379164E-02 a       899     0    45     1    19
  1.3115393258516428E-01 a       900     0    45     1    20
  1.5599088149148371E-02 a       901     0    46     1     1
  6.1228976236302704E-02 a       902     0    46     1     2
  1.3845303877925744E-01 a       903     0    46     1     3
  1.9198535863108881E-01 a       904     0    46     1     4
 -1.1473786371186688E-01 a       905     0    46     1     5
 -3.0110420296586657E-02 a       906     0    46     1     6
  1.2698728240797036E-01 a       907     0    46     1     7
 -3.0802379318913099E-02 a       908     0    46     1     8
  1.9725976567238687E-01 a       909     0    46     1     9
 -3.9600951319284128E-01 a       910     0    46     1    10
 -9.1121472307346796E-02 a       911     0    46     1    11
  4.3152318965308045E-01 a       912     0    46     1    12
 -1.0363051714668076E-01 a       913     0    46     1    13
  4.4299217063377867E-02 a       914     0    46     1    14
 -1.9947522782422142E-01 a       915     0    46     1    15
  3.3835680362902609E-01 a       916     0    46     1    16
  4.7742375458476254E-02 a       917     0    46     1    17
  3.1858839585382320E-01 a       918     0    46     1    18
  1.9229211734565732E-01 a       919     0    46     1    19
  2.1876715903179023E-01 a       920     0    46     1    20
  2.7639829952316242E-01 a       921     0    47     1     1
  3.1756693919702211E-01 a       922     0    47     1     2
 -6.2658916916845428E-02 a       923     0    47     1     3
 -1.8127168657132062E-01 a       924     0    47     1     4
  7.3089292854207311E-01 a       925     0    47     1     5
 -3.1707654388101014E-01 a       926     0    47     1     6
 -4.0362119708155231E-02 a       927     0    47     1     7
  5.8238128977485604E-01 a       928     0    47     1     8
  1.9657321825042390E-01 a       929     0    47     1     9
  1.4013046408956353E-02 a       930     0    47     1    10
 -3.9032949544510509E-01 a       931     0    47     1    11
 -3.5131982811224238E-01 a       932     0    47     1    12
  2.8913678440363757E-03 a       933     0    47     1    13
 -1.3665554377442013E-01 a       934     0    47     1    14
  4.4151665710743242E-02 a       935     0    47     1    15
 -2.9102873495459758E-01 a       936     0    47     1    16
 -2.1664631932241138E-01 a       937     0    47     1    17
 -5.9272551268605267E-01 a       938     0    47     1    18
 -2.9446232802081340E-01 a       939     0    47     1    19
 -2.7705423922807382E-01 a       940     0    47     1    20
  3.4395658161450397E-02 a       941     0    48     1     1
  4.1873895911547887E-02 a       942     0    48     1     2
 -6.7594901095404586E-02 a       943     0    48     1     3
 -2.1192640944167940E-02 a       944     0    48     1     4
 -1.3388980921161389E-01 a       945     0    48     1     5
 -2.6875624539057917E-02 a       946     0    48     1     6
  5.4165923024190633E-02 a       947     0    48     1     7
 -6.0898541731563949E-02 a       948     0    48     1     8
 -5.7065244193457206E-03 a       949     0    48     1     9
 -1.0513632369732825E-01 a       950     0    48     1    10
  6.2125049020669058E-02 a       951     0    48     1    11
 -1.2374650632378066E-02 a       952     0    48     1    12
 -3.3653274375732616E-02 a       953     0    48     1    13
 -1.5818851712006303E-02 a       954     0    48     1    14
 -1.3054074490991513E-01 a       955     0    48     1    15
 -7.2099791535459340E-02 a       956     0    48     1    16
  1.1769937788194629E-01 a       957     0    48     1    17
  1.7931177298336699E-02 a       958     0    48     1    18
 -6.2326571568753777E-02 a       959     0    48     1    19
 -7.1891058340365285E-03 a       960     0    48     1    20
 -5.9590726778180746E-02 a       961     0    49     1     1
 -3.2584156876581899E-01 a       962     0    49     1     2
 -9.5601942899020062E-02 a       963     0    49     1     3
 -7.3181622269646359E-03 a       964     0    49     1     4
 -1.8223476923027052E-01 a       965     0    49     1     5
  1.9557092409252175E-01 a       966     0    49     1     6
  5.0273894769217994E-02 a       967     0    49     1     7
 -3.2287320309176981E-01 a       968     0    49     1     8
  6.6049114670699349E-02 a       969     0    49     1     9
  1.5375075983164480E-01 a       970     0    49     1    10
  1.3632836038920343E-01 a       971     0    49     1    11
 -1.9672787591111934E-02 a       972     0    49     1    12
 -3.2347472006747167E-02 a       973     0    49     1    13
 -5.1874961305191473E-02 a       974     0    49     1    14
  3.8454029524462928E-03 a       975     0    49     1    15
  3.3883733435296007E-02 a       976     0    49     1    16
 -1.2060238804272246E-01 a       977     0    49     1    17
 -9.0840886631310250E-02 a       978     0    49     1    18
 -7.9331857105737424E-02 a       979     0    49     1    19
 -1.6088301473880025E-02 a       980     0    49     1    20
  1.5540981400311107E-01 a       981     0    50     1     1
 -3.6003349186864812E-03 a       982     0    50     1     2
 -1.0445548070258763E-01 a       983     0    50     1     3
 -6.3420604396050614E-02 a       984     0    50     1     4
 -9.9367245911614221E-02 a       985     0    50     1     5
 -2.0978087829533576E-01 a       986     0    50     1     6
 -5.8533194154925972E-02 a       987     0    50     1     7
 -4.5076848890261825E-02 a       988     0    50     1     8
  1.1998339614573603E-01 a       989     0    50     1     9
  1.1773918492768692E-01 a       990     0    50     1    10
  7.7013748763010523E-02 a       991     0    50     1    11
 -1.1958656977697742E-01 a       992     0    50     1    12
 -1.9399646467596172E-03 a       993     0    50     1    13
  2.9549474140311002E-02 a       994     0    50     1    14
 -6.5370470801956085E-02 a       995     0    50     1    15
 -9.5051784798767872E-03 a       996     0    50     1    16
  1.1270100958671604E-01 a       997     0    50     1    17
  1.2102647753630517E-01 a       998     0    50     1    18
 -5.0546801023843698E-03 a       999     0    50     1    19
 -1.5256120536707812E-01 a      1000     0    50     1    20
 -7.4982451245752268E-01 b      1001     1     1
  6.1744774279559789E-01 b      1002     1     2
  6.1724343876792230E-02 b      1003     1     3
  2.4238099753153364E-01 b      1004     1     4
 -1.0165380825433776E+00 b      1005     1     5
  7.0087699716434665E-02 b      1006     1     6
 -5.8740115245327995E-01 b      1007     1     7
  1.0063011643195519E+00 b      1008     1     8
  7.7705703930821823E-02 b      1009     1     9
 -3.0696579867405155E-01 b      1010     1    10
 -9.1051624697630107E-01 b      1011     1    11
  6.6867843251139669E-01 b      1012     1    12
 -5.5722240823672031E-01 b      1013     1    13
  2.1824940404323195E-01 b      1014     1    14
  5.1553901347886533E-01 b      1015     1    15
 -5.3840949822250371E-02 b      1016     1    16
  8.4185707975077975E-02 b      1017     1    17
 -1.1562810425351133E+00 b      1018     1    18
  1.1888603756129350E+00 b      1019     1    19
  3.4053848769326550E-01 b      1020     1    20
  6.6286596591936453E-01 a      1021     1     1     2     1
  4.2713664658982664E-01 a      1022     1     1     2     2
 -3.8379513843633872E-01 a      1023     1     1     2     3
 -4.3594612096482493E-01 a      1024     1     1     2     4
  4.8892942274032125E-02 a      1025     1     1     2     5
  1.1604177662441029E-01 a      1026     1     1     2     6
 -3.8159262271314698E-01 a      1027     1     1     2     7
  1.5008061478980550E-01 a      1028     1     1     2     8
 -4.2416239486365082E-01 a      1029     1     1     2     9
 -2.7329860443452325E-01 a      1030     1     1     2    10
  2.0567494802200115E-01 a      1031     1     1     2    11
 -2.3866874163674723E-01 a      1032     1     1     2    12
  2.1683857140930823E-01 a      1033     1     1     2    13
  2.7404056355479722E-02 a      1034     1     1     2    14
 -5.4789536179142206E-01 a      1035     1     1     2    15
 -1.6494025453965874E-01 a      1036     1     1     2    16
  2.8649701077846723E-01 a      1037     1     1     2    17
  3.0532147695737002E-02 a      1038     1     1     2    18
  3.5700208962915786E-01 a      1039     1     1     2    19
 -1.8536507705944519E-01 a      1040     1     1     2    20
  6.2831121540416957E-01 a      1041     1     2     2     1
 -3.4077012517454741E-01 a      1042     1     2     2     2
 -2.2761871227562328E-01 a      1043     1     2     2     3
 -5.0824057416054913E-01 a      1044     1     2     2     4
  4.2729655897006141E-02 a      1045     1     2     2     5
  3.0853200195160840E-01 a      1046     1     2     2     6
  2.2662520034442993E-01 a      1047     1     2     2     7
  4.1163064637336899E-01 a      1048     1     2     2     8
  3.9966939211988911E-01 a      1049     1     2     2     9
  7.8188650698676490E-02 a      1050     1     2     2    10
 -3.8496774220571195E-01 a      1051     1     2     2    11
  6.7693325628683665E-01 a      1052     1     2     2    12
 -4.4137039890584129E-01 a      1053     1     2     2    13
 -6.8384196773698822E-02 a      1054     1     2     2    14
  2.5125217740057326E-01 a      1055     1     2     2    15
  3.3792280355427362E-01 a      1056     1     2     2    16
  4.6572965937187077E-01 a      1057     1     2     2    17
 -1.3228535582521148E-01 a      1058     1     2     2    18
  2.9030858994944414E-01 a      1059     1     2     2    19
  4.4117344251522378E-01 a      1060     1     2     2    20
 -1.2396138132793269E-01 a      1061     1     3     2     1
  3.7620614716992856E-01 a      1062     1     3     2     2
  6.2238094680082523E-01 a      1063     1     3     2     3
  1.7983113261548123E-01 a      1064     1     3     2     4
  5.2589156055356689E-01 a      1065     1     3     2     5
  3.8806212838088418E-02 a      1066     1     3     2     6
  3.7147521266105865E-01 a      1067     1     3     2     7
 -9.1629393174763429E-02 a      1068     1     3     2     8
 -3.4328972255258072E-01 a      1069     1     3     2     9
 -5.3871862583458763E-01 a      1070     1     3     2    10
 -3.5203333833593265E-03 a      1071     1     3     2    11
  2.2538466946317795E-01 a      1072     1     3     2    12
  3.2524063617475862E-01 a      1073     1     3     2    13
  4.9874294719028345E-01 a      1074     1     3     2    14
 -3.1898873096723313E-01 a      1075     1     3     2    15
  4.1209045776600045E-01 a      1076     1     3     2    16
  6.0557945761729282E-01 a      1077     1     3     2    17
 -4.3590363180836617E-02 a      1078     1     3     2    18
 -4.0562381956532573E-01 a      1079     1     3     2    19
  3.0893628179504135E-01 a      1080     1     3     2    20
 -3.9139446314894122E-01 a      1081     1     4     2     1
  1.6469166750352357E-01 a      1082     1     4     2     2
  7.0516129920650350E-01 a      1083     1     4     2     3
 -4.0254276794176647E-01 a      1084     1     4     2     4
  2.4623042615512095E-01 a      1085     1     4     2     5
 -1.7786720441564691E-01 a      1086     1     4     2     6
 -6.3254930065433479E-01 a      1087     1     4     2     7
 -5.5415992407130887E-01 a      1088     1     4     2     8
 -1.5144763257595303E-01 a      1089     1     4     2     9
 -3.0450677447858043E-01 a      1090     1     4     2    10
 -8.4656192363609703E-02 a      1091     1     4     2    11
  6.1920515331352466E-01 a      1092     1     4     2    12
  1.1341202325485500E-01 a      1093     1     4     2    13
 -6.4345355867516418E-01 a      1094     1     4     2    14
 -3.5315918658963180E-01 a      1095     1     4     2    15
 -1.3519827021621450E-01 a      1096     1     4     2    16
 -1.6493171035658594E-01 a      1097     1     4     2    17
 -2.3821014387112016E-01 a      1098     1     4     2    18
 -4.2109383820280105E-01 a      1099     1     4     2    19
 -4.3563353004805391E-02 a      1100     1     4     2    20
  5.5395833684685358E-01 a      1101     1     5     2     1
 -1.5786055545476818E-01 a      1102     1     5     2     2
 -5.8474717582963742E-01 a      1103     1     5     2     3
  1.0267150028642222E-01 a      1104     1     5     2     4
 -8.4441774878203690E-01 a      1105     1     5     2     5
 -3.2196242153687038E-01 a      1106     1     5     2     6
 -6.3876405690708071E-01 a      1107     1     5     2     7
  2.2366140335520993E-01 a      1108     1     5     2     8
  3.2706533279747746E-01 a      1109     1     5     2     9
  1.0929231909347703E-01 a      1110     1     5     2    10
  3.9023560284350306E-01 a      1111     1     5     2    11
 -8.0501779836717195E-04 a      1112     1     5     2    12
 -1.9664488717819156E-01 a      1113     1     5     2    13
 -5.0066966694843684E-01 a      1114     1     5     2    14
 -5.0300411566917787E-02 a      1115     1     5     2    15
 -4.5023557553498800E-01 a      1116     1     5     2    16
 -9.4400012707860068E-02 a      1117     1     5     2    17
 -2.7989650462450028E-01 a      1118     1     5     2    18
 -1.7772452209159811E-01 a      1119     1     5     2    19
  6.5969181264662924E-01 a      1120     1     5     2    20
 -1.3245789559086871E-01 a      1121     1     6     2     1
  3.7971182701007933E-01 a      1122     1     6     2     2
  2.3350539524299729E-02 a      1123     1     6     2     3
 -4.4525894164058571E-01 a      1124     1     6     2     4
  4.9791690774239250E-01 a      1125     1     6     2     5
  4.1201128101476620E-01 a      1126     1     6     2     6
  2.7218722337970847E-01 a      1127     1     6     2     7
  7.3735103599487251E-01 a      1128     1     6     2     8
  1.0428062985195004E-01 a      1129     1     6     2     9
  5.8012173709564518E-01 a      1130     1     6     2    10
 -3.5365731417149515E-01 a      1131     1     6     2    11
 -2.1968830794093297E-01 a      1132     1     6     2    12
  4.6894131419757973E-01 a      1133     1     6     2    13
  2.0510213684293629E-01 a      1134     1     6     2    14
  5.4454982165733656E-01 a      1135     1     6     2    15
  3.9986562475456544E-01 a      1136     1     6     2    16
 -5.4499844914815021E-01 a      1137     1     6     2    17
 -1.9319802710479836E-01 a      1138     1     6     2    18
 -9.2269913229442335E-02 a      1139     1     6     2    19
 -4.8815749686008608E-01 a      1140     1     6     2    20
 -6.8850554398359826E-02 a      1141     1     7     2     1
  1.7965491036159059E-01 a      1142     1     7     2     2
 -3.0745277817922767E-01 a      1143     1     7     2     3
  1.0149096978617016E-01 a      1144     1     7     2     4
  1.0201159291723198E-01 a      1145     1     7     2     5
  1.6922535520566531E-01 a      1146     1     7     2     6
 -4.5275368412082401E-01 a      1147     1     7     2     7
 -3.1700393052270204E-01 a      1148     1     7     2     8
 -7.6648028294487344E-02 a      1149     1     7     2     9
  5.3079468113324990E-01 a      1150     1     7     2    10
 -5.0801694184643020E-01 a      1151     1     7     2    11
  3.3489886077590153E-01 a      1152     1     7     2    12
 -5.1764976600029411E-01 a      1153     1     7     2    13
 -2.6109747515127724E-01 a      1154     1     7     2    14
  4.4402853887716032E-01 a      1155     1     7     2    15
  4.4614774161413839E-01 a      1156     1     7     2    16
 -1.5767092478585559E-01 a      1157     1     7     2    17
  1.0428414095896245E-01 a      1158     1     7     2    18
  4.9910251341888878E-01 a      1159     1     7     2    19
 -4.1673255875609766E-01 a      1160     1     7     2    20
  6.6982270826411183E-01 a      1161     1     8     2     1
  3.1939285915786703E-01 a      1162     1     8     2     2
 -6.9382580181219511E-01 a      1163     1     8     2     3
 -2.6561503739404380E-01 a      1164     1     8     2     4
 -3.0663006855375124E-01 a      1165     1     8     2     5
 -3.5941963467686126E-02 a      1166     1     8     2     6
  1.5693388641505965E-01 a      1167     1     8     2     7
  3.5025681895122518E-01 a      1168     1     8     2     8
 -2.1991394099670306E-01 a      1169     1     8     2     9
 -9.6186527081802004E-02 a      1170     1     8     2    10
 -5.0736378199950449E-01 a      1171     1     8     2    11
  1.1049232381846502E-01 a      1172     1     8     2    12
 -4.4664199451612852E-01 a      1173     1     8     2    13
  1.3182487350018537E-01 a      1174     1     8     2    14
  7.6756179735659902E-02 a      1175     1     8     2    15
 -5.1044324991849521E-01 a      1176     1     8     2    16
  1.6846314873584542E-01 a      1177     1     8     2    17
 -4.3082622529952369E-01 a      1178     1     8     2    18
 -2.0135967680808506E-01 a      1179     1     8     2    19
 -1.9907266515282038E-01 a      1180     1     8     2    20
  5.5969281049228592E-01 a      1181     1     9     2     1
  3.5503016596435405E-01 a      1182     1     9     2     2
 -2.8590376497426828E-01 a      1183     1     9     2     3
 -2.3094401717351026E-01 a      1184     1     9     2     4
  4.7573509248441798E-01 a      1185     1     9     2     5
  4.9582330943966346E-01 a      1186     1     9     2     6
 -4.1561311853777272E-01 a      1187     1     9     2     7
  5.2908055769805806E-01 a      1188     1     9     2     8
 -1.1743617378810861E-01 a      1189     1     9     2     9
  9.2581712633477892E-02 a      1190     1     9     2    10
 -5.7054170031227769E-01 a      1191     1     9     2    11
  4.9458823722384998E-01 a      1192     1     9     2    12
 -3.0763762103740294E-01 a      1193     1     9     2    13
  3.0182219155100065E-01 a      1194     1     9     2    14
  5.7457366278506439E-01 a      1195     1     9     2    15
  6.9632607061593566E-01 a      1196     1     9     2    16
  1.2621822132671939E-01 a      1197     1     9     2    17
 -4.5729330228499587E-01 a      1198     1     9     2    18
  5.2652349044292635E-01 a      1199     1     9     2    19
  1.7606965534208852E-01 a      1200     1     9     2    20
  4.7416321618840568E-01 a      1201     1    10     2     1
 -1.1701069654659201E-01 a      1202     1    10     2     2
 -2.4985942247812452E-02 a      1203     1    10     2     3
  3.9016540738803845E-01 a      1204     1    10     2     4
  1.4205436627491463E-01 a      1205     1    10     2     5
 -5.1109698771088327E-02 a      1206     1    10     2     6
  4.8358474305511251E-01 a      1207     1    10     2     7
 -5.7397557922753561E-01 a      1208     1    10     2     8
 -1.0599461333355613E-01 a      1209     1    10     2     9
 -3.4582461298928491E-01 a      1210     1    10     2    10
  3.7396762445391407E-01 a      1211     1    10     2    11
  3.1679295185793155E-01 a      1212     1    10     2    12
  3.1700954236192880E-01 a      1213     1    10     2    13
 -3.2756181786534461E-01 a      1214     1    10     2    14
 -3.0330545034944806E-01 a      1215     1    10     2    15
 -5.9137290926259696E-02 a      1216     1    10     2    16
  4.1030452643389859E-01 a      1217     1    10     2    17
  1.0796324935952482E-01 a      1218     1    10     2    18
  4.0123835448113931E-01 a      1219     1    10     2    19
  5.7451704266329207E-01 a      1220     1    10     2    20
 -3.6728920186495745E-01 a      1221     1    11     2     1
 -5.7800268708424263E-01 a      1222     1    11     2     2
  3.3192482056846934E-01 a      1223     1    11     2     3
 -4.3809647660260959E-01 a      1224     1    11     2     4
  5.9244476257361234E-01 a      1225     1    11     2     5
  3.0028030707359171E-01 a      1226     1    11     2     6
 -2.9051649238409066E-01 a      1227     1    11     2     7
 -5.4825750953467944E-01 a      1228     1    11     2     8
  1.8930152150114291E-01 a      1229     1    11     2     9
 -1.0588565368597115E-01 a      1230     1    11     2    10
 -5.3127089027509471E-03 a      1231     1    11     2    11
 -6.5716501812852379E-01 a      1232     1    11     2    12
 -6.9384193311882336E-01 a      1233     1    11     2    13
  5.3713858261813387E-02 a      1234     1    11     2    14
 -5.9788488886689563E-02 a      1235     1    11     2    15
  5.5332553004247431E-01 a      1236     1    11     2    16
 -6.1287435508013433E-01 a      1237     1    11     2    17
  3.5910495916805824E-01 a      1238     1    11     2    18
 -1.8001752782908445E-01 a      1239     1    11     2    19
  5.0946907944604714E-01 a      1240     1    11     2    20
 -2.4942081356401818E-01 a      1241     1    12     2     1
 -2.0924836454822365E-01 a      1242     1    12     2     2
  3.4744365489607187E-02 a      1243     1    12     2     3
  4.3210639471240953E-01 a      1244     1    12     2     4
 -3.6044879645865840E-01 a      1245     1    12     2     5
 -3.0270025234622627E-01 a      1246     1    12     2     6
 -5.1604117441608155E-01 a      1247     1    12     2     7
 -2.2252166769789378E-01 a      1248     1    12     2     8
 -5.7669759205886717E-01 a      1249     1    12     2     9
  3.2262989545250226E-01 a      1250     1    12     2    10
 -1.8751748678020075E-01 a      1251     1    12     2    11
 -5.5090659968846278E-01 a      1252     1    12     2    12
 -1.4392562315896448E-01 a      1253     1    12     2    13
 -2.4553802658110216E-01 a      1254     1    12     2    14
 -5.1936030842234937E-01 a      1255     1    12     2    15
 -2.3770645440468238E-02 a      1256     1    12     2    16
  1.2239613551881458E-01 a      1257     1    12     2    17
 -7.8477769727090108E-01 a      1258     1    12     2    18
 -4.1668817123173538E-02 a      1259     1    12     2    19
 -4.0079164902258285E-01 a      1260     1    12     2    20
 -4.7583565304589864E-01 a      1261     1    13     2     1
 -4.0406450437593244E-01 a      1262     1    13     2     2
  5.5504377870356136E-01 a      1263     1    13     2     3
  3.9773798059984794E-02 a      1264     1    13     2     4
 -5.1060004852727270E-02 a      1265     1    13     2     5
  3.5586089635938528E-01 a      1266     1    13     2     6
  1.5270118137376444E-02 a      1267     1    13     2     7
 -5.7930021547407906E-01 a      1268     1    13     2     8
  3.9505521277991823E-01 a      1269     1    13     2     9
  3.1678147055638434E-01 a      1270     1    13     2    10
 -5.4730325912515942E-01 a      1271     1    13     2    11
  1.6126264747584895E-01 a      1272     1    13     2    12
 -6.4501402915275974E-01 a      1273     1    13     2    13
 -1.1077692483916375E-01 a      1274     1    13     2    14
 -2.1733074738249522E-01 a      1275     1    13     2    15
  2.1845978726078213E-01 a      1276     1    13     2    16
  4.6316783055226535E-01 a      1277     1    13     2    17
  2.6712253202095076E-01 a      1278     1    13     2    18
  2.3344679304255148E-01 a      1279     1    13     2    19
  2.1806333255074811E-01 a      1280     1    13     2    20
 -6.5471642817204012E-01 a      1281     1    14     2     1
  1.2323783944331901E-01 a      1282     1    14     2     2
  2.0589498839820011E-01 a      1283     1    14     2     3
  2.4474619976115936E-01 a      1284     1    14     2     4
  3.4625908676575867E-01 a      1285     1    14     2     5
 -2.3525839154680589E-01 a      1286     1    14     2     6
  5.9771760397782636E-01 a      1287     1    14     2     7
 -6.9986063717050917E-01 a      1288     1    14     2     8
 -1.4014795624323348E-01 a      1289     1    14     2     9
 -7.5062921287577189E-02 a      1290     1    14     2    10
  2.2188814262767187E-01 a      1291     1    14     2    11
 -3.0036893260236769E-01 a      1292     1    14     2    12
  3.4519820818902069E-01 a      1293     1    14     2    13
 -1.9522854053305508E-01 a      1294     1    14     2    14
 -1.1501082605689432E-01 a      1295     1    14     2    15
 -7.9438432598713582E-02 a      1296     1    14     2    16
 -2.8623732575351718E-01 a      1297     1    14     2    17
  5.8387719448031372E-01 a      1298     1    14     2    18
 -4.3248914975402003E-01 a      1299     1    14     2    19
  5.4068381624547274E-02 a      1300     1    14     2    20
  3.8369823624914440E-01 a      1301     1    15     2     1
  5.4215952804591350E-01 a      1302     1    15     2     2
 -1.8742770141506296E-01 a      1303     1    15     2     3
 -8.2234720802434813E-01 a      1304     1    15     2     4
 -7.7461826644252996E-02 a      1305     1    15     2     5
 -4.4742222966856682E-01 a      1306     1    15     2     6
  2.6565956269424856E-01 a      1307     1    15     2     7
 -2.5390801501574312E-01 a      1308     1    15     2     8
 -3.4625013129916238E-01 a      1309     1    15     2     9
 -8.2013432872274872E-01 a      1310     1    15     2    10
 -5.1422876359150105E-01 a      1311     1    15     2    11
  4.5720478105449019E-01 a      1312     1    15     2    12
  3.0699621574820513E-01 a      1313     1    15     2    13
  2.9837874080811372E-01 a      1314     1    15     2    14
  2.6112944988809722E-01 a      1315     1    15     2    15
 -6.9620122830867881E-01 a      1316     1    15     2    16
  4.2311829265851536E-01 a      1317     1    15     2    17
  3.3060843658543676E-01 a      1318     1    15     2    18
 -2.5321930849913848E-01 a      1319     1    15     2    19
  5.0616653420947000E-01 a      1320     1    15     2    20
 -2.5109953089651871E-01 a      1321     1    16     2     1
 -3.0462298164678647E-01 a      1322     1    16     2     2
  3.6907791885237423E-01 a      1323     1    16     2     3
  3.8621869386127339E-01 a      1324     1    16     2     4
  7.1152572865599395E-01 a      1325     1    16     2     5
 -4.2679555047230427E-01 a      1326     1    16     2     6
 -5.3427423492555703E-01 a      1327     1    16     2     7
  4.5749619484564685E-01 a      1328     1    16     2     8
  5.5581930176272365E-01 a      1329     1    16     2     9
 -5.0010827012349490E-01 a      1330     1    16     2    10
 -1.3295433803482617E-01 a      1331     1    16     2    11
 -5.5965373382382899E-01 a      1332     1    16     2    12
 -6.1806465872299418E-02 a      1333     1    16     2    13
  6.3135502613002192E-01 a      1334     1    16     2    14
  7.6103429531096256E-01 a      1335     1    16     2    15
 -1.9999359341443343E-01 a      1336     1    16     2    16
 -5.2798142533597314E-01 a      1337     1    16     2    17
 -5.7956974423821819E-02 a      1338     1    16     2    18
  3.6769969141734093E-01 a      1339     1    16     2    19
  6.0159944578294611E-01 a      1340     1    16     2    20
 -2.6924986889455872E-02 a      1341     1    17     2     1
  1.9093542608945929E-01 a      1342     1    17     2     2
  3.3018729243777506E-01 a      1343     1    17     2     3
  3.8866914486004439E-01 a      1344     1    17     2     4
  5.8693173687053379E-01 a      1345     1    17     2     5
 -1.6466318092570740E-02 a      1346     1    17     2     6
 -3.5606029604067735E-01 a      1347     1    17     2     7
  2.0576064319006176E-01 a      1348     1    17     2     8
 -8.3024693211043388E-02 a      1349     1    17     2     9
 -9.7051271276343193E-02 a      1350     1    17     2    10
 -6.8818497969527867E-02 a      1351     1    17     2    11
 -2.4344990218908458E-01 a      1352     1    17     2    12
 -1.2704588698551592E-01 a      1353     1    17     2    13
  2.7803531277363175E-01 a      1354     1    17     2    14
  3.6299678021097354E-01 a      1355     1    17     2    15
  4.4506901824641198E-01 a      1356     1    17     2    16
 -3.6860148345354754E-01 a      1357     1    17     2    17
  3.9745508196813335E-02 a      1358     1    17     2    18
 -3.9960531281108441E-01 a      1359     1    17     2    19
  5.9656984417388502E-02 a      1360     1    17     2    20
 -6.6037129627599112E-01 a      1361     1    18     2     1
 -3.4567659902789671E-01 a      1362     1    18     2     2
  2.5581300095856091E-01 a      1363     1    18     2     3
  1.8347748709580086E-01 a      1364     1    18     2     4
  2.5555469704308220E-01 a      1365     1    18     2     5
 -2.4001658187390040E-01 a      1366     1    18     2     6
 -2.4065724113812292E-01 a      1367     1    18     2     7
 -3.8894342069037902E-01 a      1368     1    18     2     8
 -2.1936847400294318E-01 a      1369     1    18     2     9
  5.4405342773934398E-02 a      1370     1    18     2    10
 -4.2354583851009542E-02 a      1371     1    18     2    11
  3.1111616503393990E-03 a      1372     1    18     2    12
 -5.6515551340129977E-01 a      1373     1    18     2    13
  1.0636596977840408E-01 a      1374     1    18     2    14
 -2.0604245123273762E-01 a      1375     1    18     2    15
  3.1167030139678137E-01 a      1376     1    18     2    16
  1.9173196186370864E-01 a      1377     1    18     2    17
  2.5218663556809590E-01 a      1378     1    18     2    18
  4.1366893883322292E-01 a      1379     1    18     2    19
 -4.7537253122292539E-01 a      1380     1    18     2    20
  2.4329493635863128E-01 a      1381     1    19     2     1
  4.8646928033246911E-01 a      1382     1    19     2     2
 -4.4016047951419487E-03 a      1383     1    19     2     3
  3.4734934482095459E-01 a      1384     1    19     2     4
  7.6626680605813946E-01 a      1385     1    19     2     5
  2.3706194519848561E-01 a      1386     1    19     2     6
  5.3994276982890343E-01 a      1387     1    19     2     7
 -1.7009777476276425E-02 a      1388     1    19     2     8
 -8.4497164354389642E-02 a      1389     1    19     2     9
 -3.4552815155384242E-01 a      1390     1    19     2    10
  4.5428497928699740E-01 a      1391     1    19     2    11
 -1.4435436421399378E-01 a      1392     1    19     2    12
  4.0191019408495143E-01 a      1393     1    19     2    13
  3.0901479624869405E-01 a      1394     1    19     2    14
  2.6759218319145284E-01 a      1395     1    19     2    15
  2.0699585251944586E-01 a      1396     1    19     2    16
  2.0599384752679273E-01 a      1397     1    19     2    17
 -5.4624653664570033E-01 a      1398     1    19     2    18
 -2.3909404193584177E-01 a      1399     1    19     2    19
 -1.8327007595258835E-02 a      1400     1    19     2    20
  2.7408528657623571E-01 a      1401     1    20     2     1
  2.4860054881759172E-01 a      1402     1    20     2     2
 -7.1717921678518648E-01 a      1403     1    20     2     3
 -3.6239321054877593E-01 a      1404     1    20     2     4
  1.4355351919683795E-01 a      1405     1    20     2     5
 -7.8651945865731446E-02 a      1406     1    20     2     6
  1.9454091928566469E-01 a      1407     1    20     2     7
  3.7913965099203950E-01 a      1408     1    20     2     8
  1.5417193445939867E-01 a      1409     1    20     2     9
 -4.9289831351748215E-01 a      1410     1    20     2    10
  8.7295798117816004E-01 a      1411     1    20     2    11
 -4.5684551055019679E-01 a      1412     1    20     2    12
  1.7167608435876353E-01 a      1413     1    20     2    13
 -5.7966586448584212E-01 a      1414     1    20     2    14
 -1.4179645695981318E-03 a      1415     1    20     2    15
 -5.7654812825902002E-01 a      1416     1    20     2    16
 -7.5470167646621522E-01 a      1417     1    20     2    17
 -6.0804243648725032E-01 a      1418     1    20     2    18
 -6.9729262420032279E-01 a      1419     1    20     2    19
  4.2734262042053878E-01 a      1420     1    20     2    20
 -1.0103058511083116E+00 b      1421     2     1
 -9.9962686647705079E-01 b      1422     2     2
  8.0025178506746009E-01 b      1423     2     3
 -2.1377273482666295E-01 b      1424     2     4
  1.2042048832358092E+00 b      1425     2     5
 -2.4003064257202322E-01 b      1426     2     6
 -1.2450851018065607E+00 b      1427     2     7
 -4.8983580913562763E-01 b      1428     2     8
  1.1922223274341828E+00 b      1429     2     9
  4.6772091440936048E-01 b      1430     2    10
 -1.5546174018491776E+00 b      1431     2    11
 -7.4234842518776967E-01 b      1432     2    12
  8.8900194866741189E-01 b      1433     2    13
 -5.9820055058516730E-02 b      1434     2    14
 -7.2903994585647713E-01 b      1435     2    15
 -4.1721102849588915E-01 b      1436     2    16
 -7.2420329287763785E-01 b      1437     2    17
 -3.5140374559310544E-01 b      1438     2    18
 -1.2134383379702438E+00 b      1439     2    19
 -9.9715401456306574E-01 b      1440     2    20
 -2.2417054132905201E-01 a      1441     2     1     3     1
 -6.4975792045633662E-01 a      1442     2     2     3     1
  1.6728391915165014E-01 a      1443     2     3     3     1
 -1.9386991340744042E-01 a      1444     2     4     3     1
 -1.6204549923935847E+00 a      1445     2     5     3     1
  6.6627095571723860E-01 a      1446     2     6     3     1
  3.5777483115493003E-02 a      1447     2     7     3     1
  2.7472529112123989E-01 a      1448     2     8     3     1
 -1.1157477123328206E+00 a      1449     2     9     3     1
 -4.2347133255201497E-01 a      1450     2    10     3     1
  8.7538707322799947E-01 a      1451     2    11     3     1
 -9.1336984200006821E-01 a      1452     2    12     3     1
 -1.3081805573358167E+00 a      1453     2    13     3     1
 -9.6818182944376485E-01 a      1454     2    14     3     1
  1.1915326979539518E+00 a      1455     2    15     3     1
 -5.2994095217719805E-01 a      1456     2    16     3     1
  8.2269393586356410E-01 a      1457     2    17     3     1
  9.7194511285575180E-01 a      1458     2    18     3     1
  9.0800452833052839E-02 a      1459     2    19     3     1
  2.6942938230710139E-01 a      1460     2    20     3     1
 -6.9491990879456356E-01 b      1461     3     1
