################################################################################
# Neural network connection values (weights and biases).
################################################################################
# Col  Name       Description
################################################################################
# 1    connection Neural network connection value.
# 2    t          Connection type (a = weight, b = bias).
# 3    index      Index enumerating weights.
# 4    l_s        Starting point layer (end point layer for biases).
# 5    n_s        Starting point neuron in starting layer (end point neuron for biases).
# 6    l_e        End point layer.
# 7    n_e        End point neuron in end layer.
################################################################################
#                      1 2         3     4     5     6     7
#             connection t     index   l_s   n_s   l_e   n_e
############################################################
 -8.9273097084931086E-02 a         1     0     1     1     1
 -4.2569456123722155E-01 a         2     0     1     1     2
  2.0595502500608645E-01 a         3     0     1     1     3
 -3.2719148260855474E-01 a         4     0     1     1     4
 -6.9889303178099771E-02 a         5     0     1     1     5
 -2.9144071369985436E-01 a         6     0     1     1     6
 -6.6122429620856266E-02 a         7     0     1     1     7
  1.6602956142809849E-01 a         8     0     1     1     8
 -3.0407133583908658E-01 a         9     0     1     1     9
  2.2680682948428327E-01 a        10     0     1     1    10
 -2.0863690771084389E-01 a        11     0     1     1    11
 -2.1585429590304514E-01 a        12     0     1     1    12
 -1.7287209407577400E-01 a        13     0     1     1    13
 -2.3485654242806847E-01 a        14     0     1     1    14
 -9.9186191966975215E-02 a        15     0     1     1    15
 -1.8906413352988388E-01 a        16     0     1     1    16
 -9.9999072789317842E-02 a        17     0     1     1    17
  2.1846036408066305E-01 a        18     0     1     1    18
 -2.9243315265495884E-01 a        19     0     1     1    19
 -1.1902575632266609E-02 a        20     0     1     1    20
 -1.9685687736092258E-01 a        21     0     2     1     1
  2.5754678540233966E-01 a        22     0     2     1     2
  1.2689990893767236E-02 a        23     0     2     1     3
 -2.4893987049563783E-02 a        24     0     2     1     4
 -5.8433752920241042E-02 a        25     0     2     1     5
  1.0481126390757359E-01 a        26     0     2     1     6
  8.9154410620447849E-02 a        27     0     2     1     7
  1.0652536827992407E-01 a        28     0     2     1     8
 -2.9414130116541114E-02 a        29     0     2     1     9
  1.1975109333663081E-01 a        30     0     2     1    10
  1.1642835530334920E-01 a        31     0     2     1    11
  5.9821049358762139E-02 a        32     0     2     1    12
  1.2752528145480355E-01 a        33     0     2     1    13
  2.7626515111773141E-03 a        34     0     2     1    14
 -3.8370748264664842E-02 a        35     0     2     1    15
  2.9870296475316871E-01 a        36     0     2     1    16
 -1.3561413348459705E-01 a        37     0     2     1    17
 -2.6430708743463560E-01 a        38     0     2     1    18
 -2.0132795062173359E-02 a        39     0     2     1    19
  1.2632356067571213E-01 a        40     0     2     1    20
 -7.2182845319934033E-02 a        41     0     3     1     1
 -3.0498403231478233E-02 a        42     0     3     1     2
 -6.7475981432332341E-02 a        43     0     3     1     3
  1.3899347760939185E-01 a        44     0     3     1     4
  5.2538235076074948E-02 a        45     0     3     1     5
 -3.2493226496021758E-02 a        46     0     3     1     6
 -9.6343632084035624E-02 a        47     0     3     1     7
  2.3144103128993876E-01 a        48     0     3     1     8
 -1.8658832944991310E-01 a        49     0     3     1     9
  1.1331583665434805E-01 a        50     0     3     1    10
 -1.5442705567070572E-02 a        51     0     3     1    11
  1.5944394625190991E-01 a        52     0     3     1    12
  1.7011477067109482E-02 a        53     0     3     1    13
 -1.0119750943265034E-01 a        54     0     3     1    14
 -9.7051114168206359E-02 a        55     0     3     1    15
  2.4284827774924486E-01 a        56     0     3     1    16
 -1.4435079970592612E-01 a        57     0     3     1    17
  5.7703479379008292E-02 a        58     0     3     1    18
 -2.8215152453382281E-01 a        59     0     3     1    19
 -5.9525066713214725E-02 a        60     0     3     1    20
  1.4714084381754775E-01 a        61     0     4     1     1
 -8.6048860157849072E-02 a        62     0     4     1     2
  4.4652708677246095E-01 a        63     0     4     1     3
  2.6135143749685702E-02 a        64     0     4     1     4
  3.6808935316582009E-01 a        65     0     4     1     5
  4.3065019244951208E-01 a        66     0     4     1     6
  3.1527640255947825E-01 a        67     0     4     1     7
 -2.6464301318985320E-02 a        68     0     4     1     8
  2.7074632126274278E-01 a        69     0     4     1     9
 -8.2515135001880499E-02 a        70     0     4     1    10
  7.0772445556771146E-01 a        71     0     4     1    11
  3.0762091978056127E-01 a        72     0     4     1    12
  1.8588487041819035E-01 a        73     0     4     1    13
 -5.7970021864903742E-02 a        74     0     4     1    14
 -2.2561136088972974E-02 a        75     0     4     1    15
 -7.7557157902912721E-01 a        76     0     4     1    16
 -1.0881968876287988E-01 a        77     0     4     1    17
 -9.5427886230790027E-01 a        78     0     4     1    18
  8.4800993441637204E-02 a        79     0     4     1    19
  2.0412873433944534E-01 a        80     0     4     1    20
  2.2244464329672767E-01 a        81     0     5     1     1
 -3.2918564174948217E-01 a        82     0     5     1     2
 -2.9880420103627930E-01 a        83     0     5     1     3
  5.0802828111172734E-03 a        84     0     5     1     4
 -6.6458873598248041E-03 a        85     0     5     1     5
 -2.1318060891675028E-01 a        86     0     5     1     6
 -2.8284480704587533E-01 a        87     0     5     1     7
 -3.0314865737900965E-01 a        88     0     5     1     8
 -6.0465066447901563E-03 a        89     0     5     1     9
 -2.5089026917300111E-01 a        90     0     5     1    10
 -2.1838122165699062E-01 a        91     0     5     1    11
  5.8808850153028072E-02 a        92     0     5     1    12
  1.8989994207113489E-01 a        93     0     5     1    13
  2.2566158501052563E-01 a        94     0     5     1    14
  3.1193072738507348E-02 a        95     0     5     1    15
  1.1012434398834603E-01 a        96     0     5     1    16
  2.5758184359461611E-01 a        97     0     5     1    17
  4.0761108769285698E-01 a        98     0     5     1    18
 -6.3036822808837309E-02 a        99     0     5     1    19
  1.1034859815449929E-01 a       100     0     5     1    20
  8.5064900295686863E-02 a       101     0     6     1     1
 -6.2796168392044195E-03 a       102     0     6     1     2
 -2.0628526534029273E-01 a       103     0     6     1     3
  9.5842599584537502E-02 a       104     0     6     1     4
  6.9080891410910783E-02 a       105     0     6     1     5
 -2.3286710732051238E-02 a       106     0     6     1     6
 -9.7936334150274376E-02 a       107     0     6     1     7
 -1.9543666919193095E-01 a       108     0     6     1     8
 -1.5760353524813814E-01 a       109     0     6     1     9
  1.6871885368011409E-02 a       110     0     6     1    10
 -1.5262504587391708E-02 a       111     0     6     1    11
 -1.1456175055221883E-02 a       112     0     6     1    12
  1.8442926743716229E-01 a       113     0     6     1    13
 -4.5974805942521325E-02 a       114     0     6     1    14
 -1.4778972311840710E-01 a       115     0     6     1    15
  1.2132890920449040E-03 a       116     0     6     1    16
  7.5702216354942273E-02 a       117     0     6     1    17
  9.6095595761296768E-02 a       118     0     6     1    18
  2.3699534373968933E-01 a       119     0     6     1    19
 -1.1191311149033220E-01 a       120     0     6     1    20
  2.5426625972351852E-01 a       121     0     7     1     1
  1.2841409387844311E-03 a       122     0     7     1     2
 -5.2187102740954017E-01 a       123     0     7     1     3
 -3.1982579426061364E-01 a       124     0     7     1     4
 -5.0074544736042292E-01 a       125     0     7     1     5
 -3.9989505706878103E-01 a       126     0     7     1     6
 -4.4257460723712577E-01 a       127     0     7     1     7
 -1.2755307513408995E-01 a       128     0     7     1     8
 -3.4216929272267527E-01 a       129     0     7     1     9
 -2.4524183471683975E-01 a       130     0     7     1    10
 -6.0974564561507671E-01 a       131     0     7     1    11
 -2.1273962113968675E-02 a       132     0     7     1    12
  1.6319396076319972E-01 a       133     0     7     1    13
  4.8721647248127703E-01 a       134     0     7     1    14
  2.3648893010429187E-01 a       135     0     7     1    15
  3.4225027746557690E-01 a       136     0     7     1    16
  3.2960630032187593E-01 a       137     0     7     1    17
  3.3453820445700011E-01 a       138     0     7     1    18
 -6.7671087499291993E-01 a       139     0     7     1    19
  5.8938202821092001E-01 a       140     0     7     1    20
  1.5187274282441490E-01 a       141     0     8     1     1
  2.2726044292725314E-01 a       142     0     8     1     2
  1.7297442282833325E-01 a       143     0     8     1     3
 -6.2959431678385858E-02 a       144     0     8     1     4
  6.9104513383590971E-02 a       145     0     8     1     5
  2.3004469252387130E-01 a       146     0     8     1     6
  8.0781460251389423E-02 a       147     0     8     1     7
  1.8811235464550671E-01 a       148     0     8     1     8
  5.9559256093371302E-02 a       149     0     8     1     9
  4.9110822281398604E-02 a       150     0     8     1    10
 -7.2497532888146490E-02 a       151     0     8     1    11
 -2.7512682492839385E-01 a       152     0     8     1    12
  6.9624899163194462E-02 a       153     0     8     1    13
 -2.6173198778571977E-01 a       154     0     8     1    14
  2.9978960187901238E-01 a       155     0     8     1    15
 -7.0715067076909111E-02 a       156     0     8     1    16
  1.5924127700398855E-01 a       157     0     8     1    17
  3.0382729335004556E-02 a       158     0     8     1    18
  1.2763838732552030E-01 a       159     0     8     1    19
 -9.3416498393443514E-02 a       160     0     8     1    20
 -7.8250001028481647E-02 a       161     0     9     1     1
  5.2747549263165300E-02 a       162     0     9     1     2
 -4.2091357681090286E-01 a       163     0     9     1     3
 -4.4696075501268383E-02 a       164     0     9     1     4
  5.6824299451404450E-02 a       165     0     9     1     5
  1.6829117579734670E-01 a       166     0     9     1     6
 -8.5445488693431416E-03 a       167     0     9     1     7
 -3.5354938653581791E-01 a       168     0     9     1     8
  4.9484536368124325E-02 a       169     0     9     1     9
 -3.8057006096532090E-03 a       170     0     9     1    10
  3.8821032632553508E-02 a       171     0     9     1    11
  1.3490682663906278E-01 a       172     0     9     1    12
 -1.4734607994598409E-01 a       173     0     9     1    13
 -1.4562180158847812E-01 a       174     0     9     1    14
  5.4377382676198842E-02 a       175     0     9     1    15
 -6.3351740706274459E-02 a       176     0     9     1    16
 -2.0891037558344708E-01 a       177     0     9     1    17
 -2.2049153518553608E-01 a       178     0     9     1    18
 -7.8621764229643357E-02 a       179     0     9     1    19
  4.0835106214163780E-01 a       180     0     9     1    20
  7.9168223839164720E-02 a       181     0    10     1     1
  3.1314319779547817E-01 a       182     0    10     1     2
  6.6994344403502978E-02 a       183     0    10     1     3
 -6.5197519387716590E-02 a       184     0    10     1     4
  2.4220844641206848E-01 a       185     0    10     1     5
  3.5346849400990715E-01 a       186     0    10     1     6
  3.5656884836766906E-02 a       187     0    10     1     7
  2.4696164060115714E-02 a       188     0    10     1     8
  1.2564079417261045E-01 a       189     0    10     1     9
  3.7966706656683574E-01 a       190     0    10     1    10
  6.8803303560424445E-01 a       191     0    10     1    11
  2.3278994353247420E-01 a       192     0    10     1    12
 -6.3978054548851693E-02 a       193     0    10     1    13
 -4.9872467704269724E-01 a       194     0    10     1    14
  4.3218012884053231E-01 a       195     0    10     1    15
 -2.5341526784869289E-01 a       196     0    10     1    16
 -1.1335677517048780E-01 a       197     0    10     1    17
 -7.9733618125848460E-01 a       198     0    10     1    18
 -1.3954482610615912E-01 a       199     0    10     1    19
  6.3288335591844200E-02 a       200     0    10     1    20
 -2.1237756555113299E-01 a       201     0    11     1     1
  2.8342642943389185E-01 a       202     0    11     1     2
  1.1767672107713603E-01 a       203     0    11     1     3
  8.2508198522398990E-02 a       204     0    11     1     4
 -9.0683621573191639E-02 a       205     0    11     1     5
 -1.0980135427018051E-03 a       206     0    11     1     6
  1.1886166050521471E-01 a       207     0    11     1     7
  2.5771728458258397E-01 a       208     0    11     1     8
  3.6028154311255328E-01 a       209     0    11     1     9
  1.6817345737656766E-01 a       210     0    11     1    10
  2.1749158614242611E-01 a       211     0    11     1    11
  8.2190796046087172E-02 a       212     0    11     1    12
 -1.0455747555178033E-01 a       213     0    11     1    13
  2.4817736200577914E-01 a       214     0    11     1    14
  1.9969363915157939E-01 a       215     0    11     1    15
  2.0745775029379809E-01 a       216     0    11     1    16
 -1.7185350718104506E-01 a       217     0    11     1    17
 -1.1621415314801972E-01 a       218     0    11     1    18
  4.0568044181038754E-01 a       219     0    11     1    19
  8.0718690442499991E-02 a       220     0    11     1    20
 -1.4510367052871953E-01 a       221     0    12     1     1
  1.4771944312556951E-01 a       222     0    12     1     2
 -2.0301531754643570E-01 a       223     0    12     1     3
 -5.5870542956884622E-02 a       224     0    12     1     4
 -1.5755740798978046E-01 a       225     0    12     1     5
 -1.3563541893956865E-01 a       226     0    12     1     6
 -1.6121852666719641E-01 a       227     0    12     1     7
  6.1826237749710820E-02 a       228     0    12     1     8
 -2.8283327478562581E-01 a       229     0    12     1     9
 -3.4584168051401368E-02 a       230     0    12     1    10
 -4.4498166146360270E-02 a       231     0    12     1    11
  2.0278350577905471E-01 a       232     0    12     1    12
  2.7611409547869809E-01 a       233     0    12     1    13
  3.8438832546727461E-02 a       234     0    12     1    14
 -1.0774316559670193E-01 a       235     0    12     1    15
 -2.0139420775850684E-02 a       236     0    12     1    16
 -3.2862253411874237E-01 a       237     0    12     1    17
 -7.2133027390713103E-02 a       238     0    12     1    18
 -3.1380645141392993E-02 a       239     0    12     1    19
 -3.3464006250432408E-02 a       240     0    12     1    20
 -2.6359825260952485E-01 a       241     0    13     1     1
 -8.7967525915044101E-02 a       242     0    13     1     2
 -1.8232242140364369E-01 a       243     0    13     1     3
 -2.9522279203707336E-01 a       244     0    13     1     4
 -1.8422766458276085E-01 a       245     0    13     1     5
 -7.6028356450903320E-02 a       246     0    13     1     6
 -1.3858854477057531E-01 a       247     0    13     1     7
  1.8761150838012419E-01 a       248     0    13     1     8
 -3.0545947845275462E-01 a       249     0    13     1     9
 -4.1178890559127507E-01 a       250     0    13     1    10
 -2.9743574736366579E-01 a       251     0    13     1    11
 -1.2651598621510603E-02 a       252     0    13     1    12
  1.6489524014124365E-01 a       253     0    13     1    13
  4.6825324527551582E-01 a       254     0    13     1    14
 -2.5140638383473185E-01 a       255     0    13     1    15
  1.0512500890149407E-02 a       256     0    13     1    16
  1.7416581396677652E-01 a       257     0    13     1    17
  2.9143454676326081E-02 a       258     0    13     1    18
 -2.0926272624149445E-01 a       259     0    13     1    19
  4.5026828761161752E-01 a       260     0    13     1    20
  1.6491278556376169E-02 a       261     0    14     1     1
 -3.5552963914350488E-01 a       262     0    14     1     2
  1.4608587838179221E-01 a       263     0    14     1     3
  2.8659908512993937E-01 a       264     0    14     1     4
  1.1675142147471639E-02 a       265     0    14     1     5
 -5.8663152096513273E-02 a       266     0    14     1     6
 -7.0820802749735706E-02 a       267     0    14     1     7
 -3.1057100839230443E-02 a       268     0    14     1     8
  1.5087336452390362E-01 a       269     0    14     1     9
 -1.5569451044722654E-01 a       270     0    14     1    10
 -5.9587955778326034E-02 a       271     0    14     1    11
 -1.4359692404940777E-02 a       272     0    14     1    12
 -2.4909655151132881E-01 a       273     0    14     1    13
 -1.1218399377680842E-01 a       274     0    14     1    14
 -3.0395614036362584E-02 a       275     0    14     1    15
 -2.8435592718066310E-01 a       276     0    14     1    16
  1.0669685782611331E-01 a       277     0    14     1    17
  1.6746959650038015E-01 a       278     0    14     1    18
  2.5955827098379919E-01 a       279     0    14     1    19
 -3.6519299282901208E-01 a       280     0    14     1    20
  1.9663466547915009E-02 a       281     0    15     1     1
  4.8415406048722243E-02 a       282     0    15     1     2
 -2.4311203412384529E-02 a       283     0    15     1     3
 -2.7514983512734931E-02 a       284     0    15     1     4
  1.1638418489106030E-01 a       285     0    15     1     5
  9.8386324530014876E-02 a       286     0    15     1     6
  1.1296648608431314E-01 a       287     0    15     1     7
 -1.8503901836968883E-01 a       288     0    15     1     8
 -2.3670909252102715E-01 a       289     0    15     1     9
 -1.7722245246877908E-02 a       290     0    15     1    10
  4.9031790686963825E-02 a       291     0    15     1    11
  2.6210221964380810E-02 a       292     0    15     1    12
  3.5880197983349926E-01 a       293     0    15     1    13
 -2.7806879403339733E-02 a       294     0    15     1    14
  1.7973563120710058E-02 a       295     0    15     1    15
  1.9898171380512412E-02 a       296     0    15     1    16
  8.5926106631690161E-02 a       297     0    15     1    17
 -2.5459045972989175E-01 a       298     0    15     1    18
 -1.5064131077667109E-02 a       299     0    15     1    19
  1.5963212750349359E-01 a       300     0    15     1    20
  9.0658143806755728E-02 a       301     0    16     1     1
  5.5299641500703856E-01 a       302     0    16     1     2
  1.5187926907311014E-01 a       303     0    16     1     3
 -1.2813538431740329E-01 a       304     0    16     1     4
  2.8130887925116188E-01 a       305     0    16     1     5
  9.7985621852111036E-03 a       306     0    16     1     6
  1.1479752679180064E-01 a       307     0    16     1     7
 -3.1335240808842818E-01 a       308     0    16     1     8
  1.6959495280362250E-01 a       309     0    16     1     9
  2.8166133177434954E-01 a       310     0    16     1    10
  5.3105845764397008E-01 a       311     0    16     1    11
  1.9275028984867598E-01 a       312     0    16     1    12
 -1.3898405117382720E-01 a       313     0    16     1    13
 -3.9050641686510512E-01 a       314     0    16     1    14
  5.2958836721245205E-02 a       315     0    16     1    15
  7.7149890320142162E-02 a       316     0    16     1    16
 -3.6871383257484791E-02 a       317     0    16     1    17
 -4.4109968660482640E-01 a       318     0    16     1    18
 -1.8222091791702263E-01 a       319     0    16     1    19
  3.9066803788550752E-01 a       320     0    16     1    20
 -5.6569601239154541E-02 a       321     0    17     1     1
 -4.4388821042123239E-01 a       322     0    17     1     2
  1.5993348995172969E-02 a       323     0    17     1     3
  1.5878466048553255E-01 a       324     0    17     1     4
  2.9880319306228204E-01 a       325     0    17     1     5
  2.0657344299398004E-02 a       326     0    17     1     6
  1.2559166397023092E-01 a       327     0    17     1     7
  4.1408066919666903E-01 a       328     0    17     1     8
 -2.8348038531374553E-01 a       329     0    17     1     9
 -2.0614001097963925E-02 a       330     0    17     1    10
 -1.7865887443726755E-01 a       331     0    17     1    11
 -1.4026158083059134E-01 a       332     0    17     1    12
  1.7281157532837427E-01 a       333     0    17     1    13
 -1.7831440495165282E-01 a       334     0    17     1    14
  1.0490129252040763E-01 a       335     0    17     1    15
  2.3708224278607787E-01 a       336     0    17     1    16
  5.3903566406233776E-02 a       337     0    17     1    17
  6.5377610300146188E-02 a       338     0    17     1    18
  1.2106278903171554E-01 a       339     0    17     1    19
 -2.7823819723018234E-01 a       340     0    17     1    20
 -1.0018586246459152E-01 a       341     0    18     1     1
  3.0809425960722267E-02 a       342     0    18     1     2
 -1.9015336880769218E-01 a       343     0    18     1     3
 -8.1205038053436401E-02 a       344     0    18     1     4
 -5.0808452123580740E-02 a       345     0    18     1     5
 -1.8863316481768040E-02 a       346     0    18     1     6
  1.1922812093267401E-01 a       347     0    18     1     7
 -5.8338567992025962E-02 a       348     0    18     1     8
 -2.0071067110663127E-01 a       349     0    18     1     9
 -2.5375045569403516E-02 a       350     0    18     1    10
  1.6657037358410101E-01 a       351     0    18     1    11
  1.2142503951945623E-01 a       352     0    18     1    12
  7.4797377960213102E-02 a       353     0    18     1    13
 -9.5671736489023815E-03 a       354     0    18     1    14
 -7.8997906865866177E-02 a       355     0    18     1    15
  2.2281058473185839E-01 a       356     0    18     1    16
  6.6302015050392557E-02 a       357     0    18     1    17
 -1.0243844165054759E-01 a       358     0    18     1    18
 -1.3058880659570640E-01 a       359     0    18     1    19
  6.4109750469644969E-02 a       360     0    18     1    20
 -8.6831502950544828E-02 a       361     0    19     1     1
  3.2576780389650734E-01 a       362     0    19     1     2
  7.2015299812667383E-02 a       363     0    19     1     3
 -2.2174360322877357E-02 a       364     0    19     1     4
 -2.2720623004992116E-01 a       365     0    19     1     5
  1.0016695811251858E-01 a       366     0    19     1     6
  2.6812629179600644E-02 a       367     0    19     1     7
  1.1301215642539525E-02 a       368     0    19     1     8
  7.8411027469338507E-02 a       369     0    19     1     9
 -2.7722207149784733E-01 a       370     0    19     1    10
 -3.4213768803297673E-01 a       371     0    19     1    11
 -2.4715023177400738E-01 a       372     0    19     1    12
 -1.3045100200781404E-01 a       373     0    19     1    13
  2.2731235417080356E-01 a       374     0    19     1    14
  5.9932403943708107E-02 a       375     0    19     1    15
 -2.0771514439326844E-02 a       376     0    19     1    16
  1.6002760682479575E-01 a       377     0    19     1    17
  1.1489318992177298E-01 a       378     0    19     1    18
  9.4106567431600521E-02 a       379     0    19     1    19
  1.3476895660641819E-01 a       380     0    19     1    20
  1.1706975954383395E-01 a       381     0    20     1     1
 -4.4806352176021497E-01 a       382     0    20     1     2
  1.0979507467133645E-01 a       383     0    20     1     3
 -4.0431035177507853E-02 a       384     0    20     1     4
  1.2735001251264289E-01 a       385     0    20     1     5
 -1.2565466831008651E-01 a       386     0    20     1     6
  7.5998061516280496E-02 a       387     0    20     1     7
 -5.1310093332074050E-02 a       388     0    20     1     8
 -4.1928410680381084E-02 a       389     0    20     1     9
  4.1214048245198628E-02 a       390     0    20     1    10
  1.0269722534093270E-01 a       391     0    20     1    11
 -1.2652677436851698E-01 a       392     0    20     1    12
 -1.4340442286608140E-01 a       393     0    20     1    13
 -4.4920121100712335E-03 a       394     0    20     1    14
 -1.6524012451511316E-01 a       395     0    20     1    15
 -3.7960467178682533E-01 a       396     0    20     1    16
 -7.4232468481615826E-02 a       397     0    20     1    17
  1.4131426398522301E-01 a       398     0    20     1    18
 -3.7123345321128244E-02 a       399     0    20     1    19
 -2.6732168666845857E-01 a       400     0    20     1    20
  2.8547404554224467E-02 a       401     0    21     1     1
  2.3019840337872025E-01 a       402     0    21     1     2
  2.4247261686449287E-01 a       403     0    21     1     3
  5.2297084516671637E-02 a       404     0    21     1     4
 -8.5510249598101787E-02 a       405     0    21     1     5
  8.1583231467535031E-02 a       406     0    21     1     6
 -1.3192929941095535E-01 a       407     0    21     1     7
  6.5669093626897664E-03 a       408     0    21     1     8
  2.2107637403768121E-01 a       409     0    21     1     9
 -1.6096474194333386E-02 a       410     0    21     1    10
 -1.1242753942910705E-01 a       411     0    21     1    11
 -1.5046240913925057E-01 a       412     0    21     1    12
  2.1265681550044974E-01 a       413     0    21     1    13
 -2.4041206701938447E-02 a       414     0    21     1    14
  1.2686389538791806E-01 a       415     0    21     1    15
 -1.5661319789940778E-01 a       416     0    21     1    16
 -5.0456202032473668E-02 a       417     0    21     1    17
  7.8608481586781270E-02 a       418     0    21     1    18
  6.9422339092361354E-02 a       419     0    21     1    19
  7.7663824955167673E-02 a       420     0    21     1    20
  1.3469721284853886E-02 a       421     0    22     1     1
  2.4575699645577617E-01 a       422     0    22     1     2
 -8.5580004023410122E-02 a       423     0    22     1     3
 -2.7156136232981892E-01 a       424     0    22     1     4
 -6.3932291723483109E-02 a       425     0    22     1     5
  4.2307064356719187E-02 a       426     0    22     1     6
 -4.0594496797835368E-02 a       427     0    22     1     7
 -1.3558124611610675E-01 a       428     0    22     1     8
  2.4168390401779322E-01 a       429     0    22     1     9
  1.6479290792921733E-01 a       430     0    22     1    10
  3.9736679154085902E-01 a       431     0    22     1    11
  1.2795441690482637E-01 a       432     0    22     1    12
  2.4354214429840434E-01 a       433     0    22     1    13
  4.9392602258284395E-02 a       434     0    22     1    14
  7.8627184402028233E-02 a       435     0    22     1    15
  1.3390700228580427E-01 a       436     0    22     1    16
 -4.7490799762671607E-03 a       437     0    22     1    17
 -2.3389765548440469E-01 a       438     0    22     1    18
 -1.0315850320610834E-01 a       439     0    22     1    19
  2.5019219513278668E-01 a       440     0    22     1    20
 -1.6595831593162572E-01 a       441     0    23     1     1
 -4.9976743463090151E-01 a       442     0    23     1     2
 -5.2318148208781654E-02 a       443     0    23     1     3
  5.2252618371014171E-02 a       444     0    23     1     4
  2.1354105472181636E-01 a       445     0    23     1     5
 -2.7217423794189087E-02 a       446     0    23     1     6
 -1.0912737100097666E-01 a       447     0    23     1     7
  2.9425728358730519E-01 a       448     0    23     1     8
 -2.2802102703476734E-01 a       449     0    23     1     9
 -1.2690361742269402E-01 a       450     0    23     1    10
 -3.1417530008743488E-01 a       451     0    23     1    11
  1.5948033792656444E-01 a       452     0    23     1    12
  1.3527623168782171E-01 a       453     0    23     1    13
 -1.9013030234993863E-01 a       454     0    23     1    14
 -7.7928836329137163E-02 a       455     0    23     1    15
  4.1279753422672214E-03 a       456     0    23     1    16
 -9.9159383987515448E-02 a       457     0    23     1    17
  2.1665514991656785E-02 a       458     0    23     1    18
  1.9456869067671809E-01 a       459     0    23     1    19
 -7.8173938261171791E-02 a       460     0    23     1    20
 -2.1762605610593365E-04 a       461     0    24     1     1
 -1.6875936080472334E-01 a       462     0    24     1     2
 -3.3607579514825896E-02 a       463     0    24     1     3
 -2.5981099777173056E-01 a       464     0    24     1     4
 -5.2177572937194383E-02 a       465     0    24     1     5
 -1.9758610359132907E-02 a       466     0    24     1     6
  2.1398703584282985E-01 a       467     0    24     1     7
 -8.7806076307781283E-02 a       468     0    24     1     8
  4.5421306266916857E-03 a       469     0    24     1     9
  7.1304435270074143E-02 a       470     0    24     1    10
  1.4745933609365944E-01 a       471     0    24     1    11
  7.3997012367734330E-02 a       472     0    24     1    12
  4.6017624345434010E-03 a       473     0    24     1    13
  2.0645516722196866E-01 a       474     0    24     1    14
 -6.7675088740898254E-02 a       475     0    24     1    15
  1.0746132081396992E-01 a       476     0    24     1    16
  8.0265418930249605E-02 a       477     0    24     1    17
 -1.5664992553797091E-01 a       478     0    24     1    18
  1.4661730715006485E-01 a       479     0    24     1    19
  7.1967358594365212E-03 a       480     0    24     1    20
  5.5540073866649879E-02 a       481     0    25     1     1
  2.2913744338528545E-02 a       482     0    25     1     2
  6.9722245576864780E-02 a       483     0    25     1     3
  2.5085059024339035E-01 a       484     0    25     1     4
 -2.4448699677841180E-02 a       485     0    25     1     5
 -3.9502060136936849E-02 a       486     0    25     1     6
  1.6827744634445438E-01 a       487     0    25     1     7
 -1.5833816989153818E-01 a       488     0    25     1     8
  3.1397831582176128E-02 a       489     0    25     1     9
 -7.6704361515995675E-02 a       490     0    25     1    10
 -1.7462155399521140E-01 a       491     0    25     1    11
 -7.5649508265797374E-02 a       492     0    25     1    12
 -2.3884016410017947E-01 a       493     0    25     1    13
 -3.2847548746176736E-02 a       494     0    25     1    14
 -1.2695441112759484E-01 a       495     0    25     1    15
 -4.4314998913989614E-02 a       496     0    25     1    16
  4.1874745684401471E-02 a       497     0    25     1    17
  1.1453719870732489E-01 a       498     0    25     1    18
  4.3000423383860783E-03 a       499     0    25     1    19
 -6.2078955374937163E-02 a       500     0    25     1    20
  8.2341675038384354E-02 a       501     0    26     1     1
  3.1419983752247020E-02 a       502     0    26     1     2
  1.2509805206876520E-01 a       503     0    26     1     3
  1.0042116667135122E-03 a       504     0    26     1     4
  1.1664925286353851E-01 a       505     0    26     1     5
 -5.0368789032702123E-02 a       506     0    26     1     6
  2.7620809362914250E-02 a       507     0    26     1     7
  2.8200489767849932E-02 a       508     0    26     1     8
 -2.7137156229856396E-01 a       509     0    26     1     9
  2.2948813519245012E-01 a       510     0    26     1    10
  1.9189848611567348E-01 a       511     0    26     1    11
 -6.6932242923018165E-02 a       512     0    26     1    12
 -6.3488221945897261E-02 a       513     0    26     1    13
  1.2953774201424081E-01 a       514     0    26     1    14
 -6.6660564006060158E-02 a       515     0    26     1    15
  3.9354009771879091E-02 a       516     0    26     1    16
  7.5673613491384295E-02 a       517     0    26     1    17
 -9.9888764397929215E-03 a       518     0    26     1    18
  2.5929046664028236E-02 a       519     0    26     1    19
 -1.2499079027043992E-01 a       520     0    26     1    20
 -4.2266791205849565E-02 a       521     0    27     1     1
  1.4573813787606651E-01 a       522     0    27     1     2
 -6.9343463186971460E-02 a       523     0    27     1     3
  1.2995291977812878E-01 a       524     0    27     1     4
 -3.1054135662548974E-02 a       525     0    27     1     5
  9.9476418898853669E-03 a       526     0    27     1     6
 -1.0252684169979633E-01 a       527     0    27     1     7
 -6.0247338811706096E-02 a       528     0    27     1     8
 -1.1201271555939689E-02 a       529     0    27     1     9
 -1.4988309772472189E-01 a       530     0    27     1    10
 -8.5313608922825315E-02 a       531     0    27     1    11
  2.9275615236555322E-02 a       532     0    27     1    12
  1.1929861586499810E-01 a       533     0    27     1    13
 -2.0632788369725766E-01 a       534     0    27     1    14
  5.7377993356659017E-02 a       535     0    27     1    15
  4.0025381628932738E-02 a       536     0    27     1    16
 -5.7426832048009462E-02 a       537     0    27     1    17
  8.9825990796426808E-02 a       538     0    27     1    18
 -2.4984096260606040E-01 a       539     0    27     1    19
  9.2581971309600497E-02 a       540     0    27     1    20
  1.5069632195701847E-02 a       541     0    28     1     1
  1.6048067986752176E-01 a       542     0    28     1     2
  8.1061704484291508E-02 a       543     0    28     1     3
 -1.2378293556482917E-01 a       544     0    28     1     4
 -1.3866739000924047E-01 a       545     0    28     1     5
  4.8621091509912139E-02 a       546     0    28     1     6
 -8.0983924854951504E-03 a       547     0    28     1     7
 -9.9103977457920909E-03 a       548     0    28     1     8
  5.9141786433980388E-02 a       549     0    28     1     9
 -3.3628146753067197E-02 a       550     0    28     1    10
  1.1325576587468805E-01 a       551     0    28     1    11
 -2.1929641935887853E-02 a       552     0    28     1    12
  1.4799675044856378E-01 a       553     0    28     1    13
  4.3221335344985755E-02 a       554     0    28     1    14
  2.6274006109023490E-01 a       555     0    28     1    15
  1.4045708398625803E-02 a       556     0    28     1    16
  5.7927116041903919E-02 a       557     0    28     1    17
 -5.9200246289055521E-02 a       558     0    28     1    18
 -7.7903307931439167E-02 a       559     0    28     1    19
  2.0276265720227542E-02 a       560     0    28     1    20
 -8.1778717563200834E-02 a       561     0    29     1     1
 -2.5914727562848128E-01 a       562     0    29     1     2
 -1.0959680581481407E-01 a       563     0    29     1     3
  1.0655232200507564E-02 a       564     0    29     1     4
  1.2219662518088131E-01 a       565     0    29     1     5
 -2.9863174077393119E-02 a       566     0    29     1     6
 -4.2768978520286889E-02 a       567     0    29     1     7
  1.2927623587789677E-01 a       568     0    29     1     8
  3.1110494268332338E-02 a       569     0    29     1     9
 -1.2259988089129581E-01 a       570     0    29     1    10
 -1.7761717261444743E-01 a       571     0    29     1    11
  7.0163723334493194E-02 a       572     0    29     1    12
 -1.1217096398797549E-01 a       573     0    29     1    13
 -1.2484950989016898E-01 a       574     0    29     1    14
 -1.5235449357434566E-01 a       575     0    29     1    15
 -9.4271660831976301E-02 a       576     0    29     1    16
 -1.4393171994160686E-01 a       577     0    29     1    17
  3.5511536215955437E-02 a       578     0    29     1    18
  8.0570053814729301E-02 a       579     0    29     1    19
  2.1742942211888747E-03 a       580     0    29     1    20
  2.2606858140169907E-02 a       581     0    30     1     1
 -2.9985392519325915E-02 a       582     0    30     1     2
  8.4598875502920043E-02 a       583     0    30     1     3
 -5.3902727195340401E-02 a       584     0    30     1     4
 -2.4717325542005307E-02 a       585     0    30     1     5
 -1.4873379571256212E-03 a       586     0    30     1     6
  2.1349027175783405E-02 a       587     0    30     1     7
 -1.0136370937442716E-02 a       588     0    30     1     8
  1.2097354860718464E-01 a       589     0    30     1     9
  4.8365829624448582E-02 a       590     0    30     1    10
  2.0273411160879901E-02 a       591     0    30     1    11
 -7.0869934115781459E-04 a       592     0    30     1    12
 -6.1006314107910256E-02 a       593     0    30     1    13
  9.4494958697636203E-02 a       594     0    30     1    14
  6.6001928911254056E-03 a       595     0    30     1    15
 -3.7193772201598078E-02 a       596     0    30     1    16
  1.4072319478200090E-02 a       597     0    30     1    17
 -2.7135484560111597E-02 a       598     0    30     1    18
  1.0661396236663831E-01 a       599     0    30     1    19
 -4.6640179947588494E-03 a       600     0    30     1    20
 -5.8245382335238571E-01 a       601     0    31     1     1
  4.0151915824597811E-01 a       602     0    31     1     2
  4.9435163333650778E-02 a       603     0    31     1     3
  8.3862139170263292E-02 a       604     0    31     1     4
 -3.3653047735593722E-01 a       605     0    31     1     5
  2.9031518374842058E-01 a       606     0    31     1     6
  7.4975689049901803E-02 a       607     0    31     1     7
 -4.4381201395073577E-01 a       608     0    31     1     8
 -1.2551876782808960E-01 a       609     0    31     1     9
 -1.7134122840987553E-01 a       610     0    31     1    10
  5.1855841401227742E-01 a       611     0    31     1    11
  3.3794500584560030E-02 a       612     0    31     1    12
 -1.2445509704658111E-01 a       613     0    31     1    13
 -3.5149631178410568E-01 a       614     0    31     1    14
 -2.7439997850110093E-01 a       615     0    31     1    15
  1.2042190475960442E-01 a       616     0    31     1    16
 -2.3627410688353229E-01 a       617     0    31     1    17
  4.1872691812663682E-01 a       618     0    31     1    18
 -1.9932482903794813E-01 a       619     0    31     1    19
  1.3389374258344489E-01 a       620     0    31     1    20
  3.9855340219887403E-01 a       621     0    32     1     1
 -2.7625694329491002E-01 a       622     0    32     1     2
 -3.7610530605594172E-01 a       623     0    32     1     3
 -1.0396753318025340E-01 a       624     0    32     1     4
  2.0071556056838297E-01 a       625     0    32     1     5
 -4.1063514240283433E-01 a       626     0    32     1     6
 -4.1103071421855714E-01 a       627     0    32     1     7
 -1.6350126860143166E-01 a       628     0    32     1     8
  2.9564928713322658E-01 a       629     0    32     1     9
  1.9530833545795029E-01 a       630     0    32     1    10
 -6.7894733273283669E-01 a       631     0    32     1    11
 -4.9524495699680239E-02 a       632     0    32     1    12
  4.1182642963870680E-01 a       633     0    32     1    13
  2.3178999519552718E-01 a       634     0    32     1    14
  4.6625836316003832E-01 a       635     0    32     1    15
  1.7126544808259515E-02 a       636     0    32     1    16
 -4.4204059415089231E-02 a       637     0    32     1    17
  9.4248477659897620E-02 a       638     0    32     1    18
 -3.1889697007501461E-01 a       639     0    32     1    19
 -8.3460471142371193E-02 a       640     0    32     1    20
  1.0519454883685202E-01 a       641     0    33     1     1
 -6.6191373774492218E-02 a       642     0    33     1     2
 -2.5486950087035859E-01 a       643     0    33     1     3
  1.7698150905949234E-01 a       644     0    33     1     4
 -1.5598483702889868E-01 a       645     0    33     1     5
  1.2722616759009325E-01 a       646     0    33     1     6
 -3.0597610715008711E-01 a       647     0    33     1     7
 -3.0615938582287239E-01 a       648     0    33     1     8
 -1.2762817135392587E-01 a       649     0    33     1     9
  6.9726656420437169E-02 a       650     0    33     1    10
  8.6757524694684188E-02 a       651     0    33     1    11
  2.7361981152548925E-01 a       652     0    33     1    12
 -3.2448596653909823E-01 a       653     0    33     1    13
 -2.5410664147705674E-02 a       654     0    33     1    14
 -1.4939519765879236E-01 a       655     0    33     1    15
 -2.2720991761984249E-01 a       656     0    33     1    16
 -1.9771649284054346E-01 a       657     0    33     1    17
  1.0905998564349190E-01 a       658     0    33     1    18
 -3.6882860982360177E-01 a       659     0    33     1    19
  9.9512402421303506E-02 a       660     0    33     1    20
  1.3979655632936902E-01 a       661     0    34     1     1
  1.3778048638953233E-01 a       662     0    34     1     2
  2.7583350862123762E-01 a       663     0    34     1     3
  2.4618639452023189E-01 a       664     0    34     1     4
  2.4633354022798096E-02 a       665     0    34     1     5
  9.6179492541475217E-02 a       666     0    34     1     6
  1.7186162319828271E-01 a       667     0    34     1     7
  7.5061456003004429E-02 a       668     0    34     1     8
 -2.2968567401774753E-01 a       669     0    34     1     9
  8.3467401130393790E-02 a       670     0    34     1    10
  1.0669181133403928E-01 a       671     0    34     1    11
 -8.7507169817450381E-02 a       672     0    34     1    12
 -1.2227205565237123E-01 a       673     0    34     1    13
 -1.5047171817078470E-01 a       674     0    34     1    14
 -2.4926530348041404E-01 a       675     0    34     1    15
 -1.2354349298683549E-01 a       676     0    34     1    16
  2.5951738274005914E-01 a       677     0    34     1    17
  2.7176607655963834E-02 a       678     0    34     1    18
  1.7059201699288870E-01 a       679     0    34     1    19
 -3.6062461063067330E-01 a       680     0    34     1    20
  9.3079851071459441E-02 a       681     0    35     1     1
  1.2083316630908457E-01 a       682     0    35     1     2
  6.9701006001389482E-02 a       683     0    35     1     3
 -1.0423045138397702E-01 a       684     0    35     1     4
 -9.4912220718080212E-02 a       685     0    35     1     5
  1.0555881408275175E-02 a       686     0    35     1     6
 -1.4273757956863836E-01 a       687     0    35     1     7
  2.2919586181232990E-01 a       688     0    35     1     8
  5.2929694869000267E-02 a       689     0    35     1     9
 -1.3713976287455809E-01 a       690     0    35     1    10
 -1.1326202133177284E-01 a       691     0    35     1    11
  3.2817013017955543E-01 a       692     0    35     1    12
  7.3437513934051695E-03 a       693     0    35     1    13
  9.1407815645802887E-02 a       694     0    35     1    14
  2.5476993552589317E-01 a       695     0    35     1    15
  2.8999927971267819E-01 a       696     0    35     1    16
  1.2251480172906287E-01 a       697     0    35     1    17
  1.7238666744744896E-01 a       698     0    35     1    18
  2.4242694524177759E-02 a       699     0    35     1    19
 -8.2706832587105018E-03 a       700     0    35     1    20
 -7.7797944481618697E-02 a       701     0    36     1     1
 -2.0503163358916426E-01 a       702     0    36     1     2
  4.9654898697658349E-03 a       703     0    36     1     3
 -1.7217022241557473E-01 a       704     0    36     1     4
  2.4225454026393453E-01 a       705     0    36     1     5
 -6.2259134990288879E-02 a       706     0    36     1     6
  6.2078302181971065E-02 a       707     0    36     1     7
  1.1651394182769928E-01 a       708     0    36     1     8
 -4.7111886069284847E-02 a       709     0    36     1     9
 -5.0028685437431525E-02 a       710     0    36     1    10
  1.1289260796846896E-01 a       711     0    36     1    11
 -4.4010144095787199E-02 a       712     0    36     1    12
  3.4734762596840768E-01 a       713     0    36     1    13
 -8.0591323761960848E-02 a       714     0    36     1    14
 -1.5701745290111557E-01 a       715     0    36     1    15
 -1.5931783990702444E-01 a       716     0    36     1    16
 -1.6145014602609412E-01 a       717     0    36     1    17
  9.2856708820855935E-02 a       718     0    36     1    18
 -1.7299909991960197E-01 a       719     0    36     1    19
  7.1629437147334746E-02 a       720     0    36     1    20
  3.5124627705440531E-01 a       721     0    37     1     1
 -1.0708116144029763E-01 a       722     0    37     1     2
 -1.5958354253809512E-01 a       723     0    37     1     3
  2.3436947302874755E-01 a       724     0    37     1     4
 -1.3461162492862880E-01 a       725     0    37     1     5
  3.8687052857060387E-02 a       726     0    37     1     6
  5.2602921572996064E-01 a       727     0    37     1     7
  1.0127773120745363E-01 a       728     0    37     1     8
  2.8633843590383457E-01 a       729     0    37     1     9
  4.2449434239725875E-01 a       730     0    37     1    10
 -4.5969164672193791E-01 a       731     0    37     1    11
  2.4799219453969915E-01 a       732     0    37     1    12
  3.0179730735575148E-02 a       733     0    37     1    13
  4.0173156686190106E-02 a       734     0    37     1    14
 -2.2678316383915126E-01 a       735     0    37     1    15
 -1.3602980980676391E-01 a       736     0    37     1    16
  6.2538465038137703E-02 a       737     0    37     1    17
 -2.1946584143441986E-01 a       738     0    37     1    18
  3.0940170468858796E-01 a       739     0    37     1    19
 -2.7971550376018783E-01 a       740     0    37     1    20
 -1.3337966835967793E-02 a       741     0    38     1     1
  4.9620992318798698E-02 a       742     0    38     1     2
  2.9315601300248545E-01 a       743     0    38     1     3
 -3.4289087328649659E-01 a       744     0    38     1     4
 -3.7009855497202948E-01 a       745     0    38     1     5
  1.3605497754544515E-01 a       746     0    38     1     6
 -3.6220908582863875E-01 a       747     0    38     1     7
 -2.3905225185839868E-01 a       748     0    38     1     8
 -1.4629633092894404E-01 a       749     0    38     1     9
 -4.1031300793202813E-01 a       750     0    38     1    10
  3.6995049883274322E-01 a       751     0    38     1    11
 -5.6022951336242999E-01 a       752     0    38     1    12
 -4.2545737115984866E-01 a       753     0    38     1    13
 -5.0222709790641751E-02 a       754     0    38     1    14
 -4.3721870391496420E-01 a       755     0    38     1    15
  1.7911394435676145E-01 a       756     0    38     1    16
 -2.8614641929061518E-01 a       757     0    38     1    17
  2.5570876200249837E-01 a       758     0    38     1    18
  2.7688646191398569E-01 a       759     0    38     1    19
  1.9234472423219179E-01 a       760     0    38     1    20
 -1.9158623962526761E-01 a       761     0    39     1     1
 -1.0231328281640618E-01 a       762     0    39     1     2
  1.4241130759227905E-01 a       763     0    39     1     3
  1.5898323688234624E-02 a       764     0    39     1     4
  1.3048547894517643E-01 a       765     0    39     1     5
 -2.7953586721735491E-01 a       766     0    39     1     6
  2.5920983629541727E-01 a       767     0    39     1     7
  2.6613795824251535E-01 a       768     0    39     1     8
  5.0099729745922826E-02 a       769     0    39     1     9
  2.5093979022933022E-01 a       770     0    39     1    10
  5.2227134909329780E-02 a       771     0    39     1    11
 -4.2461512392974417E-02 a       772     0    39     1    12
 -4.1015244172644100E-01 a       773     0    39     1    13
 -1.9921516847783588E-01 a       774     0    39     1    14
 -2.0177851872155500E-01 a       775     0    39     1    15
 -8.5026334089671154E-02 a       776     0    39     1    16
  2.5786018364724653E-03 a       777     0    39     1    17
 -3.9068096762118192E-02 a       778     0    39     1    18
  1.7912501021037133E-01 a       779     0    39     1    19
 -4.1577498034181280E-02 a       780     0    39     1    20
 -6.2667192780210226E-02 a       781     0    40     1     1
  6.0606069158909939E-02 a       782     0    40     1     2
 -3.2203414363950250E-01 a       783     0    40     1     3
  3.1099381447804503E-01 a       784     0    40     1     4
 -1.4981207431677282E-03 a       785     0    40     1     5
 -3.3914480178618207E-02 a       786     0    40     1     6
  1.9452752873558599E-01 a       787     0    40     1     7
 -2.3988287968572128E-01 a       788     0    40     1     8
 -2.6756958578190831E-01 a       789     0    40     1     9
 -2.0728143008224931E-01 a       790     0    40     1    10
  1.7921719850175336E-01 a       791     0    40     1    11
  1.3075366647750564E-01 a       792     0    40     1    12
  2.3898351874820373E-01 a       793     0    40     1    13
  8.6708455186955774E-02 a       794     0    40     1    14
  2.3494406440923962E-01 a       795     0    40     1    15
 -1.2261090165709318E-01 a       796     0    40     1    16
 -1.8389184989999571E-01 a       797     0    40     1    17
 -1.6100649253422092E-01 a       798     0    40     1    18
  8.4400151679280486E-02 a       799     0    40     1    19
  3.2010223269185961E-01 a       800     0    40     1    20
 -1.4212494239022750E-02 a       801     0    41     1     1
  3.2816936539099184E-01 a       802     0    41     1     2
 -1.1109304606759372E-01 a       803     0    41     1     3
  1.1234340734612240E-01 a       804     0    41     1     4
 -2.3771246915937944E-01 a       805     0    41     1     5
  2.2409503409724735E-01 a       806     0    41     1     6
 -1.5226803254687843E-01 a       807     0    41     1     7
 -2.3933832227607585E-01 a       808     0    41     1     8
  1.9927358219956920E-01 a       809     0    41     1     9
 -8.3073067610532958E-02 a       810     0    41     1    10
  4.7260910944744577E-02 a       811     0    41     1    11
 -2.7229354253182086E-01 a       812     0    41     1    12
  9.4340335627749419E-02 a       813     0    41     1    13
  1.3511259583367380E-01 a       814     0    41     1    14
  8.9494492967694503E-02 a       815     0    41     1    15
 -1.1089792093963853E-01 a       816     0    41     1    16
 -1.2017809198055232E-01 a       817     0    41     1    17
  4.0637082311291879E-03 a       818     0    41     1    18
 -2.3133150893510018E-01 a       819     0    41     1    19
 -9.2677251572324981E-02 a       820     0    41     1    20
 -8.9040554174272507E-02 a       821     0    42     1     1
 -1.9462199625440152E-01 a       822     0    42     1     2
  1.2154195112185955E-02 a       823     0    42     1     3
  6.3775321396382534E-02 a       824     0    42     1     4
 -1.9135755210826895E-02 a       825     0    42     1     5
 -6.6028354667441395E-03 a       826     0    42     1     6
 -2.2674592410959946E-01 a       827     0    42     1     7
  1.8951966589840254E-02 a       828     0    42     1     8
  2.5691810804332016E-01 a       829     0    42     1     9
  3.0209124331636816E-01 a       830     0    42     1    10
  4.0867558127294278E-02 a       831     0    42     1    11
 -9.3309752693772688E-02 a       832     0    42     1    12
 -6.6757989855598249E-03 a       833     0    42     1    13
  1.9387436303883809E-01 a       834     0    42     1    14
 -2.7942286280903955E-01 a       835     0    42     1    15
  3.2218086219579067E-01 a       836     0    42     1    16
  1.7590186216574571E-01 a       837     0    42     1    17
 -1.3704671623370135E-01 a       838     0    42     1    18
  1.5905582021524980E-01 a       839     0    42     1    19
  1.1006426506787685E-01 a       840     0    42     1    20
  8.4377137520334516E-02 a       841     0    43     1     1
  5.4831814009660251E-01 a       842     0    43     1     2
  1.4144374450487118E-01 a       843     0    43     1     3
  3.0015634067455271E-01 a       844     0    43     1     4
 -1.1265881452283286E-02 a       845     0    43     1     5
  1.7793184594929401E-01 a       846     0    43     1     6
  1.9326971648936372E-01 a       847     0    43     1     7
  8.1124378469289410E-02 a       848     0    43     1     8
 -1.3997849308004517E-01 a       849     0    43     1     9
  1.0499993745591893E-02 a       850     0    43     1    10
 -2.7271638890294986E-01 a       851     0    43     1    11
  1.4288025725670794E-01 a       852     0    43     1    12
 -4.0491875041810566E-01 a       853     0    43     1    13
  2.2582395567563321E-01 a       854     0    43     1    14
  2.1456177534970304E-02 a       855     0    43     1    15
  3.1702129811928859E-01 a       856     0    43     1    16
  1.2325005512261009E-01 a       857     0    43     1    17
  1.9629600119950372E-01 a       858     0    43     1    18
  2.7712315368316115E-02 a       859     0    43     1    19
  8.2963462096037000E-02 a       860     0    43     1    20
  6.5077912350750777E-02 a       861     0    44     1     1
 -5.2490182212287084E-01 a       862     0    44     1     2
 -1.7555288033204194E-01 a       863     0    44     1     3
 -3.8219930596251001E-01 a       864     0    44     1     4
  2.4050846736169315E-01 a       865     0    44     1     5
 -7.3013246335609738E-02 a       866     0    44     1     6
 -1.8928484020250066E-01 a       867     0    44     1     7
  5.1969411260805634E-02 a       868     0    44     1     8
 -3.0408865745819974E-01 a       869     0    44     1     9
  3.6922359144610017E-01 a       870     0    44     1    10
  3.9473610180204721E-01 a       871     0    44     1    11
 -4.1939498456930874E-01 a       872     0    44     1    12
  1.0568551404621845E-01 a       873     0    44     1    13
 -2.6822221423426090E-01 a       874     0    44     1    14
 -1.4167004816269865E-01 a       875     0    44     1    15
  9.1119133108617495E-02 a       876     0    44     1    16
  1.6650989475077629E-01 a       877     0    44     1    17
 -2.2450702536698722E-01 a       878     0    44     1    18
 -2.3984503395994167E-01 a       879     0    44     1    19
 -2.3637721191932881E-01 a       880     0    44     1    20
 -2.4956178914853164E-01 a       881     0    45     1     1
  2.3608198231234293E-01 a       882     0    45     1     2
 -6.6580793257331336E-02 a       883     0    45     1     3
  1.5705616119581437E-02 a       884     0    45     1     4
  1.9704949476940831E-01 a       885     0    45     1     5
 -2.5741012531334928E-01 a       886     0    45     1     6
  1.1927179712807574E-01 a       887     0    45     1     7
  2.8817514351526310E-02 a       888     0    45     1     8
 -4.0176764227403627E-02 a       889     0    45     1     9
 -1.5423361903026851E-02 a       890     0    45     1    10
  9.7237436306555902E-03 a       891     0    45     1    11
  6.5398624219611831E-02 a       892     0    45     1    12
 -2.3391992181590546E-01 a       893     0    45     1    13
 -9.3381250490395584E-02 a       894     0    45     1    14
 -2.4208646636438358E-01 a       895     0    45     1    15
 -2.0658493552051984E-02 a       896     0    45     1    16
 -2.1617783931659706E-01 a       897     0    45     1    17
  2.9545813022313135E-02 a       898     0    45     1    18
  3.7951738227272896E-01 a       899     0    45     1    19
  1.0059796576168059E-01 a       900     0    45     1    20
 -1.4301406428076319E-01 a       901     0    46     1     1
 -3.6583753958085291E-01 a       902     0    46     1     2
 -1.5292558631436644E-02 a       903     0    46     1     3
  1.4333600811908884E-01 a       904     0    46     1     4
 -1.4423839593837154E-01 a       905     0    46     1     5
  1.3291934636291450E-01 a       906     0    46     1     6
  3.8540124142277121E-01 a       907     0    46     1     7
 -2.8656809226411900E-01 a       908     0    46     1     8
 -1.9475414479052719E-01 a       909     0    46     1     9
  3.9901815284263648E-02 a       910     0    46     1    10
  6.1770830652964253E-03 a       911     0    46     1    11
  2.1029668100755634E-02 a       912     0    46     1    12
  2.3360395768199979E-01 a       913     0    46     1    13
  9.4560428636317820E-03 a       914     0    46     1    14
 -9.5653140513496923E-02 a       915     0    46     1    15
 -2.0519415686500127E-02 a       916     0    46     1    16
 -1.5454883072233050E-01 a       917     0    46     1    17
 -1.4658771255082387E-01 a       918     0    46     1    18
  9.6799186494693032E-02 a       919     0    46     1    19
 -1.3952141227166534E-01 a       920     0    46     1    20
 -4.1655094545989382E-02 a       921     0    47     1     1
 -2.5084322019238964E-01 a       922     0    47     1     2
 -5.3073206764748797E-02 a       923     0    47     1     3
  1.0156404754128347E-01 a       924     0    47     1     4
 -3.1923747786195451E-02 a       925     0    47     1     5
  1.7057706193126580E-02 a       926     0    47     1     6
 -6.3111809808771416E-02 a       927     0    47     1     7
 -1.3013999955800699E-02 a       928     0    47     1     8
  1.3369003768144663E-01 a       929     0    47     1     9
  2.6932469816116019E-02 a       930     0    47     1    10
  3.9622914214525247E-02 a       931     0    47     1    11
 -1.3762291027476642E-02 a       932     0    47     1    12
 -1.7477445391151289E-01 a       933     0    47     1    13
  7.3162830230389359E-02 a       934     0    47     1    14
 -6.3416100786103935E-02 a       935     0    47     1    15
 -5.8500885916496909E-02 a       936     0    47     1    16
 -8.7840621110566092E-02 a       937     0    47     1    17
 -6.0710781939081568E-02 a       938     0    47     1    18
 -1.0801227685871840E-02 a       939     0    47     1    19
 -7.0508817704210913E-02 a       940     0    47     1    20
 -5.1667704506539881E-02 a       941     0    48     1     1
  6.4995915938365803E-02 a       942     0    48     1     2
  1.4970940437852290E-01 a       943     0    48     1     3
 -4.9360111217472205E-02 a       944     0    48     1     4
 -1.8654360283490293E-01 a       945     0    48     1     5
 -6.8270910133086124E-03 a       946     0    48     1     6
  3.8331680374691718E-01 a       947     0    48     1     7
 -2.5749097033363832E-01 a       948     0    48     1     8
  1.5071828792131181E-01 a       949     0    48     1     9
 -2.9283984296157858E-02 a       950     0    48     1    10
  1.8314103319593468E-02 a       951     0    48     1    11
 -5.3010650956061833E-02 a       952     0    48     1    12
  1.6645397612800364E-01 a       953     0    48     1    13
 -1.2515761070611517E-01 a       954     0    48     1    14
 -3.2666503308895221E-02 a       955     0    48     1    15
  8.4441387885627300E-02 a       956     0    48     1    16
  1.5946284563131291E-01 a       957     0    48     1    17
 -2.4351136494826918E-02 a       958     0    48     1    18
 -9.7687846701413561E-02 a       959     0    48     1    19
 -2.7565660269303197E-02 a       960     0    48     1    20
  7.7315616982007715E-02 a       961     0    49     1     1
  1.3436251298360125E-01 a       962     0    49     1     2
  5.5903284249295485E-03 a       963     0    49     1     3
  1.6818327634023103E-01 a       964     0    49     1     4
  4.4776314543551077E-02 a       965     0    49     1     5
 -1.5908203955090255E-01 a       966     0    49     1     6
 -2.7305873277161019E-01 a       967     0    49     1     7
 -4.4750284243053973E-01 a       968     0    49     1     8
 -1.5588325295187674E-01 a       969     0    49     1     9
 -1.3340372946847637E-01 a       970     0    49     1    10
  1.2537521887329589E-01 a       971     0    49     1    11
 -2.9926094427417744E-02 a       972     0    49     1    12
  5.5688911318852938E-02 a       973     0    49     1    13
 -3.0807177075818950E-02 a       974     0    49     1    14
  1.8089387023538644E-01 a       975     0    49     1    15
 -1.9399589750963028E-01 a       976     0    49     1    16
 -1.1733710813171971E-01 a       977     0    49     1    17
 -6.7920330725556102E-02 a       978     0    49     1    18
  1.6378602879467632E-01 a       979     0    49     1    19
  1.5954484521406717E-01 a       980     0    49     1    20
 -6.9857876252812212E-01 a       981     0    50     1     1
 -1.6522925716202844E-01 a       982     0    50     1     2
  9.0949531928033230E-03 a       983     0    50     1     3
 -3.5614592040244364E-01 a       984     0    50     1     4
  1.2967624547635423E-01 a       985     0    50     1     5
 -2.8235002998332132E-01 a       986     0    50     1     6
  4.1044589604458365E-01 a       987     0    50     1     7
  5.2169229454253163E-01 a       988     0    50     1     8
  2.4465182991319287E-01 a       989     0    50     1     9
  4.5927409742403735E-01 a       990     0    50     1    10
 -6.0090980338818378E-01 a       991     0    50     1    11
  1.1744607446318585E-01 a       992     0    50     1    12
 -1.5871098145974741E-01 a       993     0    50     1    13
  4.1894760873715742E-01 a       994     0    50     1    14
 -3.4749223102778232E-01 a       995     0    50     1    15
  7.7880436797565594E-02 a       996     0    50     1    16
 -3.3895689913509802E-01 a       997     0    50     1    17
  5.2911940104071598E-01 a       998     0    50     1    18
 -4.0419922604491121E-01 a       999     0    50     1    19
 -3.3228611008833081E-01 a      1000     0    50     1    20
  1.6139449800568006E-01 a      1001     0    51     1     1
 -2.1310324197207589E-02 a      1002     0    51     1     2
  1.0323721232909007E-01 a      1003     0    51     1     3
 -9.1319457882701766E-02 a      1004     0    51     1     4
  1.1227548399859193E-01 a      1005     0    51     1     5
  2.1583087415095074E-02 a      1006     0    51     1     6
 -3.5562788889106869E-02 a      1007     0    51     1     7
 -6.3106920777778908E-02 a      1008     0    51     1     8
  2.5049728260689041E-01 a      1009     0    51     1     9
 -1.8101456112011469E-01 a      1010     0    51     1    10
 -8.8061932899982709E-02 a      1011     0    51     1    11
 -1.9728351619177423E-02 a      1012     0    51     1    12
  1.0048191842250059E-02 a      1013     0    51     1    13
  8.5127432445197687E-02 a      1014     0    51     1    14
 -4.6216193779868568E-02 a      1015     0    51     1    15
 -2.3060974090586514E-01 a      1016     0    51     1    16
  4.1572766644881173E-02 a      1017     0    51     1    17
  5.6488207283182920E-02 a      1018     0    51     1    18
 -9.6094758193671651E-02 a      1019     0    51     1    19
  1.3275834868903499E-01 a      1020     0    51     1    20
  1.5447733920683177E-01 a      1021     0    52     1     1
  9.6244532476006547E-02 a      1022     0    52     1     2
  1.8914608018719251E-01 a      1023     0    52     1     3
 -1.2117937198404888E-01 a      1024     0    52     1     4
 -6.9065331953769390E-02 a      1025     0    52     1     5
  6.7251985239792866E-02 a      1026     0    52     1     6
 -1.5915453948404687E-01 a      1027     0    52     1     7
  1.5758837298679781E-01 a      1028     0    52     1     8
  1.9146466247963562E-01 a      1029     0    52     1     9
  8.5837145063087275E-02 a      1030     0    52     1    10
 -1.4437930436456209E-01 a      1031     0    52     1    11
  3.9415072776400016E-02 a      1032     0    52     1    12
  8.1727535454979156E-02 a      1033     0    52     1    13
  6.6312420213712857E-03 a      1034     0    52     1    14
 -3.5545255957476998E-02 a      1035     0    52     1    15
  2.4426240323667647E-01 a      1036     0    52     1    16
  2.0807964492575254E-01 a      1037     0    52     1    17
  6.0250433157617710E-02 a      1038     0    52     1    18
 -9.8462062180904197E-02 a      1039     0    52     1    19
 -1.1302954260720922E-01 a      1040     0    52     1    20
 -6.1157489386791296E-02 a      1041     0    53     1     1
 -1.2829997380106900E-01 a      1042     0    53     1     2
 -1.6617965366315299E-02 a      1043     0    53     1     3
 -1.1590393459008877E-01 a      1044     0    53     1     4
 -2.7640238497502811E-02 a      1045     0    53     1     5
 -1.1195331633348263E-01 a      1046     0    53     1     6
 -8.6984946048396475E-02 a      1047     0    53     1     7
 -7.7881678102718913E-02 a      1048     0    53     1     8
  1.7411780454610913E-02 a      1049     0    53     1     9
  1.1816624342711510E-01 a      1050     0    53     1    10
 -1.3345251680506556E-01 a      1051     0    53     1    11
  2.3269992528212274E-01 a      1052     0    53     1    12
  1.0028812401283084E-01 a      1053     0    53     1    13
 -5.0360932719115972E-02 a      1054     0    53     1    14
 -2.5372603290116130E-02 a      1055     0    53     1    15
  1.9279598523958386E-01 a      1056     0    53     1    16
 -1.3578356086984228E-01 a      1057     0    53     1    17
  1.2424485826406359E-01 a      1058     0    53     1    18
  3.0340212082667817E-01 a      1059     0    53     1    19
  1.1335443912930149E-01 a      1060     0    53     1    20
  1.1029323551995862E-01 a      1061     0    54     1     1
  5.8833035020126510E-02 a      1062     0    54     1     2
  1.5230597076779862E-01 a      1063     0    54     1     3
 -3.0469110627145191E-01 a      1064     0    54     1     4
 -8.1862819991784616E-02 a      1065     0    54     1     5
  1.9362048791660459E-02 a      1066     0    54     1     6
  2.0242647840608083E-01 a      1067     0    54     1     7
 -2.5287871354801029E-02 a      1068     0    54     1     8
  9.9777274242992986E-02 a      1069     0    54     1     9
 -1.1738353463378527E-01 a      1070     0    54     1    10
 -1.1917381197418403E-01 a      1071     0    54     1    11
 -4.1705881513889364E-03 a      1072     0    54     1    12
 -1.4606814915456268E-01 a      1073     0    54     1    13
 -1.6061860121890989E-01 a      1074     0    54     1    14
  1.8195720078661642E-01 a      1075     0    54     1    15
 -2.0119744754936239E-01 a      1076     0    54     1    16
  8.3338739385996135E-04 a      1077     0    54     1    17
  1.3830287694572974E-01 a      1078     0    54     1    18
 -1.7886738944717893E-02 a      1079     0    54     1    19
  2.3423505297599997E-02 a      1080     0    54     1    20
 -9.0074719961363195E-02 b      1081     1     1
 -1.1389468462393670E+00 b      1082     1     2
 -6.0198181791624526E-02 b      1083     1     3
 -1.2148698807835381E+00 b      1084     1     4
  2.3634836333901635E-01 b      1085     1     5
  3.7542366023629745E-02 b      1086     1     6
 -4.5752082400541300E-01 b      1087     1     7
 -5.4069704529845231E-01 b      1088     1     8
 -1.2039733850815957E+00 b      1089     1     9
 -1.3237791367054894E+00 b      1090     1    10
 -9.4654488217864152E-01 b      1091     1    11
  2.7821887375018561E-01 b      1092     1    12
  1.0935077669370679E+00 b      1093     1    13
 -8.8852577411242117E-01 b      1094     1    14
 -3.0930997188660908E-02 b      1095     1    15
  1.3633306562469873E+00 b      1096     1    16
  1.4503551474100940E-01 b      1097     1    17
 -2.0110707950273077E-01 b      1098     1    18
  1.1771991995769797E+00 b      1099     1    19
  5.4870738650292961E-01 b      1100     1    20
 -6.5723492838379294E-01 a      1101     1     1     2     1
 -8.2728449540706905E-02 a      1102     1     1     2     2
 -3.8137404283338366E-02 a      1103     1     1     2     3
 -1.2802412879025682E-01 a      1104     1     1     2     4
 -4.2024178513348852E-02 a      1105     1     1     2     5
 -7.5382763343912118E-01 a      1106     1     1     2     6
  1.0015557593561034E-01 a      1107     1     1     2     7
 -3.6617828049942525E-01 a      1108     1     1     2     8
 -2.8268849241508920E-01 a      1109     1     1     2     9
  9.3619314725024036E-02 a      1110     1     1     2    10
 -1.3923173659496466E-01 a      1111     1     1     2    11
 -6.8772360639510377E-01 a      1112     1     1     2    12
 -5.7646502435275937E-01 a      1113     1     1     2    13
 -4.7984340633977485E-01 a      1114     1     1     2    14
  2.9176732326505772E-01 a      1115     1     1     2    15
 -3.1846580989110258E-02 a      1116     1     1     2    16
 -5.6072467257042491E-01 a      1117     1     1     2    17
 -4.0883465814777098E-01 a      1118     1     1     2    18
  2.3686614295927988E-01 a      1119     1     1     2    19
  4.4385568994000045E-05 a      1120     1     1     2    20
  3.7786875089283928E-01 a      1121     1     2     2     1
 -7.4770027868390401E-03 a      1122     1     2     2     2
  3.0376475148122178E-01 a      1123     1     2     2     3
 -4.4854298480660104E-01 a      1124     1     2     2     4
  3.9967353943583839E-01 a      1125     1     2     2     5
 -1.6199778091693656E-01 a      1126     1     2     2     6
  4.4815355666359219E-01 a      1127     1     2     2     7
  2.3859297259465956E-01 a      1128     1     2     2     8
  5.9879792148599087E-01 a      1129     1     2     2     9
  4.6429739727969888E-01 a      1130     1     2     2    10
 -8.7790964771744931E-02 a      1131     1     2     2    11
  2.4135908443713286E-01 a      1132     1     2     2    12
 -2.3421606979057089E-01 a      1133     1     2     2    13
 -1.2330084354815954E-01 a      1134     1     2     2    14
  3.6969912150373818E-01 a      1135     1     2     2    15
  4.1774945701411187E-01 a      1136     1     2     2    16
  4.6038142491755218E-01 a      1137     1     2     2    17
 -6.1761744788844698E-02 a      1138     1     2     2    18
  4.3742948609021176E-01 a      1139     1     2     2    19
  6.8376827317597644E-01 a      1140     1     2     2    20
 -2.4663737148687978E-01 a      1141     1     3     2     1
  2.5473420106784223E-01 a      1142     1     3     2     2
 -2.2206416847967575E-01 a      1143     1     3     2     3
  2.6943253147984203E-01 a      1144     1     3     2     4
 -1.4832994317902889E-01 a      1145     1     3     2     5
 -1.9216260560793341E-01 a      1146     1     3     2     6
 -1.9866246409745211E-01 a      1147     1     3     2     7
 -3.2939755525319435E-02 a      1148     1     3     2     8
  3.5316628816256973E-01 a      1149     1     3     2     9
  2.6762768194399750E-01 a      1150     1     3     2    10
  8.1977425421467881E-02 a      1151     1     3     2    11
  3.7394912225648963E-01 a      1152     1     3     2    12
 -2.5074164571048274E-02 a      1153     1     3     2    13
 -1.4832511264247775E-01 a      1154     1     3     2    14
  1.4298570994254267E-01 a      1155     1     3     2    15
  6.0092599698826443E-01 a      1156     1     3     2    16
 -3.2074658814065993E-01 a      1157     1     3     2    17
 -5.4426459076251510E-01 a      1158     1     3     2    18
  1.3243206603958629E-01 a      1159     1     3     2    19
  2.2696713017034878E-01 a      1160     1     3     2    20
 -1.9205793459890155E-01 a      1161     1     4     2     1
 -4.5216103240017419E-01 a      1162     1     4     2     2
  2.8177471702634371E-01 a      1163     1     4     2     3
 -3.4050353183743137E-01 a      1164     1     4     2     4
 -6.8661747978762703E-03 a      1165     1     4     2     5
  1.6243906857742332E-01 a      1166     1     4     2     6
 -3.1941335976013757E-01 a      1167     1     4     2     7
  6.0247452978977367E-01 a      1168     1     4     2     8
 -5.8757733471685780E-01 a      1169     1     4     2     9
 -5.7449535999724488E-01 a      1170     1     4     2    10
  5.5689358819549117E-01 a      1171     1     4     2    11
 -6.5895218665877453E-01 a      1172     1     4     2    12
  5.8108929524192077E-01 a      1173     1     4     2    13
 -8.5689546772950959E-02 a      1174     1     4     2    14
 -2.6203674808977140E-01 a      1175     1     4     2    15
 -3.9970658926114339E-01 a      1176     1     4     2    16
 -3.8492762015038223E-01 a      1177     1     4     2    17
  3.5718766119050838E-02 a      1178     1     4     2    18
  3.8863549500732930E-01 a      1179     1     4     2    19
 -4.7441208948298336E-01 a      1180     1     4     2    20
  7.6484270892834028E-01 a      1181     1     5     2     1
 -5.3055164674897104E-01 a      1182     1     5     2     2
  2.7665579907132970E-01 a      1183     1     5     2     3
 -1.7177589767703660E-01 a      1184     1     5     2     4
 -7.8950077728978663E-02 a      1185     1     5     2     5
 -5.8017818792105644E-02 a      1186     1     5     2     6
 -2.9308348799440945E-02 a      1187     1     5     2     7
  7.6107159182136605E-02 a      1188     1     5     2     8
  4.9509057448315019E-01 a      1189     1     5     2     9
  5.2535055601754566E-01 a      1190     1     5     2    10
 -3.2108205119418204E-01 a      1191     1     5     2    11
 -2.4883193883053856E-01 a      1192     1     5     2    12
  1.5239526691402852E-01 a      1193     1     5     2    13
 -3.8881010666984589E-01 a      1194     1     5     2    14
 -3.9123274379443268E-01 a      1195     1     5     2    15
  4.5812741423853798E-01 a      1196     1     5     2    16
 -7.2559006864287201E-01 a      1197     1     5     2    17
 -5.2032982443153342E-01 a      1198     1     5     2    18
  2.6649454150344409E-01 a      1199     1     5     2    19
 -3.1223461627669141E-01 a      1200     1     5     2    20
 -7.7869137080208006E-01 a      1201     1     6     2     1
  2.0745996571870676E-01 a      1202     1     6     2     2
  8.7627995862289643E-02 a      1203     1     6     2     3
 -8.0944507259604823E-02 a      1204     1     6     2     4
 -4.8358913668290798E-01 a      1205     1     6     2     5
 -1.3672404869918617E-01 a      1206     1     6     2     6
 -1.3408592460583585E-01 a      1207     1     6     2     7
  8.2744505943406010E-01 a      1208     1     6     2     8
  6.4361847444665821E-01 a      1209     1     6     2     9
 -6.8398889065228619E-01 a      1210     1     6     2    10
 -3.8692722610011188E-01 a      1211     1     6     2    11
 -4.1646791823206675E-01 a      1212     1     6     2    12
  7.3797789327851226E-01 a      1213     1     6     2    13
 -2.0469629559218003E-01 a      1214     1     6     2    14
  1.5440283223270729E-01 a      1215     1     6     2    15
  6.4555480551798339E-01 a      1216     1     6     2    16
 -8.7020890161361261E-02 a      1217     1     6     2    17
  3.2435909759189124E-01 a      1218     1     6     2    18
  5.7073283181275247E-01 a      1219     1     6     2    19
  5.0405833453056670E-01 a      1220     1     6     2    20
 -4.4056968522652520E-02 a      1221     1     7     2     1
 -2.8160503876658866E-01 a      1222     1     7     2     2
  4.0582500012634176E-01 a      1223     1     7     2     3
  9.6873748240982091E-02 a      1224     1     7     2     4
  5.7874399550893374E-01 a      1225     1     7     2     5
 -1.1739937306770294E-01 a      1226     1     7     2     6
 -8.9671583331970936E-02 a      1227     1     7     2     7
  4.6105321570727908E-01 a      1228     1     7     2     8
  4.7336527582900349E-02 a      1229     1     7     2     9
  4.5992155393860051E-01 a      1230     1     7     2    10
  3.4928935332005709E-02 a      1231     1     7     2    11
 -3.0305839540849461E-01 a      1232     1     7     2    12
 -3.3901669921106514E-01 a      1233     1     7     2    13
  9.3940465286804789E-02 a      1234     1     7     2    14
 -2.0087163654141243E-02 a      1235     1     7     2    15
  1.3840536833510531E-01 a      1236     1     7     2    16
  1.5368238982454308E-01 a      1237     1     7     2    17
 -1.5290466489772733E-01 a      1238     1     7     2    18
 -3.3555261809942366E-01 a      1239     1     7     2    19
 -7.7225786595878712E-02 a      1240     1     7     2    20
  6.2911765605023817E-02 a      1241     1     8     2     1
 -2.9521660435797320E-01 a      1242     1     8     2     2
  1.9602976770221406E-01 a      1243     1     8     2     3
 -2.9156297102484141E-01 a      1244     1     8     2     4
 -2.4756487928732704E-01 a      1245     1     8     2     5
 -6.9492659329823514E-01 a      1246     1     8     2     6
 -2.0612293235360146E-01 a      1247     1     8     2     7
  3.6067429064580436E-01 a      1248     1     8     2     8
 -4.0132786441070395E-01 a      1249     1     8     2     9
  1.0359404250214678E-01 a      1250     1     8     2    10
  3.0902763527083299E-01 a      1251     1     8     2    11
  6.4217089203214450E-01 a      1252     1     8     2    12
  4.7937960141916464E-01 a      1253     1     8     2    13
  9.3612325435087351E-02 a      1254     1     8     2    14
 -2.4072791762063332E-02 a      1255     1     8     2    15
  3.7398986252547112E-01 a      1256     1     8     2    16
 -3.1188258114412037E-01 a      1257     1     8     2    17
  5.1271209734360024E-01 a      1258     1     8     2    18
 -3.4033859187989968E-01 a      1259     1     8     2    19
 -7.4528254724600479E-02 a      1260     1     8     2    20
 -2.6226412801528420E-01 a      1261     1     9     2     1
 -3.7579083233191840E-01 a      1262     1     9     2     2
  3.5584861944073137E-01 a      1263     1     9     2     3
 -3.4033884080630483E-01 a      1264     1     9     2     4
  3.0053187381878416E-02 a      1265     1     9     2     5
 -3.3036547877890848E-01 a      1266     1     9     2     6
  4.7716860055768395E-01 a      1267     1     9     2     7
  1.5796578464628758E-01 a      1268     1     9     2     8
  2.1658193876517717E-01 a      1269     1     9     2     9
 -4.2920878566089177E-01 a      1270     1     9     2    10
 -5.5152733442989212E-03 a      1271     1     9     2    11
  3.5006761406916398E-01 a      1272     1     9     2    12
  2.2519650542271175E-01 a      1273     1     9     2    13
 -6.6101280961852071E-01 a      1274     1     9     2    14
 -5.8932283144877869E-03 a      1275     1     9     2    15
 -3.9692650597980894E-01 a      1276     1     9     2    16
 -3.5001789716325393E-01 a      1277     1     9     2    17
  1.0579053937744606E-01 a      1278     1     9     2    18
 -1.6686036830793471E-01 a      1279     1     9     2    19
 -4.4910827663293434E-01 a      1280     1     9     2    20
  4.9261683924226113E-02 a      1281     1    10     2     1
  1.5698290381240584E-01 a      1282     1    10     2     2
  5.3286626933924619E-01 a      1283     1    10     2     3
  4.6355005164616891E-01 a      1284     1    10     2     4
  2.9988747154713424E-01 a      1285     1    10     2     5
 -5.8107057765575110E-01 a      1286     1    10     2     6
  2.5800675368587128E-01 a      1287     1    10     2     7
  1.1329139629606820E-01 a      1288     1    10     2     8
  4.5157787309454617E-01 a      1289     1    10     2     9
 -4.0966972259476814E-03 a      1290     1    10     2    10
  2.1827589730398969E-01 a      1291     1    10     2    11
  6.0995046858327684E-01 a      1292     1    10     2    12
 -6.1893693198486532E-01 a      1293     1    10     2    13
 -6.3014681678541196E-01 a      1294     1    10     2    14
  6.8174317146668217E-01 a      1295     1    10     2    15
 -2.2667351023340990E-01 a      1296     1    10     2    16
 -4.1306876214710458E-01 a      1297     1    10     2    17
  6.6405465792496654E-01 a      1298     1    10     2    18
  3.7971131612236897E-01 a      1299     1    10     2    19
  7.5489567467784055E-03 a      1300     1    10     2    20
 -3.3162317462614749E-01 a      1301     1    11     2     1
  2.9573171225620831E-01 a      1302     1    11     2     2
 -9.0279291388318236E-02 a      1303     1    11     2     3
 -3.5552807835395356E-01 a      1304     1    11     2     4
  1.5041283528587548E-01 a      1305     1    11     2     5
  5.9279157214881451E-01 a      1306     1    11     2     6
 -3.5889724036093595E-01 a      1307     1    11     2     7
 -3.8427556895547021E-01 a      1308     1    11     2     8
  4.2433642180067882E-01 a      1309     1    11     2     9
 -5.6623963416312463E-02 a      1310     1    11     2    10
 -6.6039663585681452E-01 a      1311     1    11     2    11
  2.0363124619841431E-02 a      1312     1    11     2    12
  4.6516667133890716E-01 a      1313     1    11     2    13
 -4.6348108179756747E-01 a      1314     1    11     2    14
  2.9787990179957213E-01 a      1315     1    11     2    15
 -1.9995046586282580E-01 a      1316     1    11     2    16
 -6.7058312430007161E-01 a      1317     1    11     2    17
 -2.8224013646861525E-02 a      1318     1    11     2    18
  2.6053724146578416E-01 a      1319     1    11     2    19
  1.5971947301567577E-01 a      1320     1    11     2    20
  7.4329369890514796E-01 a      1321     1    12     2     1
  2.8029171787261392E-01 a      1322     1    12     2     2
  3.7936066924837991E-01 a      1323     1    12     2     3
  1.0002095516165699E-01 a      1324     1    12     2     4
 -5.0922507776570924E-01 a      1325     1    12     2     5
 -1.8764864155014177E-01 a      1326     1    12     2     6
  4.1337731485956158E-01 a      1327     1    12     2     7
  3.5558375699493283E-01 a      1328     1    12     2     8
  3.8605301026949829E-01 a      1329     1    12     2     9
  7.3636943207203165E-01 a      1330     1    12     2    10
  1.0884052192666460E-01 a      1331     1    12     2    11
  1.8374250995634875E-01 a      1332     1    12     2    12
 -3.3654325063032525E-01 a      1333     1    12     2    13
 -5.7088340645386926E-02 a      1334     1    12     2    14
  5.0462938954361103E-01 a      1335     1    12     2    15
 -2.5838451271419344E-01 a      1336     1    12     2    16
 -4.8114016039278285E-01 a      1337     1    12     2    17
 -1.8902208160738687E-01 a      1338     1    12     2    18
 -5.9155376632579293E-01 a      1339     1    12     2    19
  7.8977735590381803E-01 a      1340     1    12     2    20
 -2.6748470566414301E-01 a      1341     1    13     2     1
 -3.8750440028643646E-01 a      1342     1    13     2     2
  3.5462003091711020E-01 a      1343     1    13     2     3
 -6.6581400833513471E-01 a      1344     1    13     2     4
 -4.2312808088597842E-01 a      1345     1    13     2     5
 -9.5559767346120164E-02 a      1346     1    13     2     6
  2.3978954047215190E-01 a      1347     1    13     2     7
  1.2281808429855599E-01 a      1348     1    13     2     8
 -3.1520159120902624E-01 a      1349     1    13     2     9
  5.4826971121665136E-01 a      1350     1    13     2    10
  3.2559651244155996E-01 a      1351     1    13     2    11
  3.2563613873979852E-01 a      1352     1    13     2    12
  3.0355377889159324E-01 a      1353     1    13     2    13
 -9.3525012349760406E-02 a      1354     1    13     2    14
 -9.0490624285262014E-02 a      1355     1    13     2    15
  7.0569380020859307E-01 a      1356     1    13     2    16
 -4.7028825107027827E-01 a      1357     1    13     2    17
  1.0471348653202033E-02 a      1358     1    13     2    18
 -1.1208732528632702E-01 a      1359     1    13     2    19
 -6.6021183926747329E-02 a      1360     1    13     2    20
  2.6671035100058124E-02 a      1361     1    14     2     1
 -4.5176922731423258E-01 a      1362     1    14     2     2
  2.7356936929874925E-01 a      1363     1    14     2     3
  1.3284057212629380E-01 a      1364     1    14     2     4
  2.6387612723845105E-01 a      1365     1    14     2     5
 -1.5776435491872706E-01 a      1366     1    14     2     6
 -1.2355515748235442E-01 a      1367     1    14     2     7
  2.7987381349755562E-03 a      1368     1    14     2     8
  6.1817941969356160E-01 a      1369     1    14     2     9
  2.8522863195026227E-01 a      1370     1    14     2    10
 -7.2925291629782529E-01 a      1371     1    14     2    11
 -5.3931090015479022E-01 a      1372     1    14     2    12
 -2.6882401858953853E-01 a      1373     1    14     2    13
  5.4933927079140144E-01 a      1374     1    14     2    14
 -5.8806612049673346E-01 a      1375     1    14     2    15
  1.1837512597219527E-01 a      1376     1    14     2    16
 -2.0942095739780145E-01 a      1377     1    14     2    17
  5.1557265153263243E-01 a      1378     1    14     2    18
 -3.5152062216422780E-01 a      1379     1    14     2    19
  5.4155798246113762E-01 a      1380     1    14     2    20
  2.8258633695095825E-01 a      1381     1    15     2     1
 -4.6860608972958140E-01 a      1382     1    15     2     2
  1.4043167114037411E-01 a      1383     1    15     2     3
  2.2725120054002360E-01 a      1384     1    15     2     4
 -6.0063383391499948E-02 a      1385     1    15     2     5
  5.4699421711183838E-01 a      1386     1    15     2     6
 -2.8112877130043934E-01 a      1387     1    15     2     7
 -3.8989294744154501E-01 a      1388     1    15     2     8
  2.5780375471413519E-01 a      1389     1    15     2     9
  2.8983176851713188E-01 a      1390     1    15     2    10
 -3.9879398484746276E-01 a      1391     1    15     2    11
 -4.2045600292878688E-01 a      1392     1    15     2    12
 -1.1691358263730500E-01 a      1393     1    15     2    13
 -1.6493400629126356E-01 a      1394     1    15     2    14
 -3.7970769599467380E-01 a      1395     1    15     2    15
  7.8856965124983219E-02 a      1396     1    15     2    16
  1.2708624490402165E-01 a      1397     1    15     2    17
 -4.2503998753639444E-01 a      1398     1    15     2    18
  1.3182136830131772E-01 a      1399     1    15     2    19
 -5.0643713991941941E-01 a      1400     1    15     2    20
 -4.7990748505270331E-01 a      1401     1    16     2     1
  1.7779781611195508E-01 a      1402     1    16     2     2
 -6.0997065926480465E-01 a      1403     1    16     2     3
 -2.0723982981202480E-01 a      1404     1    16     2     4
  5.7749992148816187E-01 a      1405     1    16     2     5
 -2.4384417065038172E-01 a      1406     1    16     2     6
 -3.2772448444448465E-01 a      1407     1    16     2     7
 -4.7912309927916052E-01 a      1408     1    16     2     8
  1.8242326461001446E-01 a      1409     1    16     2     9
  4.9612004929223524E-01 a      1410     1    16     2    10
 -6.9013230137823445E-01 a      1411     1    16     2    11
  5.0103830297054630E-01 a      1412     1    16     2    12
  3.1239270993683294E-01 a      1413     1    16     2    13
 -5.4707420348877489E-01 a      1414     1    16     2    14
  3.2814854361538137E-01 a      1415     1    16     2    15
 -5.5384768607826887E-02 a      1416     1    16     2    16
  1.1273411988150904E-01 a      1417     1    16     2    17
 -4.2514073962454874E-01 a      1418     1    16     2    18
  3.0275997514477271E-01 a      1419     1    16     2    19
  4.5654229066365626E-02 a      1420     1    16     2    20
 -3.4948196995107728E-01 a      1421     1    17     2     1
  4.7249452897888178E-01 a      1422     1    17     2     2
  3.3279256937739415E-01 a      1423     1    17     2     3
 -1.5920902475808457E-01 a      1424     1    17     2     4
 -2.8887774170767787E-02 a      1425     1    17     2     5
  4.2483794205185343E-01 a      1426     1    17     2     6
  7.1067280134060962E-01 a      1427     1    17     2     7
 -3.1695070144258791E-01 a      1428     1    17     2     8
 -2.7586424719352282E-01 a      1429     1    17     2     9
  1.1415206746806980E-01 a      1430     1    17     2    10
 -1.6427558349651689E-01 a      1431     1    17     2    11
 -7.3456825456928831E-02 a      1432     1    17     2    12
 -4.5278164492457940E-01 a      1433     1    17     2    13
  5.6826367644981080E-01 a      1434     1    17     2    14
  3.9288607815392285E-01 a      1435     1    17     2    15
 -4.4906941086439911E-01 a      1436     1    17     2    16
  4.9412377325377976E-01 a      1437     1    17     2    17
  9.8314744458008738E-02 a      1438     1    17     2    18
 -2.6435091004592121E-01 a      1439     1    17     2    19
  7.5386078608558782E-01 a      1440     1    17     2    20
  4.8034053334743104E-01 a      1441     1    18     2     1
 -7.6483549959980690E-01 a      1442     1    18     2     2
  2.3469586526631719E-01 a      1443     1    18     2     3
 -5.4468600579808313E-01 a      1444     1    18     2     4
 -6.3041499175193993E-01 a      1445     1    18     2     5
 -2.2068718519050937E-01 a      1446     1    18     2     6
 -6.9175430748633537E-01 a      1447     1    18     2     7
 -5.5445222157072260E-03 a      1448     1    18     2     8
  5.6102316400708556E-02 a      1449     1    18     2     9
 -1.2350581378187508E-01 a      1450     1    18     2    10
  3.6028854528375148E-01 a      1451     1    18     2    11
  1.4692268861578595E-02 a      1452     1    18     2    12
  5.0859350174490225E-01 a      1453     1    18     2    13
 -1.8047193727412439E-02 a      1454     1    18     2    14
 -7.7275260839523197E-01 a      1455     1    18     2    15
 -3.4026896498858461E-01 a      1456     1    18     2    16
 -7.4684639424541246E-02 a      1457     1    18     2    17
  6.7153725198027336E-01 a      1458     1    18     2    18
 -9.0754767144833291E-03 a      1459     1    18     2    19
  1.0573595702162322E-01 a      1460     1    18     2    20
 -2.3776203028090931E-01 a      1461     1    19     2     1
  5.2589737274219661E-01 a      1462     1    19     2     2
 -1.1178308192780646E-01 a      1463     1    19     2     3
  1.1123827019929408E-02 a      1464     1    19     2     4
  3.9865074258648708E-01 a      1465     1    19     2     5
  3.7258536260004343E-01 a      1466     1    19     2     6
 -1.6426877140544738E-01 a      1467     1    19     2     7
  7.4822945045235484E-02 a      1468     1    19     2     8
  5.5034053077346164E-02 a      1469     1    19     2     9
 -5.2646597943927220E-01 a      1470     1    19     2    10
 -1.6977691939822040E-01 a      1471     1    19     2    11
 -1.8703695061167877E-01 a      1472     1    19     2    12
  1.6522056584737541E-01 a      1473     1    19     2    13
  5.8353842169870118E-01 a      1474     1    19     2    14
  3.7075356208110433E-01 a      1475     1    19     2    15
  2.7217575470756661E-01 a      1476     1    19     2    16
 -4.9344484173480713E-01 a      1477     1    19     2    17
  4.2917012407707494E-01 a      1478     1    19     2    18
  8.2768861184437470E-01 a      1479     1    19     2    19
  3.3287236290011668E-01 a      1480     1    19     2    20
 -1.3908259117316726E-01 a      1481     1    20     2     1
 -1.0558099910274053E-01 a      1482     1    20     2     2
  3.7171972624284144E-01 a      1483     1    20     2     3
 -1.2211987386578246E-02 a      1484     1    20     2     4
 -6.8646028197895392E-01 a      1485     1    20     2     5
  7.1382039829843624E-01 a      1486     1    20     2     6
 -3.2873549966498311E-01 a      1487     1    20     2     7
  6.4087127091657703E-01 a      1488     1    20     2     8
 -3.2933035947857536E-01 a      1489     1    20     2     9
 -3.9693894138388941E-01 a      1490     1    20     2    10
  3.6928789769216064E-01 a      1491     1    20     2    11
 -9.7100094739667839E-02 a      1492     1    20     2    12
 -2.6987087971149842E-01 a      1493     1    20     2    13
 -1.7348646710153609E-01 a      1494     1    20     2    14
  1.6739401824366759E-01 a      1495     1    20     2    15
 -5.6361980800300937E-01 a      1496     1    20     2    16
  1.5689035179143468E-01 a      1497     1    20     2    17
 -3.5623519699088912E-01 a      1498     1    20     2    18
  5.5276364616922802E-01 a      1499     1    20     2    19
  5.5642118356574732E-01 a      1500     1    20     2    20
 -1.1850562896013378E-01 b      1501     2     1
 -1.1630681894014918E+00 b      1502     2     2
  9.6347506576279562E-01 b      1503     2     3
 -2.6309014071904646E-01 b      1504     2     4
  1.6570901744867745E+00 b      1505     2     5
  1.0623327491946200E+00 b      1506     2     6
 -2.2471077042065929E-01 b      1507     2     7
 -1.0536726781280854E+00 b      1508     2     8
 -4.8597695488662207E-01 b      1509     2     9
 -3.8597248032711756E-01 b      1510     2    10
 -7.2857177095338754E-01 b      1511     2    11
 -1.4779432015335032E+00 b      1512     2    12
 -4.3483700320134333E-01 b      1513     2    13
  8.5813876619642737E-01 b      1514     2    14
  1.2780679703529677E-01 b      1515     2    15
 -8.9261890719434300E-01 b      1516     2    16
 -6.6988046755186681E-01 b      1517     2    17
 -1.2528851091673530E+00 b      1518     2    18
  1.1002903937593747E+00 b      1519     2    19
 -1.2132491346978558E+00 b      1520     2    20
 -3.2198231721422914E-03 a      1521     2     1     3     1
  1.1359897762270894E+00 a      1522     2     2     3     1
  1.0102892452873022E+00 a      1523     2     3     3     1
 -4.8439474120139514E-01 a      1524     2     4     3     1
 -6.5887414869136463E-02 a      1525     2     5     3     1
 -7.8252777374835780E-01 a      1526     2     6     3     1
 -5.5923144779512546E-01 a      1527     2     7     3     1
  3.7365873577424574E-01 a      1528     2     8     3     1
  1.1669797401688735E+00 a      1529     2     9     3     1
 -1.3300919442166789E-02 a      1530     2    10     3     1
 -1.4831648410695425E-01 a      1531     2    11     3     1
  1.1579645724883575E-01 a      1532     2    12     3     1
 -7.3430047832082915E-02 a      1533     2    13     3     1
 -1.3376972565282443E+00 a      1534     2    14     3     1
 -9.2214876334868967E-01 a      1535     2    15     3     1
 -2.4061452293199538E-02 a      1536     2    16     3     1
  6.7577940534323006E-02 a      1537     2    17     3     1
  6.4360242538104839E-01 a      1538     2    18     3     1
 -5.0154085738884679E-01 a      1539     2    19     3     1
 -2.2060045807330525E-01 a      1540     2    20     3     1
  3.5718931355807164E-02 b      1541     3     1
