################################################################################
# Neural network connection values (weights and biases).
################################################################################
# Col  Name       Description
################################################################################
# 1    connection Neural network connection value.
# 2    t          Connection type (a = weight, b = bias).
# 3    index      Index enumerating weights.
# 4    l_s        Starting point layer (end point layer for biases).
# 5    n_s        Starting point neuron in starting layer (end point neuron for biases).
# 6    l_e        End point layer.
# 7    n_e        End point neuron in end layer.
################################################################################
#                      1 2         3     4     5     6     7
#             connection t     index   l_s   n_s   l_e   n_e
############################################################
  4.7763268923879852E-02 a         1     0     1     1     1
 -1.1147548568728557E-01 a         2     0     1     1     2
 -1.5891962615850963E-01 a         3     0     1     1     3
 -2.6157922703956804E-01 a         4     0     1     1     4
  9.3042890517478313E-02 a         5     0     1     1     5
  7.7582377146164269E-02 a         6     0     1     1     6
  1.2777885043296885E-01 a         7     0     1     1     7
 -1.4795415823019728E-01 a         8     0     1     1     8
  1.8976405722212975E-01 a         9     0     1     1     9
 -2.7463954007261088E-01 a        10     0     1     1    10
 -9.5947958152855090E-02 a        11     0     1     1    11
 -4.8108526718058445E-02 a        12     0     1     1    12
 -2.2675412239845344E-01 a        13     0     1     1    13
  1.6777850913732073E-01 a        14     0     1     1    14
 -1.0588499487923228E-01 a        15     0     1     1    15
  9.1336224899316327E-03 a        16     0     1     1    16
 -1.6458280922671148E-01 a        17     0     1     1    17
 -7.5187406018508859E-02 a        18     0     1     1    18
 -1.8308468198588390E-01 a        19     0     1     1    19
  6.5360029626493857E-02 a        20     0     1     1    20
  3.8454594707194152E-02 a        21     0     2     1     1
  2.4290642898006942E-01 a        22     0     2     1     2
 -3.4370845792520066E-01 a        23     0     2     1     3
  2.4494296371104696E-01 a        24     0     2     1     4
  2.3960845174652934E-01 a        25     0     2     1     5
  1.8124797412063556E-01 a        26     0     2     1     6
  1.5310146494349866E-01 a        27     0     2     1     7
  3.8608261662930091E-02 a        28     0     2     1     8
 -1.8500183732261388E-01 a        29     0     2     1     9
 -1.0398439628832803E-01 a        30     0     2     1    10
  1.9402371476723379E-01 a        31     0     2     1    11
 -3.6380592493435038E-01 a        32     0     2     1    12
  4.0093901586368269E-01 a        33     0     2     1    13
 -5.6396661633362301E-02 a        34     0     2     1    14
  1.5653393243317174E-01 a        35     0     2     1    15
  3.0560597704821019E-01 a        36     0     2     1    16
 -1.7710387252327639E-01 a        37     0     2     1    17
  2.0895539147090103E-01 a        38     0     2     1    18
 -1.7740611514612678E-01 a        39     0     2     1    19
  1.1614984111044313E-01 a        40     0     2     1    20
 -3.6902783634902035E-02 a        41     0     3     1     1
  3.0844531522797358E-01 a        42     0     3     1     2
 -1.3022069502352657E-01 a        43     0     3     1     3
 -5.0228707916585694E-02 a        44     0     3     1     4
 -1.3180986571507131E-01 a        45     0     3     1     5
  2.6999233123784092E-02 a        46     0     3     1     6
 -2.6320227217269970E-01 a        47     0     3     1     7
 -1.4273001317748757E-01 a        48     0     3     1     8
 -3.3390727814130583E-01 a        49     0     3     1     9
  7.5139510906819848E-02 a        50     0     3     1    10
  2.8605639963487706E-01 a        51     0     3     1    11
  2.3324187788411374E-01 a        52     0     3     1    12
 -2.1651773197805155E-01 a        53     0     3     1    13
  1.4579319697643854E-02 a        54     0     3     1    14
  2.8042278624682970E-01 a        55     0     3     1    15
  1.6961471694896351E-02 a        56     0     3     1    16
  3.0695807765581232E-02 a        57     0     3     1    17
 -1.9718559647865158E-01 a        58     0     3     1    18
  1.1742248840118283E-01 a        59     0     3     1    19
  1.4684090918720910E-01 a        60     0     3     1    20
 -1.0324523027673400E-01 a        61     0     4     1     1
  2.1854268061778859E-01 a        62     0     4     1     2
  2.4498942136089841E-01 a        63     0     4     1     3
  2.9116499119276190E-01 a        64     0     4     1     4
  1.8995585582469132E-01 a        65     0     4     1     5
  2.7331368142187745E-01 a        66     0     4     1     6
  1.7954568858588116E-01 a        67     0     4     1     7
  1.3988331690455813E-01 a        68     0     4     1     8
  3.8089516323494826E-01 a        69     0     4     1     9
 -1.4149805302884683E-01 a        70     0     4     1    10
 -3.8398683907100148E-02 a        71     0     4     1    11
 -1.9102359157631282E-01 a        72     0     4     1    12
 -2.7296175709031995E-01 a        73     0     4     1    13
 -3.7026129139007729E-03 a        74     0     4     1    14
  1.3955190185213692E-01 a        75     0     4     1    15
 -5.2062098179150904E-02 a        76     0     4     1    16
  1.6502854841453019E-01 a        77     0     4     1    17
 -1.0695725077714038E-01 a        78     0     4     1    18
  1.1207769174203180E-01 a        79     0     4     1    19
  1.3085196551926112E-01 a        80     0     4     1    20
 -1.4815274986715643E-01 a        81     0     5     1     1
 -1.2356129072191736E-01 a        82     0     5     1     2
  1.1617864377577149E-01 a        83     0     5     1     3
 -3.1024305971023158E-01 a        84     0     5     1     4
 -3.1914588025756302E-01 a        85     0     5     1     5
  4.8433791198208682E-02 a        86     0     5     1     6
  7.9314604559809501E-02 a        87     0     5     1     7
  2.2136266698949705E-01 a        88     0     5     1     8
  1.4172788327599037E-01 a        89     0     5     1     9
 -2.6724331818587760E-01 a        90     0     5     1    10
 -5.9594478975419550E-02 a        91     0     5     1    11
  2.5432255279716187E-01 a        92     0     5     1    12
 -1.0380205703881086E-01 a        93     0     5     1    13
 -2.7016069731518189E-01 a        94     0     5     1    14
 -1.1291116723366564E-01 a        95     0     5     1    15
  4.7549921056775586E-02 a        96     0     5     1    16
  2.8430174714911749E-01 a        97     0     5     1    17
  3.3843462420662621E-02 a        98     0     5     1    18
  9.1309175414853977E-02 a        99     0     5     1    19
  1.0213646615991685E-01 a       100     0     5     1    20
 -1.3991290802493514E-01 a       101     0     6     1     1
  2.7323555136274780E-01 a       102     0     6     1     2
  3.1531716774452578E-01 a       103     0     6     1     3
 -4.2403096975334714E-01 a       104     0     6     1     4
 -1.8028667565263445E-01 a       105     0     6     1     5
  4.0439040507185980E-01 a       106     0     6     1     6
 -1.5054399177623942E-03 a       107     0     6     1     7
 -7.7780669477641770E-02 a       108     0     6     1     8
 -1.1477262396707792E-01 a       109     0     6     1     9
  1.9489297855613189E-01 a       110     0     6     1    10
  3.3585494387400203E-02 a       111     0     6     1    11
 -1.5771326952907319E-01 a       112     0     6     1    12
  3.3744567881901849E-01 a       113     0     6     1    13
 -4.3193605071708545E-02 a       114     0     6     1    14
 -2.5988655076656464E-01 a       115     0     6     1    15
  3.5423732471032018E-02 a       116     0     6     1    16
  3.3748729244988791E-02 a       117     0     6     1    17
  2.4923208925584247E-02 a       118     0     6     1    18
 -3.1370702274379014E-01 a       119     0     6     1    19
  6.7195477530526057E-02 a       120     0     6     1    20
  7.7218565318856305E-02 a       121     0     7     1     1
  2.2477906465606134E-01 a       122     0     7     1     2
  2.1253890799264194E-01 a       123     0     7     1     3
 -2.0542652835670086E-01 a       124     0     7     1     4
 -3.4122828503179065E-01 a       125     0     7     1     5
 -1.4736600579298176E-01 a       126     0     7     1     6
  1.3780504501083962E-01 a       127     0     7     1     7
  7.9820132722437778E-02 a       128     0     7     1     8
 -2.1759962208151484E-01 a       129     0     7     1     9
 -5.3861054138347013E-02 a       130     0     7     1    10
  1.9528711331675488E-01 a       131     0     7     1    11
  1.8672012131033716E-01 a       132     0     7     1    12
 -2.4923327245360125E-01 a       133     0     7     1    13
 -8.6752016425773473E-02 a       134     0     7     1    14
 -3.5309414030430269E-01 a       135     0     7     1    15
  1.2913719923894629E-01 a       136     0     7     1    16
 -2.4339546690791669E-01 a       137     0     7     1    17
  2.2277395703111662E-03 a       138     0     7     1    18
 -7.6908349846423488E-02 a       139     0     7     1    19
  1.5982788231761656E-02 a       140     0     7     1    20
  3.3667803420276386E-02 a       141     0     8     1     1
 -3.3204919821007961E-01 a       142     0     8     1     2
  7.3791096256887984E-02 a       143     0     8     1     3
  1.8740308963260877E-01 a       144     0     8     1     4
  3.4981926014464626E-01 a       145     0     8     1     5
 -1.4180520502517250E-02 a       146     0     8     1     6
  1.9275977923111104E-01 a       147     0     8     1     7
  3.1009461858761628E-01 a       148     0     8     1     8
 -1.7421103897921145E-01 a       149     0     8     1     9
  2.5708718598781072E-01 a       150     0     8     1    10
 -2.2633390731361200E-01 a       151     0     8     1    11
  1.5332688905441272E-01 a       152     0     8     1    12
  1.0937717112061067E-01 a       153     0     8     1    13
 -6.8033183590111748E-02 a       154     0     8     1    14
  3.4660257583533421E-01 a       155     0     8     1    15
 -1.0827009750123101E-01 a       156     0     8     1    16
 -2.2900996412134006E-01 a       157     0     8     1    17
 -2.3526440119296629E-01 a       158     0     8     1    18
 -9.8103650352114394E-02 a       159     0     8     1    19
  3.6978541360366067E-02 a       160     0     8     1    20
  2.0597849806449425E-01 a       161     0     9     1     1
 -3.6455946389265395E-03 a       162     0     9     1     2
 -3.6982123305409925E-01 a       163     0     9     1     3
  3.0466041916586845E-01 a       164     0     9     1     4
 -1.5752556334637235E-01 a       165     0     9     1     5
 -1.8267248927641513E-01 a       166     0     9     1     6
 -2.4956308318107484E-01 a       167     0     9     1     7
 -1.7756031949636855E-01 a       168     0     9     1     8
  2.4559218566585547E-01 a       169     0     9     1     9
 -2.5406174915015467E-01 a       170     0     9     1    10
  3.4657901488004206E-01 a       171     0     9     1    11
 -3.7569784303693848E-01 a       172     0     9     1    12
  8.7608994913795105E-02 a       173     0     9     1    13
 -2.1399745083655095E-01 a       174     0     9     1    14
  2.1645609666269336E-01 a       175     0     9     1    15
 -1.6337555066980182E-02 a       176     0     9     1    16
  9.7320056847453054E-02 a       177     0     9     1    17
  1.2718295966796439E-01 a       178     0     9     1    18
 -1.8196817264316797E-01 a       179     0     9     1    19
 -3.0062846839306845E-01 a       180     0     9     1    20
  1.0776974613263217E-01 a       181     0    10     1     1
  1.2679495743963445E-01 a       182     0    10     1     2
 -2.1186099564642938E-01 a       183     0    10     1     3
  2.3577077784954181E-01 a       184     0    10     1     4
 -1.8789533222529759E-02 a       185     0    10     1     5
  1.2330223514302548E-01 a       186     0    10     1     6
 -2.7707732944526797E-01 a       187     0    10     1     7
 -1.1160322259063113E-01 a       188     0    10     1     8
 -2.1655962777855624E-02 a       189     0    10     1     9
 -3.8998112817756841E-01 a       190     0    10     1    10
 -5.2849815741720915E-02 a       191     0    10     1    11
 -2.3380258297608511E-01 a       192     0    10     1    12
  1.2152887256672978E-01 a       193     0    10     1    13
  2.4996247167373353E-01 a       194     0    10     1    14
 -3.4179142613785868E-01 a       195     0    10     1    15
 -3.0877248986781997E-01 a       196     0    10     1    16
 -1.1913069211888662E-01 a       197     0    10     1    17
 -1.1231019764563167E-01 a       198     0    10     1    18
 -1.8458476622301567E-01 a       199     0    10     1    19
 -1.6479939369585220E-01 a       200     0    10     1    20
  1.4123400729206073E-01 a       201     0    11     1     1
  1.9435669591557272E-01 a       202     0    11     1     2
 -6.9737031327676384E-03 a       203     0    11     1     3
 -1.7568268442434304E-01 a       204     0    11     1     4
 -1.2351060812306190E-01 a       205     0    11     1     5
 -1.8371368391611834E-01 a       206     0    11     1     6
 -1.4906837291635960E-01 a       207     0    11     1     7
 -5.9175739504139221E-02 a       208     0    11     1     8
 -1.7362931596041861E-01 a       209     0    11     1     9
  1.8067341728328648E-01 a       210     0    11     1    10
 -5.6026641705743591E-02 a       211     0    11     1    11
  9.7644141815044182E-03 a       212     0    11     1    12
  5.0790905459645000E-02 a       213     0    11     1    13
 -1.2695459390384270E-01 a       214     0    11     1    14
 -2.5088854252358483E-01 a       215     0    11     1    15
  1.6784123921581967E-01 a       216     0    11     1    16
 -4.0328594172638239E-02 a       217     0    11     1    17
  9.9747556689644870E-02 a       218     0    11     1    18
 -6.9554494633227271E-02 a       219     0    11     1    19
 -9.0788045704690082E-02 a       220     0    11     1    20
 -2.5571906036163666E-01 a       221     0    12     1     1
 -4.6648865946170244E-02 a       222     0    12     1     2
  2.6241991016496485E-01 a       223     0    12     1     3
  3.3876580796754763E-01 a       224     0    12     1     4
 -2.2523481064518111E-01 a       225     0    12     1     5
 -2.2958382957924831E-01 a       226     0    12     1     6
 -1.3894568770920787E-01 a       227     0    12     1     7
  1.4005611890921127E-01 a       228     0    12     1     8
  3.1962577106764661E-01 a       229     0    12     1     9
 -3.4102754823507012E-02 a       230     0    12     1    10
  3.3563223227105438E-01 a       231     0    12     1    11
 -4.9479696292180284E-02 a       232     0    12     1    12
  6.7768123388565360E-02 a       233     0    12     1    13
  2.4577007435481618E-01 a       234     0    12     1    14
 -3.3050351331086825E-01 a       235     0    12     1    15
 -1.2908480534564748E-01 a       236     0    12     1    16
  1.0100017942067753E-01 a       237     0    12     1    17
 -1.1088194001554078E-01 a       238     0    12     1    18
 -1.4151049090474058E-01 a       239     0    12     1    19
  5.6326645147957849E-03 a       240     0    12     1    20
  1.1568580912625347E-01 a       241     0    13     1     1
  1.0162560019141297E-01 a       242     0    13     1     2
 -1.4766686109324556E-01 a       243     0    13     1     3
  3.1815773706246109E-01 a       244     0    13     1     4
  1.7128365176337187E-01 a       245     0    13     1     5
  5.3516229015691530E-02 a       246     0    13     1     6
 -2.2163348307607939E-01 a       247     0    13     1     7
 -1.2307371058774724E-01 a       248     0    13     1     8
  3.9852651234563680E-01 a       249     0    13     1     9
  3.9616109989099877E-03 a       250     0    13     1    10
  4.7761810170529856E-02 a       251     0    13     1    11
 -2.0479073850703078E-01 a       252     0    13     1    12
 -3.3519062690756128E-02 a       253     0    13     1    13
  1.0981338752830763E-01 a       254     0    13     1    14
 -2.0856733922127124E-01 a       255     0    13     1    15
 -1.6976145351306104E-01 a       256     0    13     1    16
 -3.8481388074621849E-02 a       257     0    13     1    17
 -2.2998814837832326E-01 a       258     0    13     1    18
 -2.4826373274719048E-02 a       259     0    13     1    19
  2.3824129856481630E-01 a       260     0    13     1    20
 -7.2913236664986947E-02 a       261     0    14     1     1
 -2.0855292082626983E-01 a       262     0    14     1     2
  6.5357080185754118E-02 a       263     0    14     1     3
 -1.5277447791154758E-01 a       264     0    14     1     4
 -2.1921821727687443E-01 a       265     0    14     1     5
 -1.3819328118866986E-01 a       266     0    14     1     6
 -5.6679285817250791E-02 a       267     0    14     1     7
  3.1202046520319415E-01 a       268     0    14     1     8
 -7.2113142566767499E-02 a       269     0    14     1     9
 -2.5858516458170466E-01 a       270     0    14     1    10
  2.6901617568354774E-01 a       271     0    14     1    11
  1.9781041739148719E-01 a       272     0    14     1    12
 -1.7685088324383930E-01 a       273     0    14     1    13
 -1.4433895915004183E-01 a       274     0    14     1    14
  3.8119949351959659E-01 a       275     0    14     1    15
  2.0777888514546505E-01 a       276     0    14     1    16
  1.8452460815877569E-01 a       277     0    14     1    17
  1.7694700482990575E-01 a       278     0    14     1    18
 -5.6728945317300820E-02 a       279     0    14     1    19
 -2.3799151122244824E-01 a       280     0    14     1    20
  1.0785887576329087E-01 a       281     0    15     1     1
  2.1060306804926437E-01 a       282     0    15     1     2
  3.0934703720417944E-01 a       283     0    15     1     3
  1.5321799664730817E-01 a       284     0    15     1     4
 -2.2911761588539217E-01 a       285     0    15     1     5
  1.7304875779768086E-01 a       286     0    15     1     6
  3.8898008316975242E-02 a       287     0    15     1     7
 -2.6496523530924576E-01 a       288     0    15     1     8
 -2.5436197523281417E-01 a       289     0    15     1     9
  2.3286022182943178E-02 a       290     0    15     1    10
  2.6058450930335927E-02 a       291     0    15     1    11
  1.1273610110902246E-01 a       292     0    15     1    12
 -2.5165800104725372E-01 a       293     0    15     1    13
 -1.9001237216413291E-01 a       294     0    15     1    14
 -3.1313299604177136E-01 a       295     0    15     1    15
 -1.2492948561316673E-01 a       296     0    15     1    16
  2.0150441547216133E-01 a       297     0    15     1    17
  1.8755473564731664E-01 a       298     0    15     1    18
  2.4039225216266946E-01 a       299     0    15     1    19
  1.2052220653750201E-01 a       300     0    15     1    20
 -3.2334149033470656E-02 a       301     0    16     1     1
 -2.5915551243596867E-02 a       302     0    16     1     2
 -2.2292850892529756E-01 a       303     0    16     1     3
  1.4412206204052269E-01 a       304     0    16     1     4
 -1.3038596171239465E-02 a       305     0    16     1     5
 -1.7863987467996939E-01 a       306     0    16     1     6
 -9.5027069325546332E-02 a       307     0    16     1     7
 -3.2888098351791836E-02 a       308     0    16     1     8
 -1.8368005943177695E-01 a       309     0    16     1     9
 -1.9893722577894787E-01 a       310     0    16     1    10
 -2.1236372869140155E-01 a       311     0    16     1    11
  2.7992160819891566E-02 a       312     0    16     1    12
 -5.1060335516625019E-02 a       313     0    16     1    13
  2.3610363033703047E-01 a       314     0    16     1    14
 -2.6711236535277105E-01 a       315     0    16     1    15
 -1.7158518265527742E-01 a       316     0    16     1    16
 -1.5629887721960965E-02 a       317     0    16     1    17
 -2.1176294243219695E-01 a       318     0    16     1    18
 -1.4076239396609341E-01 a       319     0    16     1    19
 -2.8128703518200310E-02 a       320     0    16     1    20
 -2.9333507946694412E-02 a       321     0    17     1     1
  9.6484366435497751E-02 a       322     0    17     1     2
  2.7566162900594177E-01 a       323     0    17     1     3
 -1.4627089550987227E-01 a       324     0    17     1     4
  1.4024590327243594E-01 a       325     0    17     1     5
  1.6310987111710029E-01 a       326     0    17     1     6
  2.1042576837111675E-02 a       327     0    17     1     7
  1.8560998263405337E-01 a       328     0    17     1     8
 -1.3724155008073211E-02 a       329     0    17     1     9
  5.2825481118989139E-02 a       330     0    17     1    10
  5.2116579764012343E-02 a       331     0    17     1    11
  2.5559968196200034E-01 a       332     0    17     1    12
  3.5492771459120331E-01 a       333     0    17     1    13
  9.4503426607674038E-02 a       334     0    17     1    14
 -1.2565094689634176E-01 a       335     0    17     1    15
 -1.3597903800576436E-01 a       336     0    17     1    16
 -1.8511376118099476E-03 a       337     0    17     1    17
 -1.7395231344303552E-02 a       338     0    17     1    18
 -1.1271775172237089E-01 a       339     0    17     1    19
  4.4894050382714080E-02 a       340     0    17     1    20
  1.2612743217446551E-01 a       341     0    18     1     1
 -2.5242594366375393E-01 a       342     0    18     1     2
 -2.8015152471119587E-01 a       343     0    18     1     3
 -1.6686376586606116E-01 a       344     0    18     1     4
  8.8308127353781532E-02 a       345     0    18     1     5
 -1.9514117386745511E-01 a       346     0    18     1     6
 -2.1954608512612642E-01 a       347     0    18     1     7
 -1.8519574976748601E-01 a       348     0    18     1     8
  2.5104753146574060E-01 a       349     0    18     1     9
  3.2700860788396686E-02 a       350     0    18     1    10
  1.6700584126685838E-01 a       351     0    18     1    11
  3.5040484179086290E-01 a       352     0    18     1    12
 -2.5279322379575564E-01 a       353     0    18     1    13
  6.8478060149246983E-02 a       354     0    18     1    14
 -1.1595402256908097E-01 a       355     0    18     1    15
 -8.9521040781324248E-03 a       356     0    18     1    16
 -1.6449388379406427E-01 a       357     0    18     1    17
  2.1166947675113199E-01 a       358     0    18     1    18
 -3.2726298915807489E-01 a       359     0    18     1    19
 -1.3990205251383203E-01 a       360     0    18     1    20
  2.9114136921510231E-01 a       361     0    19     1     1
 -1.5344906593679825E-01 a       362     0    19     1     2
 -1.2917876197474440E-01 a       363     0    19     1     3
  1.2280496175485696E-02 a       364     0    19     1     4
  6.8873214676561934E-02 a       365     0    19     1     5
 -1.6658537227477441E-01 a       366     0    19     1     6
  5.9654176499126686E-03 a       367     0    19     1     7
  8.1320134330388316E-02 a       368     0    19     1     8
  2.7366688969457997E-01 a       369     0    19     1     9
  2.3122579075817962E-01 a       370     0    19     1    10
  1.5739800231152690E-01 a       371     0    19     1    11
 -7.6503815386489149E-02 a       372     0    19     1    12
  4.1167045556747592E-02 a       373     0    19     1    13
 -2.2493105274367028E-01 a       374     0    19     1    14
  1.0992108401412268E-01 a       375     0    19     1    15
  1.4652264026554186E-02 a       376     0    19     1    16
  4.0395414862670074E-03 a       377     0    19     1    17
  2.9893213553912387E-02 a       378     0    19     1    18
  2.2500435761817519E-01 a       379     0    19     1    19
  1.0547689492550533E-01 a       380     0    19     1    20
 -1.1647054449635844E-01 a       381     0    20     1     1
 -2.2384557256896612E-01 a       382     0    20     1     2
  1.7885795902418528E-01 a       383     0    20     1     3
 -6.2891943125135810E-02 a       384     0    20     1     4
 -6.8976792739985204E-03 a       385     0    20     1     5
 -9.6216049152639344E-02 a       386     0    20     1     6
  1.5411960350034820E-01 a       387     0    20     1     7
  2.4901091292792163E-01 a       388     0    20     1     8
  4.1537361064195914E-02 a       389     0    20     1     9
 -9.9643379335496746E-02 a       390     0    20     1    10
 -8.1517860279089541E-02 a       391     0    20     1    11
 -4.5282301209292747E-02 a       392     0    20     1    12
  2.8622645399860186E-01 a       393     0    20     1    13
  6.4098744951654310E-02 a       394     0    20     1    14
 -1.2132504683874668E-01 a       395     0    20     1    15
  2.0119685660459363E-02 a       396     0    20     1    16
  8.8922637792578321E-02 a       397     0    20     1    17
  3.0032580635840750E-01 a       398     0    20     1    18
 -2.7591535546662588E-01 a       399     0    20     1    19
 -3.4464864196288791E-01 a       400     0    20     1    20
 -4.3486963426612173E-02 a       401     0    21     1     1
 -9.3441500389231699E-02 a       402     0    21     1     2
 -3.1267939596882788E-01 a       403     0    21     1     3
  9.1642092730097810E-03 a       404     0    21     1     4
  1.5153259103331139E-02 a       405     0    21     1     5
  2.6664587206492490E-01 a       406     0    21     1     6
  2.3037684369958852E-01 a       407     0    21     1     7
  3.5497853972858645E-01 a       408     0    21     1     8
 -2.5904841800662431E-01 a       409     0    21     1     9
 -7.5421864940395517E-03 a       410     0    21     1    10
 -2.3348496853378811E-01 a       411     0    21     1    11
 -2.4113974942703520E-01 a       412     0    21     1    12
  2.2159852770617924E-01 a       413     0    21     1    13
 -2.7932749126936343E-02 a       414     0    21     1    14
  1.4498663082645236E-01 a       415     0    21     1    15
 -1.1492232292069655E-01 a       416     0    21     1    16
  1.1456366755503999E-01 a       417     0    21     1    17
 -1.4400540150546021E-01 a       418     0    21     1    18
  1.4799875351304279E-01 a       419     0    21     1    19
  1.0304823566496579E-01 a       420     0    21     1    20
 -2.2250018348325518E-01 a       421     0    22     1     1
 -3.8293538054689061E-02 a       422     0    22     1     2
  1.8150115608239419E-02 a       423     0    22     1     3
  3.0850031442626769E-01 a       424     0    22     1     4
 -3.3836570650997357E-02 a       425     0    22     1     5
 -1.4299666270843553E-01 a       426     0    22     1     6
  1.2217612399955367E-02 a       427     0    22     1     7
 -1.4582158796914965E-01 a       428     0    22     1     8
 -1.6907395879846801E-01 a       429     0    22     1     9
 -1.8831931075373101E-01 a       430     0    22     1    10
 -1.2032845592900883E-01 a       431     0    22     1    11
  5.8464151350953376E-02 a       432     0    22     1    12
 -2.4170928011536982E-01 a       433     0    22     1    13
 -9.8340404562665795E-02 a       434     0    22     1    14
  2.2310905040941523E-01 a       435     0    22     1    15
  1.3731879690553050E-01 a       436     0    22     1    16
 -1.1329008152427780E-01 a       437     0    22     1    17
 -3.1352809773374102E-01 a       438     0    22     1    18
 -1.4175666046493929E-01 a       439     0    22     1    19
  8.2099164352236534E-02 a       440     0    22     1    20
  1.8291955250511052E-01 a       441     0    23     1     1
  5.6590623975915862E-02 a       442     0    23     1     2
  1.4808198688954782E-01 a       443     0    23     1     3
 -3.5485085217928369E-01 a       444     0    23     1     4
  1.3279523480471497E-01 a       445     0    23     1     5
  4.0440233171169288E-01 a       446     0    23     1     6
  2.1744790222678678E-01 a       447     0    23     1     7
 -2.1157425842398821E-02 a       448     0    23     1     8
 -4.1743100017733778E-02 a       449     0    23     1     9
  2.8845661177542053E-01 a       450     0    23     1    10
 -2.2183380679448020E-01 a       451     0    23     1    11
  3.4107180264198889E-01 a       452     0    23     1    12
 -3.3920256536692936E-02 a       453     0    23     1    13
  2.1658421764820171E-01 a       454     0    23     1    14
 -1.6333753057316783E-01 a       455     0    23     1    15
 -6.3440658687711010E-02 a       456     0    23     1    16
 -7.2683492241377490E-02 a       457     0    23     1    17
  1.9077282640839321E-01 a       458     0    23     1    18
  2.6570231838871400E-01 a       459     0    23     1    19
  1.9686491302997453E-01 a       460     0    23     1    20
  4.1065640632156987E-02 a       461     0    24     1     1
 -6.1498470936297844E-02 a       462     0    24     1     2
  2.1290220378120156E-01 a       463     0    24     1     3
 -1.2735692709083579E-01 a       464     0    24     1     4
 -7.0878969112339693E-02 a       465     0    24     1     5
  1.8901853163059498E-01 a       466     0    24     1     6
  6.2977465938333699E-02 a       467     0    24     1     7
 -3.1557153440044433E-01 a       468     0    24     1     8
  1.1267529280022885E-01 a       469     0    24     1     9
  2.2064345213026870E-01 a       470     0    24     1    10
  1.1371580798508393E-01 a       471     0    24     1    11
  8.6831108137500945E-02 a       472     0    24     1    12
  1.8688120927567370E-01 a       473     0    24     1    13
  9.2850513870394169E-03 a       474     0    24     1    14
 -3.7758115625547645E-03 a       475     0    24     1    15
  4.1545899488556519E-02 a       476     0    24     1    16
 -9.4922794046799028E-02 a       477     0    24     1    17
 -1.4572103596367011E-01 a       478     0    24     1    18
 -1.3073463224938381E-01 a       479     0    24     1    19
 -1.4550266872116313E-01 a       480     0    24     1    20
  1.2917782124385838E-01 a       481     0    25     1     1
  5.8754597557895222E-02 a       482     0    25     1     2
 -1.5398730785264611E-01 a       483     0    25     1     3
 -5.8258225919698294E-02 a       484     0    25     1     4
  2.0840649660051561E-01 a       485     0    25     1     5
 -4.8760888387298314E-02 a       486     0    25     1     6
  1.6851447251846541E-01 a       487     0    25     1     7
  1.6065999727177940E-01 a       488     0    25     1     8
  2.8086269223720745E-01 a       489     0    25     1     9
  1.5147945308831950E-01 a       490     0    25     1    10
  3.1205103231142151E-01 a       491     0    25     1    11
 -9.1830574162216433E-02 a       492     0    25     1    12
  1.6204274232683946E-01 a       493     0    25     1    13
 -1.1716808472850723E-01 a       494     0    25     1    14
  5.4568836297335853E-02 a       495     0    25     1    15
  1.1821538270899774E-01 a       496     0    25     1    16
  1.6832371719978201E-01 a       497     0    25     1    17
 -2.0379992929323579E-02 a       498     0    25     1    18
 -1.1334336355506812E-02 a       499     0    25     1    19
  2.5623989578543649E-01 a       500     0    25     1    20
  9.1718050986848779E-02 a       501     0    26     1     1
 -1.4841411031057031E-01 a       502     0    26     1     2
 -1.3587164399630425E-01 a       503     0    26     1     3
 -3.1492058995183522E-02 a       504     0    26     1     4
 -1.0390752140944501E-01 a       505     0    26     1     5
  5.7713250611455102E-02 a       506     0    26     1     6
  2.3580039064860583E-01 a       507     0    26     1     7
  3.4588027547485911E-02 a       508     0    26     1     8
 -3.8016053547836004E-01 a       509     0    26     1     9
  2.3514945950367128E-01 a       510     0    26     1    10
 -1.6602719040584013E-01 a       511     0    26     1    11
  6.2714399020499939E-02 a       512     0    26     1    12
 -9.6904024826599114E-02 a       513     0    26     1    13
  7.2211558252761260E-03 a       514     0    26     1    14
 -1.2751441834793040E-01 a       515     0    26     1    15
 -3.1857913306879052E-02 a       516     0    26     1    16
 -2.6070617020421344E-01 a       517     0    26     1    17
  2.0678016464393811E-01 a       518     0    26     1    18
 -2.7551624826542626E-01 a       519     0    26     1    19
 -1.5032592282385077E-01 a       520     0    26     1    20
  2.2254568884726253E-02 a       521     0    27     1     1
 -9.9992305167219492E-02 a       522     0    27     1     2
  8.3869025771878131E-02 a       523     0    27     1     3
  6.9400415102950051E-03 a       524     0    27     1     4
  4.3555297889994488E-02 a       525     0    27     1     5
 -2.2393751473340526E-01 a       526     0    27     1     6
 -3.3265040556303381E-02 a       527     0    27     1     7
  8.4298031199608131E-02 a       528     0    27     1     8
  3.3356597707967511E-01 a       529     0    27     1     9
  2.3383326921917619E-01 a       530     0    27     1    10
 -1.7179733714951842E-01 a       531     0    27     1    11
  5.5252429560431922E-02 a       532     0    27     1    12
  1.4428981504168381E-01 a       533     0    27     1    13
 -4.1461512558785642E-02 a       534     0    27     1    14
 -1.7339822005934097E-01 a       535     0    27     1    15
 -6.0208947571492200E-02 a       536     0    27     1    16
  6.1303424688494545E-03 a       537     0    27     1    17
  5.5387553560539093E-02 a       538     0    27     1    18
 -1.2041587828235445E-01 a       539     0    27     1    19
  3.5527292932353551E-02 a       540     0    27     1    20
  1.8129251605359529E-02 a       541     0    28     1     1
 -1.9257806348382429E-02 a       542     0    28     1     2
  2.1495880120407374E-01 a       543     0    28     1     3
  1.5234460862496203E-02 a       544     0    28     1     4
 -3.1650832471469015E-01 a       545     0    28     1     5
 -1.5298498027196714E-01 a       546     0    28     1     6
 -2.4097024146649867E-01 a       547     0    28     1     7
 -2.1794957350722352E-01 a       548     0    28     1     8
 -9.2613312604654441E-02 a       549     0    28     1     9
  6.0791099475292647E-02 a       550     0    28     1    10
 -1.6306905991920195E-01 a       551     0    28     1    11
  7.1835909580165391E-02 a       552     0    28     1    12
  6.3898424169341841E-02 a       553     0    28     1    13
 -1.6066629906335966E-01 a       554     0    28     1    14
  6.1082144901096355E-02 a       555     0    28     1    15
 -1.1064924011505435E-01 a       556     0    28     1    16
 -1.1520963562566887E-01 a       557     0    28     1    17
 -2.2998265289727282E-01 a       558     0    28     1    18
  2.0341100354682465E-02 a       559     0    28     1    19
 -1.6986953832856042E-01 a       560     0    28     1    20
 -7.9738908126983074E-02 a       561     0    29     1     1
 -7.7950758719971397E-02 a       562     0    29     1     2
  2.2840843823283438E-02 a       563     0    29     1     3
  3.3297256090595494E-02 a       564     0    29     1     4
  3.0470851776654995E-01 a       565     0    29     1     5
 -1.2461344370744919E-01 a       566     0    29     1     6
 -1.6583376040595524E-01 a       567     0    29     1     7
 -1.7206893758556139E-02 a       568     0    29     1     8
  6.4084814924540906E-02 a       569     0    29     1     9
  2.0380255077722942E-01 a       570     0    29     1    10
 -8.5406014376771894E-02 a       571     0    29     1    11
  3.3539289879378854E-02 a       572     0    29     1    12
  1.4804858793449662E-04 a       573     0    29     1    13
  2.8536855538947026E-01 a       574     0    29     1    14
  3.3505937050974488E-02 a       575     0    29     1    15
  6.4237019972584103E-02 a       576     0    29     1    16
  1.7685383069817442E-01 a       577     0    29     1    17
 -1.0539934532868790E-02 a       578     0    29     1    18
  1.1230988743809367E-01 a       579     0    29     1    19
  2.7862809031442629E-02 a       580     0    29     1    20
  4.8149675876638948E-03 a       581     0    30     1     1
 -5.5462420446493237E-02 a       582     0    30     1     2
  3.9346819227473503E-02 a       583     0    30     1     3
  1.8306675309591500E-01 a       584     0    30     1     4
 -8.5351326832613927E-02 a       585     0    30     1     5
  1.6633218005804257E-01 a       586     0    30     1     6
  1.5587629514070281E-01 a       587     0    30     1     7
  1.6196012776417321E-01 a       588     0    30     1     8
 -1.6416290798704411E-01 a       589     0    30     1     9
 -1.6865651644893679E-02 a       590     0    30     1    10
  1.1193945607091624E-02 a       591     0    30     1    11
 -5.9036496967698512E-02 a       592     0    30     1    12
  9.5766107147523996E-02 a       593     0    30     1    13
  2.7791757465685664E-02 a       594     0    30     1    14
  1.1057158226273799E-02 a       595     0    30     1    15
 -5.7309441639191896E-02 a       596     0    30     1    16
  5.8043318646756603E-03 a       597     0    30     1    17
 -2.4776660312097382E-02 a       598     0    30     1    18
  1.2167067720686525E-01 a       599     0    30     1    19
 -1.7189441445103557E-03 a       600     0    30     1    20
 -3.3434643784702051E-01 a       601     0    31     1     1
  2.9205751660970442E-01 a       602     0    31     1     2
  2.5050441287879821E-01 a       603     0    31     1     3
 -1.7002308615587625E-01 a       604     0    31     1     4
 -3.3803771494842644E-01 a       605     0    31     1     5
 -3.6581062600296005E-01 a       606     0    31     1     6
  3.0116093566169461E-01 a       607     0    31     1     7
 -1.9860558380395788E-02 a       608     0    31     1     8
  1.8829304445893810E-01 a       609     0    31     1     9
  2.0786247990172099E-01 a       610     0    31     1    10
 -1.7830212477173754E-01 a       611     0    31     1    11
 -2.9561654113211483E-01 a       612     0    31     1    12
 -1.6403147390180167E-01 a       613     0    31     1    13
 -3.7206481382646361E-01 a       614     0    31     1    14
  1.4289925932877248E-01 a       615     0    31     1    15
  5.9749543433334038E-02 a       616     0    31     1    16
  1.8357614735320094E-01 a       617     0    31     1    17
 -1.8256010531890740E-01 a       618     0    31     1    18
 -6.3671360654515383E-02 a       619     0    31     1    19
 -1.8308763949938175E-01 a       620     0    31     1    20
  3.6479393409885152E-01 a       621     0    32     1     1
 -3.6257684282805624E-01 a       622     0    32     1     2
  3.1482931158928185E-01 a       623     0    32     1     3
 -1.8528789055261993E-01 a       624     0    32     1     4
  9.8820458183631568E-02 a       625     0    32     1     5
 -1.3349615637952084E-02 a       626     0    32     1     6
  6.9111916234898133E-03 a       627     0    32     1     7
  1.1498394508751864E-01 a       628     0    32     1     8
 -1.4650125921130009E-02 a       629     0    32     1     9
  1.0561342047981165E-01 a       630     0    32     1    10
  2.3339824455328681E-01 a       631     0    32     1    11
  2.3147622835046650E-01 a       632     0    32     1    12
 -2.2618014302244199E-01 a       633     0    32     1    13
 -2.7539081477817789E-01 a       634     0    32     1    14
  1.5486373320456759E-01 a       635     0    32     1    15
  1.5944405208855369E-01 a       636     0    32     1    16
 -3.0429806176649254E-01 a       637     0    32     1    17
 -2.4823193608155630E-01 a       638     0    32     1    18
 -7.5003792562867461E-02 a       639     0    32     1    19
 -5.7795775366457167E-03 a       640     0    32     1    20
 -9.8065585193795518E-02 a       641     0    33     1     1
  9.1317173194065168E-02 a       642     0    33     1     2
  1.2112548961244179E-01 a       643     0    33     1     3
  2.2964784509356370E-01 a       644     0    33     1     4
 -2.6415692449565886E-01 a       645     0    33     1     5
  1.3280345133772817E-01 a       646     0    33     1     6
  2.1463616190988763E-01 a       647     0    33     1     7
 -2.4279448878372001E-01 a       648     0    33     1     8
  1.7365975347635340E-01 a       649     0    33     1     9
 -5.9499236018890119E-03 a       650     0    33     1    10
 -6.2705125739341366E-02 a       651     0    33     1    11
  1.4084499434838529E-01 a       652     0    33     1    12
  5.8509174367170166E-02 a       653     0    33     1    13
 -3.0872713801733433E-02 a       654     0    33     1    14
 -2.7326626827575540E-01 a       655     0    33     1    15
 -3.3294252200067631E-01 a       656     0    33     1    16
  1.3567795983855677E-01 a       657     0    33     1    17
 -6.2094615203952611E-02 a       658     0    33     1    18
  2.2377516961662722E-01 a       659     0    33     1    19
 -2.8591817736940267E-01 a       660     0    33     1    20
  1.6663260388432927E-01 a       661     0    34     1     1
 -2.2758672854408574E-01 a       662     0    34     1     2
 -2.4036755832809772E-01 a       663     0    34     1     3
 -7.2204024831998351E-03 a       664     0    34     1     4
  2.6329599970505846E-01 a       665     0    34     1     5
  1.2651095834223366E-01 a       666     0    34     1     6
  2.8013793289713251E-01 a       667     0    34     1     7
 -2.5715544708002795E-02 a       668     0    34     1     8
 -3.0820523894595657E-02 a       669     0    34     1     9
  3.0593654041849561E-01 a       670     0    34     1    10
 -2.7427156196035868E-01 a       671     0    34     1    11
  2.6980957190232011E-02 a       672     0    34     1    12
 -2.8339022280651777E-01 a       673     0    34     1    13
  9.4519740126165111E-02 a       674     0    34     1    14
 -7.0708583565378767E-03 a       675     0    34     1    15
 -3.0590454485853169E-01 a       676     0    34     1    16
  1.2614834172503054E-02 a       677     0    34     1    17
  1.0272850652645037E-01 a       678     0    34     1    18
 -7.1649374958394643E-02 a       679     0    34     1    19
  5.6397079806488525E-02 a       680     0    34     1    20
 -2.7281732560036437E-01 a       681     0    35     1     1
  1.0494532530976065E-01 a       682     0    35     1     2
 -3.0859527990638513E-01 a       683     0    35     1     3
  3.9122124918470988E-02 a       684     0    35     1     4
 -1.5427897395868961E-01 a       685     0    35     1     5
  2.4805970512328489E-02 a       686     0    35     1     6
 -5.4706620627732905E-02 a       687     0    35     1     7
 -2.3193477732230292E-01 a       688     0    35     1     8
  3.1181734753513940E-01 a       689     0    35     1     9
  8.1095806499326448E-02 a       690     0    35     1    10
  2.3470527173182562E-01 a       691     0    35     1    11
 -7.2614948943942034E-02 a       692     0    35     1    12
  2.5653997681240114E-02 a       693     0    35     1    13
  5.9785822470587426E-02 a       694     0    35     1    14
 -1.1016926084239330E-01 a       695     0    35     1    15
  1.1293377365604736E-01 a       696     0    35     1    16
 -2.0902449623083599E-01 a       697     0    35     1    17
  1.5508536652508945E-01 a       698     0    35     1    18
 -4.1352332521894797E-01 a       699     0    35     1    19
  1.3049575756965792E-01 a       700     0    35     1    20
  2.4411582796762415E-03 a       701     0    36     1     1
 -3.4420117792434662E-01 a       702     0    36     1     2
 -2.8122946098965357E-01 a       703     0    36     1     3
  1.1840924540553292E-01 a       704     0    36     1     4
  6.0058986611033781E-02 a       705     0    36     1     5
  7.8437453837105195E-02 a       706     0    36     1     6
 -3.0461950340720240E-01 a       707     0    36     1     7
  1.3375916874712413E-02 a       708     0    36     1     8
 -2.6394692268037107E-01 a       709     0    36     1     9
 -2.1894272850589461E-01 a       710     0    36     1    10
  1.8506406160906808E-01 a       711     0    36     1    11
 -3.1232329862139682E-02 a       712     0    36     1    12
  1.1635253652869955E-01 a       713     0    36     1    13
 -2.5879232143044145E-01 a       714     0    36     1    14
  2.8569671429646415E-01 a       715     0    36     1    15
  3.0736044089762882E-01 a       716     0    36     1    16
  2.4465509511729364E-01 a       717     0    36     1    17
  1.8235961018026181E-01 a       718     0    36     1    18
 -3.5513991344444419E-03 a       719     0    36     1    19
  2.7530926351900731E-01 a       720     0    36     1    20
  1.8503379625256913E-01 a       721     0    37     1     1
  3.3693122376653881E-02 a       722     0    37     1     2
  1.3791245043138159E-01 a       723     0    37     1     3
  7.4261742294109909E-02 a       724     0    37     1     4
 -1.9033248360159136E-01 a       725     0    37     1     5
 -3.5496057796140019E-02 a       726     0    37     1     6
 -8.2354682908752752E-02 a       727     0    37     1     7
  5.8299925557289127E-02 a       728     0    37     1     8
 -3.7893917362466743E-02 a       729     0    37     1     9
  1.8905237300725319E-01 a       730     0    37     1    10
  2.3368908498170191E-01 a       731     0    37     1    11
  4.9069727746860532E-02 a       732     0    37     1    12
 -1.3116204026152170E-01 a       733     0    37     1    13
 -2.9343737106004186E-02 a       734     0    37     1    14
  1.5168983588317542E-01 a       735     0    37     1    15
  7.4362654808211540E-02 a       736     0    37     1    16
  3.0300387109483051E-01 a       737     0    37     1    17
  2.2222377528727202E-01 a       738     0    37     1    18
 -3.8506864480362524E-01 a       739     0    37     1    19
  2.2390226989082021E-01 a       740     0    37     1    20
 -1.2478160447909913E-01 a       741     0    38     1     1
 -2.7433145184757929E-01 a       742     0    38     1     2
 -1.6783145788744289E-01 a       743     0    38     1     3
 -1.1311881133159925E-01 a       744     0    38     1     4
 -2.3159198007722007E-01 a       745     0    38     1     5
  2.6775635526759239E-01 a       746     0    38     1     6
  1.8847407365934127E-01 a       747     0    38     1     7
 -2.7080590259426274E-01 a       748     0    38     1     8
  2.8998214342276324E-01 a       749     0    38     1     9
 -6.5018545059475755E-02 a       750     0    38     1    10
  8.4023134267510582E-02 a       751     0    38     1    11
 -3.3750898381663985E-01 a       752     0    38     1    12
 -2.8348830286416771E-01 a       753     0    38     1    13
  8.0954300049625727E-02 a       754     0    38     1    14
  8.7965054671639994E-02 a       755     0    38     1    15
 -1.5895384009876434E-01 a       756     0    38     1    16
 -9.3942645621072948E-02 a       757     0    38     1    17
  2.3712996904602285E-01 a       758     0    38     1    18
  4.7852562656871012E-01 a       759     0    38     1    19
  2.1847421409208218E-01 a       760     0    38     1    20
  1.2876743525195571E-02 a       761     0    39     1     1
 -6.0352222350255169E-02 a       762     0    39     1     2
  6.3354250445263827E-02 a       763     0    39     1     3
  3.0177718726350750E-02 a       764     0    39     1     4
  2.3355783299254021E-01 a       765     0    39     1     5
 -2.1056976841285130E-01 a       766     0    39     1     6
 -2.0092415159504950E-01 a       767     0    39     1     7
  1.4319191560842878E-01 a       768     0    39     1     8
  2.3019657847731878E-01 a       769     0    39     1     9
  3.2633503195973274E-02 a       770     0    39     1    10
 -1.3851456818695798E-01 a       771     0    39     1    11
 -1.2923561013003673E-01 a       772     0    39     1    12
 -7.6412429685413730E-02 a       773     0    39     1    13
 -1.0129812216960808E-01 a       774     0    39     1    14
 -4.2022345601231963E-02 a       775     0    39     1    15
 -4.4241446427570393E-02 a       776     0    39     1    16
 -1.6132689641773790E-01 a       777     0    39     1    17
 -2.8923845709813007E-02 a       778     0    39     1    18
  2.7953379794746447E-01 a       779     0    39     1    19
 -2.8873262236072489E-01 a       780     0    39     1    20
  4.7375348815448227E-02 a       781     0    40     1     1
 -1.7946882487842880E-01 a       782     0    40     1     2
  1.9479523250504496E-01 a       783     0    40     1     3
  3.7012318715203510E-02 a       784     0    40     1     4
 -2.4066865343812509E-02 a       785     0    40     1     5
 -1.8265026309972751E-01 a       786     0    40     1     6
  1.9709603743032497E-01 a       787     0    40     1     7
  6.1314910762168585E-02 a       788     0    40     1     8
 -3.5494529179865270E-01 a       789     0    40     1     9
  2.7223939326816702E-03 a       790     0    40     1    10
 -6.9175686913835771E-02 a       791     0    40     1    11
  2.3724886671067377E-01 a       792     0    40     1    12
 -2.7071101286881100E-01 a       793     0    40     1    13
 -1.3853808331615797E-01 a       794     0    40     1    14
  2.9351340640731616E-01 a       795     0    40     1    15
  1.7291648224635256E-01 a       796     0    40     1    16
  1.4553891945460962E-01 a       797     0    40     1    17
  1.9138758845262829E-01 a       798     0    40     1    18
  3.3752573727401813E-01 a       799     0    40     1    19
 -4.1303981572583325E-02 a       800     0    40     1    20
 -2.9987057643156664E-02 a       801     0    41     1     1
  1.7817148277052408E-01 a       802     0    41     1     2
 -9.2734289035612996E-02 a       803     0    41     1     3
 -1.2451906725352622E-01 a       804     0    41     1     4
  4.6791521198290290E-02 a       805     0    41     1     5
 -1.3292334480547688E-01 a       806     0    41     1     6
 -1.0535922264126277E-01 a       807     0    41     1     7
 -2.8193960731163031E-01 a       808     0    41     1     8
 -8.1099984093635474E-02 a       809     0    41     1     9
 -2.6166593892799328E-01 a       810     0    41     1    10
 -1.6475538711453239E-01 a       811     0    41     1    11
  6.0495599075318658E-02 a       812     0    41     1    12
 -2.7496606459712408E-01 a       813     0    41     1    13
  2.8455839333449653E-02 a       814     0    41     1    14
 -3.9492690673645615E-02 a       815     0    41     1    15
  7.3615827208703591E-02 a       816     0    41     1    16
  5.4894207646237645E-03 a       817     0    41     1    17
  2.2639574877186336E-01 a       818     0    41     1    18
  1.0531194494696083E-01 a       819     0    41     1    19
  1.4581831564457381E-01 a       820     0    41     1    20
 -5.9907427070564880E-02 a       821     0    42     1     1
 -1.0708887869423682E-01 a       822     0    42     1     2
 -8.5792766609139575E-03 a       823     0    42     1     3
  1.5934436309310596E-01 a       824     0    42     1     4
 -3.5908890228792963E-02 a       825     0    42     1     5
  2.4959583851323885E-01 a       826     0    42     1     6
 -2.5932777305216134E-02 a       827     0    42     1     7
 -1.2291049588731386E-01 a       828     0    42     1     8
 -5.2402568969676322E-02 a       829     0    42     1     9
  3.7031990338322490E-01 a       830     0    42     1    10
 -1.0316298308903563E-01 a       831     0    42     1    11
  1.1979984340234064E-01 a       832     0    42     1    12
  1.6007289182997911E-01 a       833     0    42     1    13
  1.7321520520125142E-01 a       834     0    42     1    14
 -2.7108549270485695E-02 a       835     0    42     1    15
 -1.1463947505310487E-01 a       836     0    42     1    16
  1.2965489943906877E-01 a       837     0    42     1    17
 -1.9577432477683748E-01 a       838     0    42     1    18
 -1.6872051713505387E-01 a       839     0    42     1    19
 -1.2493467737116006E-01 a       840     0    42     1    20
 -1.1553448859361817E-02 a       841     0    43     1     1
  1.3052164840702147E-02 a       842     0    43     1     2
 -3.7977488796046600E-02 a       843     0    43     1     3
 -3.4686198506019061E-01 a       844     0    43     1     4
  3.1523492171184947E-01 a       845     0    43     1     5
 -2.9590369335745062E-02 a       846     0    43     1     6
  3.7539928474038815E-02 a       847     0    43     1     7
  2.3921249105190026E-01 a       848     0    43     1     8
 -5.4261472020846739E-02 a       849     0    43     1     9
 -2.8594971199828556E-01 a       850     0    43     1    10
 -1.5118369117779826E-01 a       851     0    43     1    11
  7.0740639681908579E-02 a       852     0    43     1    12
  1.2873462617302234E-01 a       853     0    43     1    13
  2.4697480301708111E-01 a       854     0    43     1    14
 -1.9607364487204345E-02 a       855     0    43     1    15
  5.4188416559498173E-02 a       856     0    43     1    16
  6.6952162493889552E-03 a       857     0    43     1    17
  1.2836587178491118E-01 a       858     0    43     1    18
 -1.4531895952130400E-01 a       859     0    43     1    19
  7.1318757700234658E-02 a       860     0    43     1    20
 -4.0150157372448828E-02 a       861     0    44     1     1
  4.9444055858634289E-02 a       862     0    44     1     2
  2.3953148206744304E-01 a       863     0    44     1     3
 -2.7267873751306948E-01 a       864     0    44     1     4
  7.0851751939516913E-02 a       865     0    44     1     5
  1.1211021764392361E-01 a       866     0    44     1     6
 -3.8557863982029816E-02 a       867     0    44     1     7
  3.0822451200829387E-01 a       868     0    44     1     8
  3.6195458173938422E-01 a       869     0    44     1     9
 -1.7159128551636071E-01 a       870     0    44     1    10
 -8.0348136757432298E-02 a       871     0    44     1    11
  2.0959118662451912E-01 a       872     0    44     1    12
  3.1257972204254758E-01 a       873     0    44     1    13
  9.0927560817317163E-02 a       874     0    44     1    14
  1.4328460056876705E-01 a       875     0    44     1    15
 -3.4722572572406427E-03 a       876     0    44     1    16
  1.1227666144081273E-01 a       877     0    44     1    17
 -1.9136337093556176E-02 a       878     0    44     1    18
  1.6943352683405771E-01 a       879     0    44     1    19
 -1.7504264938661563E-03 a       880     0    44     1    20
  6.1330994726000185E-03 a       881     0    45     1     1
  2.0278755374256915E-01 a       882     0    45     1     2
 -1.1841362675827047E-01 a       883     0    45     1     3
 -1.7409968161236258E-01 a       884     0    45     1     4
  3.7302263934561020E-01 a       885     0    45     1     5
  7.9972066759325944E-02 a       886     0    45     1     6
  1.5356495082228647E-01 a       887     0    45     1     7
  3.9202647255645162E-01 a       888     0    45     1     8
 -1.5475728828648009E-02 a       889     0    45     1     9
  1.1514972197090542E-01 a       890     0    45     1    10
  1.8558931228372585E-02 a       891     0    45     1    11
  4.8666436751238794E-02 a       892     0    45     1    12
  3.0654243250765623E-01 a       893     0    45     1    13
 -2.4501306112540994E-01 a       894     0    45     1    14
  1.9408891810095455E-01 a       895     0    45     1    15
  5.8920415120499378E-02 a       896     0    45     1    16
  4.0967429163761705E-02 a       897     0    45     1    17
 -1.1768944956922434E-01 a       898     0    45     1    18
  1.4167872816562466E-01 a       899     0    45     1    19
 -1.6187329257592142E-01 a       900     0    45     1    20
  1.2227973191002993E-01 a       901     0    46     1     1
  1.0480018651415501E-01 a       902     0    46     1     2
 -1.8497105577436893E-01 a       903     0    46     1     3
 -2.2176461971187020E-01 a       904     0    46     1     4
  2.7086569525157522E-01 a       905     0    46     1     5
 -2.8767457109873319E-03 a       906     0    46     1     6
  1.9591807171809184E-01 a       907     0    46     1     7
  9.0579275185314501E-02 a       908     0    46     1     8
  3.2400664189567531E-02 a       909     0    46     1     9
  2.0893263569114176E-01 a       910     0    46     1    10
  2.2073991675876964E-01 a       911     0    46     1    11
  3.2641213249216616E-01 a       912     0    46     1    12
 -1.6102630538605503E-01 a       913     0    46     1    13
  6.7272247134106322E-03 a       914     0    46     1    14
  3.1810523279423042E-01 a       915     0    46     1    15
 -3.0755087971358619E-03 a       916     0    46     1    16
  1.4529611262082198E-01 a       917     0    46     1    17
 -3.9923250725527581E-01 a       918     0    46     1    18
 -5.1485142398409053E-02 a       919     0    46     1    19
 -5.0980773488673086E-03 a       920     0    46     1    20
 -2.4239387265459225E-01 a       921     0    47     1     1
  1.3854014997767922E-02 a       922     0    47     1     2
  1.1247641432377543E-01 a       923     0    47     1     3
  2.0556983608157597E-01 a       924     0    47     1     4
  2.0976582372761826E-01 a       925     0    47     1     5
 -3.4590866788785139E-02 a       926     0    47     1     6
 -1.4106731159075345E-01 a       927     0    47     1     7
 -9.7722917334483753E-02 a       928     0    47     1     8
  1.4673040518858785E-01 a       929     0    47     1     9
  3.2814063570035734E-01 a       930     0    47     1    10
 -1.6363544474094105E-01 a       931     0    47     1    11
 -1.9457648054443338E-01 a       932     0    47     1    12
  5.3409657549978021E-02 a       933     0    47     1    13
  2.2246811257565063E-01 a       934     0    47     1    14
 -2.0246119239428281E-01 a       935     0    47     1    15
  1.0212400365027633E-02 a       936     0    47     1    16
 -2.0443402185037479E-01 a       937     0    47     1    17
 -1.2445588855866567E-01 a       938     0    47     1    18
 -3.1690009800362229E-01 a       939     0    47     1    19
 -2.0414873205533779E-01 a       940     0    47     1    20
  7.0620004249841287E-02 a       941     0    48     1     1
  8.0862214077664071E-02 a       942     0    48     1     2
 -1.7387674952479720E-01 a       943     0    48     1     3
  2.1000325397590267E-02 a       944     0    48     1     4
 -1.4806868645958046E-01 a       945     0    48     1     5
 -5.8150320414743446E-02 a       946     0    48     1     6
  9.6117098703788553E-02 a       947     0    48     1     7
 -8.4664800829592171E-02 a       948     0    48     1     8
 -1.4089388019716320E-01 a       949     0    48     1     9
  2.0609964116281654E-01 a       950     0    48     1    10
  8.2125805863468876E-02 a       951     0    48     1    11
  1.8870795626841139E-01 a       952     0    48     1    12
 -7.4898472658656179E-02 a       953     0    48     1    13
  5.2194325826277803E-02 a       954     0    48     1    14
  2.1433676026191659E-02 a       955     0    48     1    15
  2.0684631061577055E-01 a       956     0    48     1    16
 -6.4833868747079845E-02 a       957     0    48     1    17
  1.3038232760849600E-01 a       958     0    48     1    18
  9.0478374830974734E-02 a       959     0    48     1    19
 -7.9845140008921109E-02 a       960     0    48     1    20
 -2.4338655679035107E-01 a       961     0    49     1     1
  1.7674610739266497E-01 a       962     0    49     1     2
 -9.9779363743498481E-02 a       963     0    49     1     3
  6.3871333603999147E-05 a       964     0    49     1     4
  1.1714031209942667E-01 a       965     0    49     1     5
 -1.9775895087634096E-01 a       966     0    49     1     6
  4.8509555861518908E-02 a       967     0    49     1     7
  1.2830176753333397E-01 a       968     0    49     1     8
 -4.7750519471586345E-02 a       969     0    49     1     9
  4.9528206202408595E-02 a       970     0    49     1    10
  7.6310408739565100E-02 a       971     0    49     1    11
  1.2703738728069030E-02 a       972     0    49     1    12
 -8.9588789082779008E-02 a       973     0    49     1    13
  2.5009880974205895E-01 a       974     0    49     1    14
  2.9861863678256861E-01 a       975     0    49     1    15
  2.3965326373432913E-01 a       976     0    49     1    16
 -1.1415181266764890E-02 a       977     0    49     1    17
 -4.7431384711334602E-02 a       978     0    49     1    18
 -2.1623935432221918E-02 a       979     0    49     1    19
  1.5746630445822155E-01 a       980     0    49     1    20
  1.3203521900791876E-01 a       981     0    50     1     1
 -1.4737614626981424E-01 a       982     0    50     1     2
 -2.0735546765403240E-01 a       983     0    50     1     3
  3.1551854009433514E-02 a       984     0    50     1     4
  1.2217502378194797E-01 a       985     0    50     1     5
  1.1895896685390800E-01 a       986     0    50     1     6
  2.9834578026831343E-01 a       987     0    50     1     7
  1.2570690126724468E-01 a       988     0    50     1     8
 -1.1184786707641829E-01 a       989     0    50     1     9
 -3.1459182120561380E-01 a       990     0    50     1    10
 -2.2480444630945309E-02 a       991     0    50     1    11
 -7.1923398087802334E-02 a       992     0    50     1    12
  1.4183439325499880E-01 a       993     0    50     1    13
  3.3233713325920233E-01 a       994     0    50     1    14
 -2.9246851740961172E-01 a       995     0    50     1    15
  1.7209575726371490E-01 a       996     0    50     1    16
 -4.6751658787572641E-02 a       997     0    50     1    17
  1.1749407391766260E-01 a       998     0    50     1    18
 -3.2048292078586726E-02 a       999     0    50     1    19
  1.5614846153682155E-01 a      1000     0    50     1    20
  1.8296325674927058E-01 b      1001     1     1
 -1.3666959923609856E+00 b      1002     1     2
  1.2798060703070600E+00 b      1003     1     3
  8.4697811131278899E-01 b      1004     1     4
 -1.4922743355176940E+00 b      1005     1     5
  9.7150903697259705E-01 b      1006     1     6
 -1.1864630722274880E-01 b      1007     1     7
 -9.5310348791202293E-01 b      1008     1     8
 -1.0872493392197493E+00 b      1009     1     9
 -1.3835426586702364E+00 b      1010     1    10
  8.7931357260242182E-01 b      1011     1    11
 -1.2937024963544625E+00 b      1012     1    12
 -1.1718195243968392E+00 b      1013     1    13
  7.5329032930880913E-01 b      1014     1    14
  7.4958571495147086E-01 b      1015     1    15
  2.6807020371877210E-01 b      1016     1    16
  4.6036625504605672E-01 b      1017     1    17
 -8.5811919931440361E-01 b      1018     1    18
 -5.2042598616591240E-01 b      1019     1    19
 -9.5392505667914673E-01 b      1020     1    20
  5.5579156238536298E-01 a      1021     1     1     2     1
  4.5926643159201830E-01 a      1022     1     1     2     2
  9.8282523206161439E-03 a      1023     1     1     2     3
 -3.0623783915864067E-01 a      1024     1     1     2     4
  4.5161542809122085E-01 a      1025     1     1     2     5
  5.5292643983849410E-01 a      1026     1     1     2     6
  5.5637267942337483E-02 a      1027     1     1     2     7
 -5.8464816956629206E-01 a      1028     1     1     2     8
  4.8116543265990286E-01 a      1029     1     1     2     9
  9.1190335273072132E-02 a      1030     1     1     2    10
  2.3870272254474748E-01 a      1031     1     1     2    11
 -1.4420304496307696E-02 a      1032     1     1     2    12
 -5.1756795944200018E-01 a      1033     1     1     2    13
 -4.8428643882196254E-01 a      1034     1     1     2    14
 -2.4679118018750248E-01 a      1035     1     1     2    15
 -1.6560671321285758E-01 a      1036     1     1     2    16
  5.0584560254731525E-01 a      1037     1     1     2    17
 -2.8663225728675179E-01 a      1038     1     1     2    18
 -6.4012586014384121E-01 a      1039     1     1     2    19
 -4.6030126334538851E-01 a      1040     1     1     2    20
 -4.2542926581902551E-01 a      1041     1     2     2     1
  4.4610938287600949E-01 a      1042     1     2     2     2
 -5.8538987386398422E-01 a      1043     1     2     2     3
 -4.2662995201399190E-01 a      1044     1     2     2     4
  2.5309665761206646E-01 a      1045     1     2     2     5
 -1.8635993140386320E-01 a      1046     1     2     2     6
  4.5254142443648510E-01 a      1047     1     2     2     7
 -1.3236304745104502E-01 a      1048     1     2     2     8
 -2.2242536181867145E-01 a      1049     1     2     2     9
 -9.4648001583564276E-02 a      1050     1     2     2    10
  4.1962450362723097E-01 a      1051     1     2     2    11
 -5.5322381424484912E-01 a      1052     1     2     2    12
 -3.2894151060500232E-01 a      1053     1     2     2    13
  6.3859156625153035E-01 a      1054     1     2     2    14
 -1.4995814121753595E-01 a      1055     1     2     2    15
 -1.4554544059668809E-01 a      1056     1     2     2    16
  6.3889083543389469E-01 a      1057     1     2     2    17
  3.6111896887416034E-01 a      1058     1     2     2    18
 -5.2269098748625609E-01 a      1059     1     2     2    19
 -3.3432667725722237E-01 a      1060     1     2     2    20
  2.7326961352719073E-02 a      1061     1     3     2     1
  1.7047857593975990E-01 a      1062     1     3     2     2
  5.5446407995038116E-01 a      1063     1     3     2     3
  1.6362035062083824E-01 a      1064     1     3     2     4
  6.0298978886825083E-01 a      1065     1     3     2     5
 -2.6788029613360798E-01 a      1066     1     3     2     6
  2.1331503683270470E-01 a      1067     1     3     2     7
  6.4238287272096006E-01 a      1068     1     3     2     8
  6.7439411044447978E-02 a      1069     1     3     2     9
 -5.6894590701224745E-01 a      1070     1     3     2    10
  2.1159884787791175E-01 a      1071     1     3     2    11
  8.5412574221420720E-02 a      1072     1     3     2    12
  4.8788108377399803E-01 a      1073     1     3     2    13
 -1.3379138802030316E-01 a      1074     1     3     2    14
 -2.5158815389662426E-01 a      1075     1     3     2    15
  1.5119164694660536E-01 a      1076     1     3     2    16
 -3.3663129592692687E-01 a      1077     1     3     2    17
  2.7171273114869887E-01 a      1078     1     3     2    18
 -2.3711390821304437E-01 a      1079     1     3     2    19
 -1.0373371162641465E-01 a      1080     1     3     2    20
 -3.2582967351804448E-01 a      1081     1     4     2     1
  1.3377855432350483E-01 a      1082     1     4     2     2
  1.0887715861220910E-01 a      1083     1     4     2     3
  4.9527212393603456E-02 a      1084     1     4     2     4
 -7.6420490910242642E-03 a      1085     1     4     2     5
  3.5800670821281405E-01 a      1086     1     4     2     6
 -8.9889330042716015E-02 a      1087     1     4     2     7
  3.9863295501107641E-02 a      1088     1     4     2     8
 -6.8880495439555878E-01 a      1089     1     4     2     9
 -1.3751533355696555E-01 a      1090     1     4     2    10
 -3.6028707502952306E-01 a      1091     1     4     2    11
 -1.3896049808606301E-01 a      1092     1     4     2    12
  1.5958860738747468E-02 a      1093     1     4     2    13
  2.9804234088546072E-01 a      1094     1     4     2    14
  5.8008370839303636E-01 a      1095     1     4     2    15
 -1.0472060223833252E-01 a      1096     1     4     2    16
  2.2689540185491436E-01 a      1097     1     4     2    17
 -2.6727248315199834E-02 a      1098     1     4     2    18
 -8.3999879772887961E-03 a      1099     1     4     2    19
 -1.1576832504217605E-01 a      1100     1     4     2    20
 -3.1117129892937428E-01 a      1101     1     5     2     1
 -1.8478912328254819E-02 a      1102     1     5     2     2
 -1.9174503977928392E-01 a      1103     1     5     2     3
  1.2039247841272498E-01 a      1104     1     5     2     4
 -5.9638279127443772E-01 a      1105     1     5     2     5
 -4.9708779779066625E-01 a      1106     1     5     2     6
 -3.6514613645037813E-01 a      1107     1     5     2     7
 -5.6973323923820829E-01 a      1108     1     5     2     8
  4.0938754239990727E-01 a      1109     1     5     2     9
  2.0766692594900626E-01 a      1110     1     5     2    10
 -2.6747077409798481E-01 a      1111     1     5     2    11
 -3.9394976451322777E-01 a      1112     1     5     2    12
  4.1973340714177970E-01 a      1113     1     5     2    13
  1.6032413682948572E-02 a      1114     1     5     2    14
  3.3309291630028837E-01 a      1115     1     5     2    15
  8.7534521885253708E-02 a      1116     1     5     2    16
 -2.8124378245861387E-01 a      1117     1     5     2    17
 -6.0583166544390821E-01 a      1118     1     5     2    18
  4.4050337142050006E-01 a      1119     1     5     2    19
 -2.7504609507134919E-01 a      1120     1     5     2    20
 -1.8627925663510120E-01 a      1121     1     6     2     1
  1.4268129398052087E-01 a      1122     1     6     2     2
  6.1115778368111184E-01 a      1123     1     6     2     3
 -1.5466875423934731E-01 a      1124     1     6     2     4
 -7.0564961404745452E-01 a      1125     1     6     2     5
  3.1607435966849368E-01 a      1126     1     6     2     6
  2.8847376890892951E-01 a      1127     1     6     2     7
 -4.2658232773419846E-01 a      1128     1     6     2     8
 -1.7609110510784790E-01 a      1129     1     6     2     9
  3.0300604905878381E-01 a      1130     1     6     2    10
 -5.6009504678727706E-01 a      1131     1     6     2    11
  2.6212240256765529E-01 a      1132     1     6     2    12
 -4.3785742613459344E-01 a      1133     1     6     2    13
 -3.1258844004736425E-01 a      1134     1     6     2    14
 -5.9298040001794960E-01 a      1135     1     6     2    15
 -1.3647440805218777E-01 a      1136     1     6     2    16
 -1.5482604650665460E-01 a      1137     1     6     2    17
  5.1905025874330002E-01 a      1138     1     6     2    18
 -1.7988553446161254E-01 a      1139     1     6     2    19
 -3.4941908510314562E-01 a      1140     1     6     2    20
  5.5130334744800003E-01 a      1141     1     7     2     1
 -3.9419618048633948E-01 a      1142     1     7     2     2
 -2.4276422969713918E-01 a      1143     1     7     2     3
 -3.4526943173692215E-01 a      1144     1     7     2     4
  9.4552081195392462E-02 a      1145     1     7     2     5
  5.3623025208258468E-01 a      1146     1     7     2     6
  4.3508873982929919E-01 a      1147     1     7     2     7
 -9.5527401386275385E-02 a      1148     1     7     2     8
  8.3493450499983832E-03 a      1149     1     7     2     9
 -4.7017007471822758E-01 a      1150     1     7     2    10
 -4.4498891837239811E-02 a      1151     1     7     2    11
 -4.0641455296304785E-01 a      1152     1     7     2    12
 -8.3745591732828112E-02 a      1153     1     7     2    13
  1.5504078532490784E-01 a      1154     1     7     2    14
  1.4898333529794591E-01 a      1155     1     7     2    15
  2.4348593179086364E-01 a      1156     1     7     2    16
  2.3859568652324317E-01 a      1157     1     7     2    17
 -4.8383918243750196E-01 a      1158     1     7     2    18
 -4.1778764590559259E-01 a      1159     1     7     2    19
 -6.6788162980667143E-02 a      1160     1     7     2    20
 -2.7897618039648400E-03 a      1161     1     8     2     1
  2.5913359477475895E-01 a      1162     1     8     2     2
 -3.4262090297868103E-01 a      1163     1     8     2     3
 -9.9905771519675210E-02 a      1164     1     8     2     4
 -6.5688661251042124E-01 a      1165     1     8     2     5
 -4.7206854536498416E-01 a      1166     1     8     2     6
 -5.3129679140542374E-01 a      1167     1     8     2     7
  4.2440455165003060E-01 a      1168     1     8     2     8
  3.8878447968327556E-01 a      1169     1     8     2     9
 -3.1581201567467820E-01 a      1170     1     8     2    10
  4.5110140394040116E-01 a      1171     1     8     2    11
  4.0414081446005984E-01 a      1172     1     8     2    12
 -4.5680436210516639E-01 a      1173     1     8     2    13
 -3.3837614839625552E-01 a      1174     1     8     2    14
 -3.1563719778441225E-02 a      1175     1     8     2    15
 -1.9423174929028484E-02 a      1176     1     8     2    16
 -3.4284631596500936E-01 a      1177     1     8     2    17
  6.5469527177474551E-01 a      1178     1     8     2    18
  1.8200403825859157E-01 a      1179     1     8     2    19
  2.7210707378457588E-01 a      1180     1     8     2    20
 -4.7927179489411337E-01 a      1181     1     9     2     1
 -2.3435261517164857E-01 a      1182     1     9     2     2
  3.2931927317607407E-01 a      1183     1     9     2     3
  1.1960330375124696E-01 a      1184     1     9     2     4
 -1.2390494550470073E-01 a      1185     1     9     2     5
  2.4996900965795787E-01 a      1186     1     9     2     6
 -5.4816441974593157E-02 a      1187     1     9     2     7
  5.9405860187249561E-02 a      1188     1     9     2     8
 -1.7147899052368062E-01 a      1189     1     9     2     9
  8.2775803274226817E-02 a      1190     1     9     2    10
  1.9079097226028052E-01 a      1191     1     9     2    11
  2.9115831695167953E-02 a      1192     1     9     2    12
 -5.2916667044414034E-01 a      1193     1     9     2    13
 -2.2215385207824848E-01 a      1194     1     9     2    14
  8.6713424763971730E-02 a      1195     1     9     2    15
 -5.8811169727423529E-01 a      1196     1     9     2    16
 -2.2557952786195663E-02 a      1197     1     9     2    17
 -1.0339333518787868E-02 a      1198     1     9     2    18
  4.0278954797844024E-01 a      1199     1     9     2    19
 -4.4495094802888058E-01 a      1200     1     9     2    20
 -4.6295944100146574E-01 a      1201     1    10     2     1
 -5.1363684478175087E-01 a      1202     1    10     2     2
  2.5248076266131131E-01 a      1203     1    10     2     3
 -5.3248696358457692E-01 a      1204     1    10     2     4
  6.7574436770282617E-03 a      1205     1    10     2     5
  4.1127010286867960E-01 a      1206     1    10     2     6
  1.9874532419102109E-01 a      1207     1    10     2     7
  1.9550991906376586E-01 a      1208     1    10     2     8
  4.2967783408288651E-01 a      1209     1    10     2     9
  6.2113921318904398E-02 a      1210     1    10     2    10
  2.5279635279019480E-01 a      1211     1    10     2    11
  2.2603120868047438E-01 a      1212     1    10     2    12
 -2.0296740373352543E-01 a      1213     1    10     2    13
 -4.5223106672319169E-01 a      1214     1    10     2    14
 -2.5404483121780091E-01 a      1215     1    10     2    15
  4.3386576982273267E-01 a      1216     1    10     2    16
 -3.8455002302546976E-01 a      1217     1    10     2    17
  2.4504232597721835E-02 a      1218     1    10     2    18
 -1.9682798896161907E-01 a      1219     1    10     2    19
  9.6350952763081921E-02 a      1220     1    10     2    20
  6.1832709129261844E-02 a      1221     1    11     2     1
  5.0618174012499695E-01 a      1222     1    11     2     2
 -4.6168244292171812E-01 a      1223     1    11     2     3
 -4.6941284498773639E-01 a      1224     1    11     2     4
 -7.7790441477772476E-01 a      1225     1    11     2     5
 -2.6256848947988298E-01 a      1226     1    11     2     6
 -1.2570266661301738E-01 a      1227     1    11     2     7
  3.0902947016142429E-01 a      1228     1    11     2     8
  3.4621395557501145E-01 a      1229     1    11     2     9
 -4.5099759544045936E-01 a      1230     1    11     2    10
 -4.3366238470252050E-01 a      1231     1    11     2    11
 -1.3914008308268244E-01 a      1232     1    11     2    12
 -5.6051258142235971E-01 a      1233     1    11     2    13
 -5.0554481171090467E-02 a      1234     1    11     2    14
  2.4703575550188409E-01 a      1235     1    11     2    15
 -5.0794690460280609E-02 a      1236     1    11     2    16
  3.7996306483234926E-01 a      1237     1    11     2    17
  1.8124457043152187E-01 a      1238     1    11     2    18
  4.8394749667524645E-01 a      1239     1    11     2    19
  3.4051913447740395E-01 a      1240     1    11     2    20
  2.2315640976471909E-01 a      1241     1    12     2     1
  2.5416618024699478E-01 a      1242     1    12     2     2
  6.4797960290826559E-02 a      1243     1    12     2     3
 -2.6235333559789209E-01 a      1244     1    12     2     4
 -4.3855191722330927E-01 a      1245     1    12     2     5
 -3.2089914219267623E-01 a      1246     1    12     2     6
 -3.6123273117271607E-02 a      1247     1    12     2     7
 -1.8742435220395101E-01 a      1248     1    12     2     8
 -1.0709974292302982E-01 a      1249     1    12     2     9
  6.1728049198917556E-01 a      1250     1    12     2    10
  3.2203848754394282E-01 a      1251     1    12     2    11
 -2.9249481411828288E-01 a      1252     1    12     2    12
 -1.9976907782162609E-01 a      1253     1    12     2    13
 -2.5153894594095300E-01 a      1254     1    12     2    14
  3.9804137126297134E-01 a      1255     1    12     2    15
  5.6382034295697925E-01 a      1256     1    12     2    16
  2.3952372451906720E-01 a      1257     1    12     2    17
  6.9896913695777596E-01 a      1258     1    12     2    18
 -1.7148110390146512E-01 a      1259     1    12     2    19
  2.8299608257331271E-01 a      1260     1    12     2    20
 -5.7462838168649746E-03 a      1261     1    13     2     1
 -8.9780982929325681E-02 a      1262     1    13     2     2
 -1.6629367889538627E-01 a      1263     1    13     2     3
 -9.3755307006320260E-02 a      1264     1    13     2     4
  1.6821807143188993E-02 a      1265     1    13     2     5
 -3.6614397740121379E-01 a      1266     1    13     2     6
 -3.6325139175316234E-01 a      1267     1    13     2     7
 -7.6128680393008893E-02 a      1268     1    13     2     8
 -1.9658142284543945E-01 a      1269     1    13     2     9
 -4.3529933100840246E-01 a      1270     1    13     2    10
 -3.8956515072955661E-01 a      1271     1    13     2    11
 -8.5242255472117334E-02 a      1272     1    13     2    12
  1.5092435076038732E-02 a      1273     1    13     2    13
  2.7012623697779119E-02 a      1274     1    13     2    14
  2.9846373664943116E-01 a      1275     1    13     2    15
  5.4687759371455302E-01 a      1276     1    13     2    16
  2.1315855071103706E-01 a      1277     1    13     2    17
  2.8350540893332832E-01 a      1278     1    13     2    18
  3.9217078383595044E-01 a      1279     1    13     2    19
  3.6258078562822510E-02 a      1280     1    13     2    20
 -6.1614709725840267E-01 a      1281     1    14     2     1
  5.7063757314099750E-01 a      1282     1    14     2     2
  4.2210316279366007E-02 a      1283     1    14     2     3
 -7.0636746790604388E-01 a      1284     1    14     2     4
  3.5432496615693337E-02 a      1285     1    14     2     5
  4.2894470814696189E-01 a      1286     1    14     2     6
  4.3915923963489401E-01 a      1287     1    14     2     7
  4.4814591600967441E-01 a      1288     1    14     2     8
  3.1204543845735011E-01 a      1289     1    14     2     9
  4.0379187412000483E-01 a      1290     1    14     2    10
 -8.7501723386133837E-02 a      1291     1    14     2    11
 -2.9891055823995333E-01 a      1292     1    14     2    12
 -1.9915892597303378E-01 a      1293     1    14     2    13
  6.2863601530953594E-01 a      1294     1    14     2    14
  6.2041836655088645E-01 a      1295     1    14     2    15
  1.4112549487687745E-01 a      1296     1    14     2    16
  4.7396403585624636E-01 a      1297     1    14     2    17
 -1.4398096281481909E-01 a      1298     1    14     2    18
  4.7575791535679979E-01 a      1299     1    14     2    19
  3.5600609993763616E-01 a      1300     1    14     2    20
  3.7327580070116534E-01 a      1301     1    15     2     1
  2.8260574074071350E-02 a      1302     1    15     2     2
  2.9747767075119164E-01 a      1303     1    15     2     3
 -4.4043736048648852E-01 a      1304     1    15     2     4
 -1.7330837511042415E-02 a      1305     1    15     2     5
  2.2111709380605128E-02 a      1306     1    15     2     6
  6.7587656297563359E-01 a      1307     1    15     2     7
 -5.2066278540101518E-01 a      1308     1    15     2     8
  4.6139862030507500E-01 a      1309     1    15     2     9
 -1.4733243255548846E-02 a      1310     1    15     2    10
 -1.8439104625502714E-01 a      1311     1    15     2    11
 -4.1906397172681642E-01 a      1312     1    15     2    12
  2.8662800970938530E-02 a      1313     1    15     2    13
  3.5361128837445960E-01 a      1314     1    15     2    14
 -3.8476341696759320E-01 a      1315     1    15     2    15
 -3.6191913829169342E-01 a      1316     1    15     2    16
 -1.1971056437427179E-01 a      1317     1    15     2    17
 -4.5255131419299315E-02 a      1318     1    15     2    18
 -3.2479553375330292E-03 a      1319     1    15     2    19
 -5.5952235531018235E-01 a      1320     1    15     2    20
  2.0400642884804998E-01 a      1321     1    16     2     1
  2.5089395703292988E-01 a      1322     1    16     2     2
 -2.1871623571027557E-01 a      1323     1    16     2     3
  1.4085037618090651E-01 a      1324     1    16     2     4
  1.5907030172682524E-01 a      1325     1    16     2     5
 -9.6825712660932248E-02 a      1326     1    16     2     6
 -5.6024974509658143E-01 a      1327     1    16     2     7
 -2.2854539762668361E-01 a      1328     1    16     2     8
 -1.9901802556328618E-01 a      1329     1    16     2     9
  5.6586903560108814E-01 a      1330     1    16     2    10
 -5.9416488100437159E-01 a      1331     1    16     2    11
  4.0508423306382418E-01 a      1332     1    16     2    12
  3.9821265493730905E-02 a      1333     1    16     2    13
 -3.7650625103316759E-01 a      1334     1    16     2    14
 -2.5467248355356809E-01 a      1335     1    16     2    15
  5.7612475536773655E-01 a      1336     1    16     2    16
 -8.2531233460516634E-02 a      1337     1    16     2    17
  3.0328024571533513E-01 a      1338     1    16     2    18
 -4.2635040233199928E-01 a      1339     1    16     2    19
  1.1945249826713711E-01 a      1340     1    16     2    20
 -1.6790230490918348E-01 a      1341     1    17     2     1
 -1.5430889926211927E-03 a      1342     1    17     2     2
  3.7828520024186613E-01 a      1343     1    17     2     3
  4.8482055605411567E-01 a      1344     1    17     2     4
 -2.2977476524734136E-01 a      1345     1    17     2     5
  5.0730397324268572E-01 a      1346     1    17     2     6
  5.1166515662459355E-01 a      1347     1    17     2     7
  3.3257135239123910E-03 a      1348     1    17     2     8
  5.2688445972089248E-01 a      1349     1    17     2     9
 -1.7507352481482952E-01 a      1350     1    17     2    10
  5.6358812031387284E-01 a      1351     1    17     2    11
  2.2326745560741573E-01 a      1352     1    17     2    12
 -4.7766588259126613E-01 a      1353     1    17     2    13
  6.5576396717794971E-01 a      1354     1    17     2    14
  1.8357280942041098E-02 a      1355     1    17     2    15
 -3.2513841161365964E-01 a      1356     1    17     2    16
  2.5594191291437807E-01 a      1357     1    17     2    17
 -2.5009730469735791E-01 a      1358     1    17     2    18
 -3.2087883084111098E-02 a      1359     1    17     2    19
 -4.3071409959776663E-01 a      1360     1    17     2    20
  9.8496985167235679E-02 a      1361     1    18     2     1
  2.2350863074405200E-01 a      1362     1    18     2     2
  4.4845337731998641E-01 a      1363     1    18     2     3
  3.4453055388202869E-02 a      1364     1    18     2     4
  2.4111098156376903E-01 a      1365     1    18     2     5
  3.3801027356676905E-01 a      1366     1    18     2     6
 -6.9076111150170039E-02 a      1367     1    18     2     7
 -2.2251051818656797E-01 a      1368     1    18     2     8
  4.0820524261623475E-01 a      1369     1    18     2     9
 -2.5946100651435322E-01 a      1370     1    18     2    10
  5.0853131979405219E-01 a      1371     1    18     2    11
  6.2281069362953329E-02 a      1372     1    18     2    12
  2.5896482652536917E-01 a      1373     1    18     2    13
 -1.2539863978051788E-01 a      1374     1    18     2    14
 -4.8094565504788711E-01 a      1375     1    18     2    15
  5.6830003263739437E-01 a      1376     1    18     2    16
 -2.3017483784697695E-01 a      1377     1    18     2    17
 -2.6461209632446253E-01 a      1378     1    18     2    18
  5.9217014168523054E-04 a      1379     1    18     2    19
 -2.3981708105766667E-02 a      1380     1    18     2    20
  5.8235370808677123E-01 a      1381     1    19     2     1
 -6.6109834154585856E-01 a      1382     1    19     2     2
 -1.6218818733927981E-01 a      1383     1    19     2     3
 -1.1243375381971620E-01 a      1384     1    19     2     4
  4.6495977022427820E-01 a      1385     1    19     2     5
  2.9485784906406587E-01 a      1386     1    19     2     6
 -3.3396875101012008E-01 a      1387     1    19     2     7
 -4.4772452634996229E-01 a      1388     1    19     2     8
 -2.1254445642623596E-01 a      1389     1    19     2     9
 -3.1304682209252482E-01 a      1390     1    19     2    10
 -3.6506153336196157E-01 a      1391     1    19     2    11
 -4.1829995251423578E-02 a      1392     1    19     2    12
 -9.3862099989251019E-02 a      1393     1    19     2    13
 -3.4676694455481560E-01 a      1394     1    19     2    14
  2.7938971293882531E-01 a      1395     1    19     2    15
  6.9759825374180628E-01 a      1396     1    19     2    16
 -1.6222211384279808E-01 a      1397     1    19     2    17
  1.7220857763157466E-01 a      1398     1    19     2    18
  6.2062677055704774E-01 a      1399     1    19     2    19
 -8.4471481639767254E-02 a      1400     1    19     2    20
  4.4415928577252822E-01 a      1401     1    20     2     1
  4.1872860093150222E-01 a      1402     1    20     2     2
  6.0728251303131275E-01 a      1403     1    20     2     3
 -7.5002620579330326E-01 a      1404     1    20     2     4
  4.7728293401988484E-03 a      1405     1    20     2     5
 -2.5998155782642646E-01 a      1406     1    20     2     6
  3.1433877147595812E-01 a      1407     1    20     2     7
  1.3764754273341456E-01 a      1408     1    20     2     8
  6.4097620996240279E-01 a      1409     1    20     2     9
  4.5523978221587214E-01 a      1410     1    20     2    10
  1.5377790597348848E-01 a      1411     1    20     2    11
  2.2411892603991346E-01 a      1412     1    20     2    12
  3.9198071983100707E-01 a      1413     1    20     2    13
 -1.0338192052153938E-01 a      1414     1    20     2    14
 -4.0098258669092751E-01 a      1415     1    20     2    15
  5.0204991043578595E-01 a      1416     1    20     2    16
 -3.8043249068391133E-01 a      1417     1    20     2    17
 -2.2600667442350697E-01 a      1418     1    20     2    18
  4.4043027000512286E-01 a      1419     1    20     2    19
  4.2723340921090802E-01 a      1420     1    20     2    20
  3.5741506726953293E-01 b      1421     2     1
 -4.1744751035639122E-01 b      1422     2     2
  6.5644533987562415E-01 b      1423     2     3
 -9.7855278608980556E-01 b      1424     2     4
 -5.3581886937075440E-01 b      1425     2     5
  1.0497232948486799E+00 b      1426     2     6
 -1.4713705844988305E+00 b      1427     2     7
  1.6058076935379266E+00 b      1428     2     8
 -7.4764047952014245E-01 b      1429     2     9
 -9.3283409053275845E-01 b      1430     2    10
 -5.0294544823872045E-01 b      1431     2    11
 -1.0446226510482564E+00 b      1432     2    12
  5.1032254482258432E-01 b      1433     2    13
  2.2536319684617423E-01 b      1434     2    14
  7.2527174712750803E-02 b      1435     2    15
 -7.4005572449822576E-01 b      1436     2    16
 -1.5306613062506267E+00 b      1437     2    17
 -1.5658338764441229E+00 b      1438     2    18
 -1.0838948371100592E+00 b      1439     2    19
  1.0438499830166694E+00 b      1440     2    20
  7.0255634713807746E-02 a      1441     2     1     3     1
  1.8250178311864398E-01 a      1442     2     2     3     1
 -1.0216953595537217E+00 a      1443     2     3     3     1
 -2.2402512394153171E-01 a      1444     2     4     3     1
  6.7030158234137119E-02 a      1445     2     5     3     1
 -6.0428506175786989E-01 a      1446     2     6     3     1
  2.0493737886638413E-01 a      1447     2     7     3     1
 -6.3211511338495197E-01 a      1448     2     8     3     1
  4.6669740615959721E-01 a      1449     2     9     3     1
  1.0381653123807673E-01 a      1450     2    10     3     1
  1.0341248398772014E+00 a      1451     2    11     3     1
  1.2832234783202192E+00 a      1452     2    12     3     1
  2.7698683886464276E-01 a      1453     2    13     3     1
 -5.9758317990170517E-01 a      1454     2    14     3     1
  3.0287753249211868E-01 a      1455     2    15     3     1
  5.0735349929474205E-01 a      1456     2    16     3     1
  4.6926223627130415E-01 a      1457     2    17     3     1
 -3.5558392126356109E-01 a      1458     2    18     3     1
  1.8305709610317100E-01 a      1459     2    19     3     1
 -7.6162049121558928E-01 a      1460     2    20     3     1
  1.6459467437004122E-01 b      1461     3     1
