################################################################################
# Neural network connection values (weights and biases).
################################################################################
# Col  Name       Description
################################################################################
# 1    connection Neural network connection value.
# 2    t          Connection type (a = weight, b = bias).
# 3    index      Index enumerating weights.
# 4    l_s        Starting point layer (end point layer for biases).
# 5    n_s        Starting point neuron in starting layer (end point neuron for biases).
# 6    l_e        End point layer.
# 7    n_e        End point neuron in end layer.
################################################################################
#                      1 2         3     4     5     6     7
#             connection t     index   l_s   n_s   l_e   n_e
############################################################
 -1.3169632926679276E-01 a         1     0     1     1     1
  1.1883126812800328E-02 a         2     0     1     1     2
  2.0819103285225438E-01 a         3     0     1     1     3
 -8.6143109395077674E-02 a         4     0     1     1     4
  2.0812271377093397E-01 a         5     0     1     1     5
  7.9448431108951251E-02 a         6     0     1     1     6
 -1.1533236633245636E-01 a         7     0     1     1     7
 -7.0244895256402637E-02 a         8     0     1     1     8
 -2.3823872851387543E-01 a         9     0     1     1     9
  9.7235443147937514E-02 a        10     0     1     1    10
 -1.8400309019276022E-02 a        11     0     1     1    11
  1.0527839050892933E-01 a        12     0     1     1    12
  1.8069404143675757E-01 a        13     0     1     1    13
  3.0100845145151867E-01 a        14     0     1     1    14
 -1.4610808931284752E-01 a        15     0     1     1    15
  3.5246174328869939E-01 a        16     0     1     1    16
  1.4004123771042315E-01 a        17     0     1     1    17
 -7.9545690435645577E-02 a        18     0     1     1    18
 -6.3020320444237041E-02 a        19     0     1     1    19
  1.1921933536566867E-01 a        20     0     1     1    20
  1.4224998533972025E-01 a        21     0     2     1     1
  1.8558473774958265E-01 a        22     0     2     1     2
 -2.2509387767834710E-01 a        23     0     2     1     3
 -1.4274115082069039E-01 a        24     0     2     1     4
 -3.0911791463175892E-01 a        25     0     2     1     5
 -1.4378728539533381E-01 a        26     0     2     1     6
  1.0149136411334191E-01 a        27     0     2     1     7
  5.4526259874632645E-02 a        28     0     2     1     8
  6.6300208273196515E-03 a        29     0     2     1     9
 -1.4171659554182806E-01 a        30     0     2     1    10
 -2.3875979151839444E-01 a        31     0     2     1    11
  2.3038735906243843E-01 a        32     0     2     1    12
  1.0388490514233965E-03 a        33     0     2     1    13
 -1.8768187440619574E-01 a        34     0     2     1    14
 -2.0457082440893984E-01 a        35     0     2     1    15
  4.8733120221805315E-02 a        36     0     2     1    16
  1.0383132242246237E-01 a        37     0     2     1    17
  2.7693812253649780E-01 a        38     0     2     1    18
  8.7762534283949034E-02 a        39     0     2     1    19
 -1.0723701382222380E-01 a        40     0     2     1    20
  1.4255034828361490E-01 a        41     0     3     1     1
 -3.0557783992532350E-01 a        42     0     3     1     2
 -8.1556633259504560E-02 a        43     0     3     1     3
 -7.8177924957934158E-02 a        44     0     3     1     4
 -2.5031556579379011E-01 a        45     0     3     1     5
  9.5348176632187198E-02 a        46     0     3     1     6
 -1.3441132338845252E-01 a        47     0     3     1     7
 -1.0342744771775188E-01 a        48     0     3     1     8
 -1.3099785656624910E-01 a        49     0     3     1     9
 -2.0879368408335183E-01 a        50     0     3     1    10
 -2.1159377179221819E-01 a        51     0     3     1    11
  3.8016611667441558E-01 a        52     0     3     1    12
  1.6962075212923669E-01 a        53     0     3     1    13
  8.0654695843599220E-03 a        54     0     3     1    14
  2.0166463099546564E-01 a        55     0     3     1    15
  2.3415675144769640E-01 a        56     0     3     1    16
  5.8676397634343645E-02 a        57     0     3     1    17
  1.8436221138885950E-01 a        58     0     3     1    18
 -1.1735650344590300E-01 a        59     0     3     1    19
 -3.2488939406140074E-02 a        60     0     3     1    20
  2.6501052059096297E-01 a        61     0     4     1     1
  2.1933532057319020E-02 a        62     0     4     1     2
 -3.3741946308190895E-01 a        63     0     4     1     3
  9.8512181611244212E-02 a        64     0     4     1     4
 -2.2126785958286407E-01 a        65     0     4     1     5
 -2.4837694548780606E-01 a        66     0     4     1     6
  2.2500157461017528E-01 a        67     0     4     1     7
 -2.1028857468024989E-01 a        68     0     4     1     8
 -2.0332017249243936E-01 a        69     0     4     1     9
  3.6421741158539461E-01 a        70     0     4     1    10
  1.0811523565158938E-01 a        71     0     4     1    11
  4.2877433863719089E-02 a        72     0     4     1    12
  1.8654706661475609E-01 a        73     0     4     1    13
 -2.5489276456755172E-01 a        74     0     4     1    14
  2.7954595842891733E-01 a        75     0     4     1    15
 -2.8377249486488237E-01 a        76     0     4     1    16
  6.2678546377515545E-03 a        77     0     4     1    17
 -2.0366100504417595E-01 a        78     0     4     1    18
  2.4289352079688653E-01 a        79     0     4     1    19
 -1.4764591847666542E-01 a        80     0     4     1    20
 -2.6671635288228898E-02 a        81     0     5     1     1
 -3.8185767438762896E-01 a        82     0     5     1     2
  3.1206432256213362E-01 a        83     0     5     1     3
  1.8117986948275530E-01 a        84     0     5     1     4
 -1.4593944013030382E-02 a        85     0     5     1     5
  2.9379966351962428E-01 a        86     0     5     1     6
  2.2223935400426525E-01 a        87     0     5     1     7
 -1.1801041265366100E-01 a        88     0     5     1     8
 -1.7065743452311258E-01 a        89     0     5     1     9
 -1.6803220564107009E-05 a        90     0     5     1    10
  3.5194568800969256E-01 a        91     0     5     1    11
  2.8439439150603485E-01 a        92     0     5     1    12
  1.4627833579101324E-01 a        93     0     5     1    13
  5.5857897263793026E-02 a        94     0     5     1    14
  2.6886053322420017E-01 a        95     0     5     1    15
  2.9656521084240001E-01 a        96     0     5     1    16
 -6.2296245770420547E-02 a        97     0     5     1    17
  1.6479263640294683E-01 a        98     0     5     1    18
  7.5214839572312869E-02 a        99     0     5     1    19
  4.8636165290540531E-02 a       100     0     5     1    20
 -3.3896642937200766E-02 a       101     0     6     1     1
 -1.8843212756117103E-01 a       102     0     6     1     2
 -2.3616285706119924E-01 a       103     0     6     1     3
  3.2457902161250757E-01 a       104     0     6     1     4
 -1.9277824288339190E-01 a       105     0     6     1     5
  6.0751681988660468E-02 a       106     0     6     1     6
  2.7795063779746287E-01 a       107     0     6     1     7
 -2.4440747254956630E-01 a       108     0     6     1     8
  2.3675631327419253E-01 a       109     0     6     1     9
 -2.3572500700065291E-01 a       110     0     6     1    10
  7.1097295600438303E-03 a       111     0     6     1    11
 -1.8431265106930236E-01 a       112     0     6     1    12
  1.6931356135358616E-01 a       113     0     6     1    13
  8.7551249715477120E-02 a       114     0     6     1    14
  3.4097044528420872E-01 a       115     0     6     1    15
  1.7162442061589533E-01 a       116     0     6     1    16
 -3.1513040857766045E-01 a       117     0     6     1    17
  1.9478136390700138E-01 a       118     0     6     1    18
  3.4069271149982691E-02 a       119     0     6     1    19
 -1.1566835083427833E-01 a       120     0     6     1    20
 -2.8100428173912827E-03 a       121     0     7     1     1
  1.1979487072722494E-01 a       122     0     7     1     2
  5.3847445079553413E-02 a       123     0     7     1     3
  2.2838642070201273E-01 a       124     0     7     1     4
 -3.4650450749844597E-01 a       125     0     7     1     5
  2.6676235201241932E-01 a       126     0     7     1     6
 -2.6306665286437429E-02 a       127     0     7     1     7
 -1.0479831836304784E-01 a       128     0     7     1     8
  2.8071489109578723E-01 a       129     0     7     1     9
 -2.8265769436580990E-01 a       130     0     7     1    10
 -2.0055295655262459E-01 a       131     0     7     1    11
  1.3695501499721598E-02 a       132     0     7     1    12
  5.0478120534411475E-02 a       133     0     7     1    13
  1.7509877968242685E-01 a       134     0     7     1    14
  1.8777731923784871E-01 a       135     0     7     1    15
 -1.7858823448855590E-01 a       136     0     7     1    16
 -3.8059155575272313E-02 a       137     0     7     1    17
  1.0210540715187202E-01 a       138     0     7     1    18
 -9.2797815949137455E-02 a       139     0     7     1    19
 -8.8035619281376251E-02 a       140     0     7     1    20
  3.1907580757239157E-01 a       141     0     8     1     1
  2.5944139304726715E-01 a       142     0     8     1     2
  8.4917763356987530E-02 a       143     0     8     1     3
 -3.7836287647754950E-02 a       144     0     8     1     4
  2.7292640050367706E-01 a       145     0     8     1     5
 -5.9835492225341846E-02 a       146     0     8     1     6
 -4.1422764822329483E-02 a       147     0     8     1     7
  3.2267848712691155E-01 a       148     0     8     1     8
  2.7603294649029508E-01 a       149     0     8     1     9
  2.2383892721578189E-01 a       150     0     8     1    10
 -2.2321715397926312E-01 a       151     0     8     1    11
 -2.7160328651812071E-01 a       152     0     8     1    12
  6.4207864638329545E-02 a       153     0     8     1    13
  2.3392241188623827E-01 a       154     0     8     1    14
 -3.8937940522699466E-01 a       155     0     8     1    15
  1.5532262164320795E-01 a       156     0     8     1    16
 -2.1754352677232555E-01 a       157     0     8     1    17
  1.5436357225459124E-01 a       158     0     8     1    18
 -1.4931023624167034E-01 a       159     0     8     1    19
 -1.1054965005282032E-01 a       160     0     8     1    20
 -2.7888658996858029E-01 a       161     0     9     1     1
  1.6961691018167102E-01 a       162     0     9     1     2
  2.8548224277370271E-01 a       163     0     9     1     3
  6.3489469029568832E-03 a       164     0     9     1     4
 -1.4122110911004543E-01 a       165     0     9     1     5
 -1.1463883164325642E-01 a       166     0     9     1     6
  1.8902379615663219E-02 a       167     0     9     1     7
  2.9909189531090463E-01 a       168     0     9     1     8
  4.4860059059206529E-02 a       169     0     9     1     9
 -2.7910377858824026E-02 a       170     0     9     1    10
 -9.5907003639113711E-02 a       171     0     9     1    11
 -1.4796863595718260E-01 a       172     0     9     1    12
  2.0882876294610420E-01 a       173     0     9     1    13
  1.5832198803889094E-01 a       174     0     9     1    14
 -2.0893746637979022E-01 a       175     0     9     1    15
  1.2313705474941830E-01 a       176     0     9     1    16
  2.6217553504861157E-01 a       177     0     9     1    17
 -2.1594831139601067E-01 a       178     0     9     1    18
 -9.6474714663628794E-02 a       179     0     9     1    19
  3.6757191248600267E-02 a       180     0     9     1    20
  2.0816274298991208E-01 a       181     0    10     1     1
 -3.1039014119613328E-01 a       182     0    10     1     2
  4.5693389778765116E-02 a       183     0    10     1     3
 -2.5454938634009588E-01 a       184     0    10     1     4
 -8.0618169462084124E-02 a       185     0    10     1     5
 -2.5698127517770847E-01 a       186     0    10     1     6
  2.5843763452269075E-01 a       187     0    10     1     7
  2.4816831780254212E-01 a       188     0    10     1     8
  1.9256326499456489E-01 a       189     0    10     1     9
 -1.1540092286624730E-01 a       190     0    10     1    10
 -1.2006989553996253E-01 a       191     0    10     1    11
 -1.0918662470436677E-01 a       192     0    10     1    12
 -6.0621822374669544E-02 a       193     0    10     1    13
 -3.5636933072159338E-03 a       194     0    10     1    14
 -1.6125454156854035E-01 a       195     0    10     1    15
 -2.5294466200907550E-01 a       196     0    10     1    16
  1.1037645410320034E-03 a       197     0    10     1    17
 -1.3516320594016967E-01 a       198     0    10     1    18
  9.4569154362066157E-02 a       199     0    10     1    19
  1.8099995960682580E-01 a       200     0    10     1    20
 -8.2134431141147018E-02 a       201     0    11     1     1
  2.5063628210282923E-01 a       202     0    11     1     2
  7.8727709750537944E-02 a       203     0    11     1     3
  7.3172444479995380E-02 a       204     0    11     1     4
 -1.3582726621569643E-01 a       205     0    11     1     5
 -4.8026047262401672E-03 a       206     0    11     1     6
  1.3256459980385771E-01 a       207     0    11     1     7
  7.4296187359222096E-02 a       208     0    11     1     8
 -1.2975782841610381E-01 a       209     0    11     1     9
  2.7925220575579265E-02 a       210     0    11     1    10
 -2.6778105916437794E-02 a       211     0    11     1    11
  7.1147981386555495E-02 a       212     0    11     1    12
 -1.7198734693717660E-01 a       213     0    11     1    13
 -1.7215276533807292E-01 a       214     0    11     1    14
  2.1097551906813919E-01 a       215     0    11     1    15
 -3.5389828549569430E-02 a       216     0    11     1    16
  2.3523907054574758E-01 a       217     0    11     1    17
  1.0318423398713331E-01 a       218     0    11     1    18
  1.5315617922695651E-01 a       219     0    11     1    19
  1.2353684144355222E-01 a       220     0    11     1    20
  3.3738494467348418E-01 a       221     0    12     1     1
 -2.4149958718853795E-01 a       222     0    12     1     2
 -3.1073257394695197E-01 a       223     0    12     1     3
 -1.0755980590111675E-01 a       224     0    12     1     4
 -8.0540130825572320E-02 a       225     0    12     1     5
  2.2484333796078235E-01 a       226     0    12     1     6
 -3.4195277259696191E-02 a       227     0    12     1     7
  1.7107039688685771E-01 a       228     0    12     1     8
 -3.4983635480749248E-01 a       229     0    12     1     9
  2.8491496978553438E-01 a       230     0    12     1    10
  2.7492665666012017E-01 a       231     0    12     1    11
 -2.0503102308920626E-01 a       232     0    12     1    12
 -2.0076767556000141E-01 a       233     0    12     1    13
 -3.6285544028596922E-01 a       234     0    12     1    14
 -3.6818158604653556E-01 a       235     0    12     1    15
 -1.4545649959671647E-01 a       236     0    12     1    16
 -9.6168874138293906E-02 a       237     0    12     1    17
  2.9100615559619205E-02 a       238     0    12     1    18
  1.0907860887719882E-02 a       239     0    12     1    19
 -1.1731217296215825E-02 a       240     0    12     1    20
  1.0998113427727006E-01 a       241     0    13     1     1
  1.1778905647340765E-01 a       242     0    13     1     2
 -2.4986193732469802E-01 a       243     0    13     1     3
 -1.5753158524631314E-01 a       244     0    13     1     4
 -1.1532904495624280E-01 a       245     0    13     1     5
 -8.4788691339275760E-02 a       246     0    13     1     6
  9.2983663688921327E-03 a       247     0    13     1     7
 -2.7943608711302537E-01 a       248     0    13     1     8
  1.7550494715459192E-02 a       249     0    13     1     9
  1.1918425447236576E-01 a       250     0    13     1    10
 -7.1032094498035426E-03 a       251     0    13     1    11
  5.8866951887274969E-02 a       252     0    13     1    12
 -7.2521561187740322E-02 a       253     0    13     1    13
 -2.9174823541203082E-01 a       254     0    13     1    14
 -1.6658209980551228E-01 a       255     0    13     1    15
  1.2697390099197614E-01 a       256     0    13     1    16
  1.9874275010251038E-01 a       257     0    13     1    17
  3.6365737895899600E-02 a       258     0    13     1    18
  2.9132034622860570E-01 a       259     0    13     1    19
 -8.8760040487824279E-02 a       260     0    13     1    20
  2.5354603206470300E-01 a       261     0    14     1     1
  1.4039573130965796E-01 a       262     0    14     1     2
  3.0479551551528161E-01 a       263     0    14     1     3
  1.4451888319501760E-01 a       264     0    14     1     4
  6.6562218674845117E-02 a       265     0    14     1     5
  7.4271290149158620E-02 a       266     0    14     1     6
  7.0889835946258126E-02 a       267     0    14     1     7
  4.2946552579182874E-02 a       268     0    14     1     8
 -1.7781794563329092E-01 a       269     0    14     1     9
  2.4104065893695448E-01 a       270     0    14     1    10
 -2.3447785159631168E-02 a       271     0    14     1    11
  1.0966053268925442E-01 a       272     0    14     1    12
  8.4106824826563009E-02 a       273     0    14     1    13
  1.4734869155014507E-01 a       274     0    14     1    14
 -1.8484671218578547E-01 a       275     0    14     1    15
 -2.4358408893358874E-01 a       276     0    14     1    16
 -5.7163176766461335E-03 a       277     0    14     1    17
  3.2557500698917335E-01 a       278     0    14     1    18
 -4.8836320438891488E-02 a       279     0    14     1    19
 -1.2806088810975164E-02 a       280     0    14     1    20
  2.9610496888047633E-01 a       281     0    15     1     1
  2.3861693400603831E-01 a       282     0    15     1     2
  2.1473711265484774E-01 a       283     0    15     1     3
  1.5137010369599252E-01 a       284     0    15     1     4
 -2.1671470781971602E-01 a       285     0    15     1     5
 -8.2408433544516727E-02 a       286     0    15     1     6
  2.1175753413953025E-01 a       287     0    15     1     7
 -1.4470458592733607E-02 a       288     0    15     1     8
 -1.5265390747369950E-01 a       289     0    15     1     9
  1.9224630266320838E-01 a       290     0    15     1    10
 -1.5751449783497126E-01 a       291     0    15     1    11
  3.4559394772244728E-01 a       292     0    15     1    12
  3.7143368538855209E-01 a       293     0    15     1    13
  1.8028082915105173E-01 a       294     0    15     1    14
  3.3188177305734801E-01 a       295     0    15     1    15
  1.7127008722938419E-01 a       296     0    15     1    16
  4.5654701684533762E-02 a       297     0    15     1    17
  1.1233672057800348E-02 a       298     0    15     1    18
 -2.0178279851824937E-01 a       299     0    15     1    19
 -1.2456296627519940E-01 a       300     0    15     1    20
 -2.1115307916530196E-01 a       301     0    16     1     1
 -9.6181949953360896E-03 a       302     0    16     1     2
 -2.1877047931065402E-01 a       303     0    16     1     3
 -9.6949744057509182E-02 a       304     0    16     1     4
  3.0205676706345630E-01 a       305     0    16     1     5
  1.2396382158619734E-01 a       306     0    16     1     6
  3.6193056170053267E-01 a       307     0    16     1     7
 -2.0079134678605406E-01 a       308     0    16     1     8
 -7.5741069187505561E-02 a       309     0    16     1     9
 -1.8055558312260553E-01 a       310     0    16     1    10
  2.5287615729646527E-02 a       311     0    16     1    11
  1.2461029691811981E-01 a       312     0    16     1    12
  6.7419681371885282E-02 a       313     0    16     1    13
  1.5470975077697605E-01 a       314     0    16     1    14
  3.3383543765516910E-01 a       315     0    16     1    15
  6.2955018376572663E-02 a       316     0    16     1    16
 -1.3916984676728525E-01 a       317     0    16     1    17
  1.0420763136136776E-01 a       318     0    16     1    18
  1.0169317046692922E-01 a       319     0    16     1    19
 -3.7685264430684935E-02 a       320     0    16     1    20
 -6.7473151672240300E-02 a       321     0    17     1     1
  8.9189669869888855E-02 a       322     0    17     1     2
  1.0001770244329583E-01 a       323     0    17     1     3
  3.1654740999926606E-01 a       324     0    17     1     4
  1.7587928955659871E-01 a       325     0    17     1     5
  2.8336123967308936E-02 a       326     0    17     1     6
 -8.8881156114799492E-02 a       327     0    17     1     7
  9.4044470194337176E-02 a       328     0    17     1     8
 -6.8602757322860392E-02 a       329     0    17     1     9
 -1.3953500618884360E-01 a       330     0    17     1    10
 -2.7088679600494969E-01 a       331     0    17     1    11
 -3.9601364471492949E-02 a       332     0    17     1    12
 -1.0352091366950313E-01 a       333     0    17     1    13
 -5.5715103899607363E-02 a       334     0    17     1    14
 -1.0652359742081190E-01 a       335     0    17     1    15
 -4.6469429178798836E-02 a       336     0    17     1    16
  1.5381696173524664E-01 a       337     0    17     1    17
 -1.4504098540785360E-01 a       338     0    17     1    18
 -7.2599619946524752E-02 a       339     0    17     1    19
 -3.3421644616956250E-02 a       340     0    17     1    20
 -9.9491083752709750E-02 a       341     0    18     1     1
 -2.5549792193813337E-01 a       342     0    18     1     2
  2.6939890491553133E-02 a       343     0    18     1     3
 -5.0677538735160205E-02 a       344     0    18     1     4
 -3.2992885473384040E-02 a       345     0    18     1     5
 -1.8419060089908953E-01 a       346     0    18     1     6
 -4.2568326862731758E-02 a       347     0    18     1     7
  1.5727547103640227E-01 a       348     0    18     1     8
  3.4016153867171342E-02 a       349     0    18     1     9
  1.2043210188675811E-01 a       350     0    18     1    10
  1.2361818026023104E-02 a       351     0    18     1    11
 -2.3566473574473515E-02 a       352     0    18     1    12
 -2.5115635285540361E-01 a       353     0    18     1    13
 -2.2346989858649741E-01 a       354     0    18     1    14
 -8.8648684475896453E-02 a       355     0    18     1    15
  5.7526644037751394E-02 a       356     0    18     1    16
 -9.0009703584094561E-02 a       357     0    18     1    17
 -1.4358029317332879E-01 a       358     0    18     1    18
  1.2206231173464040E-01 a       359     0    18     1    19
  1.1917761978459485E-01 a       360     0    18     1    20
  5.9053980051443480E-02 a       361     0    19     1     1
  1.5431535208543759E-01 a       362     0    19     1     2
 -1.5266839740505840E-02 a       363     0    19     1     3
 -5.1411544650623107E-02 a       364     0    19     1     4
  1.0120785708791649E-01 a       365     0    19     1     5
  1.7036404260547808E-01 a       366     0    19     1     6
 -1.3708227114000118E-01 a       367     0    19     1     7
  2.5251836069916073E-02 a       368     0    19     1     8
  1.2659001875940948E-01 a       369     0    19     1     9
  2.2030543708240710E-01 a       370     0    19     1    10
  2.5722830203724606E-01 a       371     0    19     1    11
 -1.6692179908121694E-02 a       372     0    19     1    12
 -7.1836938802782538E-02 a       373     0    19     1    13
  3.3486625373856049E-02 a       374     0    19     1    14
  2.1990597952652047E-01 a       375     0    19     1    15
  1.2232777382031124E-01 a       376     0    19     1    16
 -6.0962468192187737E-02 a       377     0    19     1    17
  1.2825698948231312E-01 a       378     0    19     1    18
  9.0910334148099486E-02 a       379     0    19     1    19
 -3.3844628745810741E-02 a       380     0    19     1    20
 -2.0141284564281173E-01 a       381     0    20     1     1
  4.8531126500496451E-02 a       382     0    20     1     2
  7.3513662443236885E-02 a       383     0    20     1     3
  3.7284020867160809E-02 a       384     0    20     1     4
 -4.0554937088566440E-01 a       385     0    20     1     5
 -2.0969288122433111E-01 a       386     0    20     1     6
 -7.9330039110943745E-02 a       387     0    20     1     7
  8.7172435559966344E-02 a       388     0    20     1     8
 -6.6867421521810563E-02 a       389     0    20     1     9
 -5.0841091347583488E-02 a       390     0    20     1    10
 -1.2195601505177256E-01 a       391     0    20     1    11
 -2.9682143904311183E-03 a       392     0    20     1    12
  4.6858578052127028E-03 a       393     0    20     1    13
 -1.2954731072930870E-01 a       394     0    20     1    14
  2.7630780399640436E-02 a       395     0    20     1    15
 -2.1408483915756688E-01 a       396     0    20     1    16
  5.7766388136433894E-02 a       397     0    20     1    17
  1.8871878093469482E-01 a       398     0    20     1    18
  4.6531689947392506E-02 a       399     0    20     1    19
  1.4556610511963425E-01 a       400     0    20     1    20
  6.9788506418406223E-03 a       401     0    21     1     1
  1.3758966028572855E-01 a       402     0    21     1     2
  1.6621661373511892E-01 a       403     0    21     1     3
  1.0583287347493750E-01 a       404     0    21     1     4
  3.6755857083321386E-01 a       405     0    21     1     5
  2.5556672535067865E-01 a       406     0    21     1     6
  1.6003885361657130E-02 a       407     0    21     1     7
 -1.2240766881356588E-01 a       408     0    21     1     8
 -2.0817066530439743E-01 a       409     0    21     1     9
 -3.6936199556758281E-02 a       410     0    21     1    10
  1.9638387165685645E-01 a       411     0    21     1    11
 -1.4511232961160248E-01 a       412     0    21     1    12
 -9.9182288329262014E-02 a       413     0    21     1    13
  1.0458297644140285E-01 a       414     0    21     1    14
  2.2944244910136882E-01 a       415     0    21     1    15
 -1.4745993997215712E-01 a       416     0    21     1    16
  5.5880670592701978E-02 a       417     0    21     1    17
 -9.3234412439954201E-02 a       418     0    21     1    18
 -3.9920666918513904E-02 a       419     0    21     1    19
 -6.1016338946236516E-02 a       420     0    21     1    20
  1.5523809355977999E-03 a       421     0    22     1     1
  1.2772737398963224E-01 a       422     0    22     1     2
  2.1223487011648715E-01 a       423     0    22     1     3
 -3.4829935275385904E-01 a       424     0    22     1     4
 -1.9934686859511011E-01 a       425     0    22     1     5
 -7.8589624894536400E-02 a       426     0    22     1     6
  1.3467427628377915E-01 a       427     0    22     1     7
  1.6192472594591628E-01 a       428     0    22     1     8
  1.5679281052612637E-01 a       429     0    22     1     9
 -1.9054907439856902E-01 a       430     0    22     1    10
 -4.2088103365674950E-02 a       431     0    22     1    11
  1.6398533634259244E-01 a       432     0    22     1    12
 -1.8289476339283919E-02 a       433     0    22     1    13
 -2.0926422933026059E-01 a       434     0    22     1    14
 -7.6867474283894177E-02 a       435     0    22     1    15
  1.5275766578703798E-01 a       436     0    22     1    16
  6.3701026720366261E-02 a       437     0    22     1    17
  1.9767882536469286E-01 a       438     0    22     1    18
 -8.0796030705494584E-02 a       439     0    22     1    19
 -3.1671082184169856E-02 a       440     0    22     1    20
  1.2982043555967875E-02 a       441     0    23     1     1
 -6.3070006745258950E-02 a       442     0    23     1     2
  1.0933067130203521E-01 a       443     0    23     1     3
  3.7792599521090503E-01 a       444     0    23     1     4
  3.5678336357537016E-01 a       445     0    23     1     5
  8.6436411450429032E-02 a       446     0    23     1     6
 -2.2102338635358036E-02 a       447     0    23     1     7
 -3.0094888561642297E-01 a       448     0    23     1     8
 -1.6461260043345427E-01 a       449     0    23     1     9
  1.7419725644637576E-01 a       450     0    23     1    10
 -2.1046648391168243E-01 a       451     0    23     1    11
  2.5495229050347831E-02 a       452     0    23     1    12
 -3.3941623305268974E-02 a       453     0    23     1    13
  2.8602056687680555E-01 a       454     0    23     1    14
 -1.8002733568177921E-02 a       455     0    23     1    15
 -2.1086840686172441E-02 a       456     0    23     1    16
  5.0615725700927136E-02 a       457     0    23     1    17
 -2.4589076656800702E-02 a       458     0    23     1    18
  2.9753266309101904E-02 a       459     0    23     1    19
 -1.2661142215217289E-01 a       460     0    23     1    20
 -1.6265676604262180E-03 a       461     0    24     1     1
 -1.0212394070277328E-01 a       462     0    24     1     2
 -1.1199824955382631E-01 a       463     0    24     1     3
 -1.6229403688451029E-02 a       464     0    24     1     4
 -2.4993450217031457E-01 a       465     0    24     1     5
 -1.0186853798085177E-01 a       466     0    24     1     6
  1.3974536419622813E-01 a       467     0    24     1     7
 -1.2243492622297911E-01 a       468     0    24     1     8
 -4.3480189044643285E-02 a       469     0    24     1     9
  2.2184892971014489E-01 a       470     0    24     1    10
  5.0840899188350662E-03 a       471     0    24     1    11
  2.7834379624398642E-01 a       472     0    24     1    12
  4.5427364835706044E-02 a       473     0    24     1    13
  7.0141998041476639E-02 a       474     0    24     1    14
  1.8936861288740539E-01 a       475     0    24     1    15
  1.8880992840006180E-01 a       476     0    24     1    16
 -9.6703233740806971E-02 a       477     0    24     1    17
 -2.7093772326785177E-02 a       478     0    24     1    18
  5.2920810061407211E-02 a       479     0    24     1    19
  3.0497362201220610E-02 a       480     0    24     1    20
  1.3780077954227213E-01 a       481     0    25     1     1
  2.8745185018644513E-02 a       482     0    25     1     2
  1.1079790842470054E-01 a       483     0    25     1     3
  2.6160779056620465E-01 a       484     0    25     1     4
  1.8999144583538835E-01 a       485     0    25     1     5
  1.6002275371676700E-01 a       486     0    25     1     6
 -2.0422602191280623E-01 a       487     0    25     1     7
  2.0339925250590188E-01 a       488     0    25     1     8
  6.7956355556260686E-02 a       489     0    25     1     9
  8.4461855964907233E-03 a       490     0    25     1    10
  3.3575221775167287E-02 a       491     0    25     1    11
 -2.7290847540445223E-01 a       492     0    25     1    12
 -2.4043942899492549E-01 a       493     0    25     1    13
  1.3236229786563325E-01 a       494     0    25     1    14
  8.6509369987141260E-02 a       495     0    25     1    15
 -3.1791090137265882E-01 a       496     0    25     1    16
 -1.2990235134660119E-01 a       497     0    25     1    17
 -8.8029312899599685E-02 a       498     0    25     1    18
 -1.4227905830498006E-01 a       499     0    25     1    19
 -6.1020058707605879E-02 a       500     0    25     1    20
  3.0360010155952977E-01 a       501     0    26     1     1
  1.8676507244054111E-01 a       502     0    26     1     2
  1.1951312077807121E-01 a       503     0    26     1     3
  2.4564584114497917E-01 a       504     0    26     1     4
 -1.8812953274310087E-01 a       505     0    26     1     5
 -1.3114938331074553E-02 a       506     0    26     1     6
  8.0977124793181102E-02 a       507     0    26     1     7
  1.4268399208108190E-01 a       508     0    26     1     8
 -9.7174765586914527E-02 a       509     0    26     1     9
 -2.0400782492941069E-01 a       510     0    26     1    10
 -2.0378139117279684E-01 a       511     0    26     1    11
 -8.2027526458342132E-02 a       512     0    26     1    12
 -3.0647046307026621E-01 a       513     0    26     1    13
 -1.3336784726873074E-01 a       514     0    26     1    14
 -7.3838591557897917E-02 a       515     0    26     1    15
  2.7907340030565447E-01 a       516     0    26     1    16
  8.2939059950299571E-02 a       517     0    26     1    17
  3.2167634620337220E-02 a       518     0    26     1    18
 -6.7904727655161715E-02 a       519     0    26     1    19
  5.1823983794735247E-02 a       520     0    26     1    20
  1.4145818974942378E-01 a       521     0    27     1     1
 -5.0998243373478601E-02 a       522     0    27     1     2
 -3.8768187801354909E-02 a       523     0    27     1     3
 -1.0969358263069050E-01 a       524     0    27     1     4
  2.8283421220214117E-01 a       525     0    27     1     5
  9.7726288134256933E-02 a       526     0    27     1     6
  7.0810389258142578E-02 a       527     0    27     1     7
 -2.2143734945219477E-02 a       528     0    27     1     8
  1.1196722694613220E-01 a       529     0    27     1     9
  2.5926946914251819E-01 a       530     0    27     1    10
  3.0457078635578300E-01 a       531     0    27     1    11
 -1.6434111006045896E-01 a       532     0    27     1    12
  2.3554259958746315E-01 a       533     0    27     1    13
  3.3889675298561123E-01 a       534     0    27     1    14
  1.3652330266088672E-01 a       535     0    27     1    15
  2.8532012285137586E-02 a       536     0    27     1    16
 -9.4563940777989478E-02 a       537     0    27     1    17
 -6.3289438182375063E-02 a       538     0    27     1    18
  9.5119958453549050E-02 a       539     0    27     1    19
 -4.3564819424338902E-02 a       540     0    27     1    20
  3.4917624257778535E-01 a       541     0    28     1     1
  1.5608999188318479E-01 a       542     0    28     1     2
  2.2562641407818837E-01 a       543     0    28     1     3
  5.0867117209625411E-02 a       544     0    28     1     4
 -1.7892134625294107E-01 a       545     0    28     1     5
 -9.1020999318319459E-02 a       546     0    28     1     6
  1.6508321261521078E-01 a       547     0    28     1     7
  7.5875262811407715E-04 a       548     0    28     1     8
 -1.2289513854145438E-01 a       549     0    28     1     9
  1.8856720949277769E-01 a       550     0    28     1    10
 -1.0285959947690479E-01 a       551     0    28     1    11
  1.5957800172202674E-01 a       552     0    28     1    12
 -3.9226320177653123E-02 a       553     0    28     1    13
 -2.0580920105211193E-02 a       554     0    28     1    14
 -6.8129410130508342E-02 a       555     0    28     1    15
 -4.5771681393833655E-03 a       556     0    28     1    16
  1.5082093607661276E-01 a       557     0    28     1    17
  3.8772197964820343E-02 a       558     0    28     1    18
  4.1316144953186126E-02 a       559     0    28     1    19
  7.5831667198947586E-02 a       560     0    28     1    20
 -1.8598692515463311E-01 a       561     0    29     1     1
 -2.5313257639005343E-01 a       562     0    29     1     2
  4.6893866516115067E-02 a       563     0    29     1     3
  1.7392563336372346E-02 a       564     0    29     1     4
 -1.1182183740626742E-02 a       565     0    29     1     5
  1.6478898523855564E-04 a       566     0    29     1     6
  1.3127787548158423E-01 a       567     0    29     1     7
 -3.1496392459002620E-01 a       568     0    29     1     8
 -1.5241935663628026E-02 a       569     0    29     1     9
  5.6319999507175441E-03 a       570     0    29     1    10
  5.9905836188892829E-02 a       571     0    29     1    11
  1.3024536593318339E-01 a       572     0    29     1    12
 -2.6245449007396160E-01 a       573     0    29     1    13
 -5.4775070799081282E-02 a       574     0    29     1    14
 -2.7677754728573648E-02 a       575     0    29     1    15
 -1.0933154568808771E-01 a       576     0    29     1    16
 -1.2622553693722944E-02 a       577     0    29     1    17
  1.5305728518957182E-02 a       578     0    29     1    18
  1.4529150222525561E-01 a       579     0    29     1    19
 -7.7190232398757705E-02 a       580     0    29     1    20
 -7.3903312646233177E-02 a       581     0    30     1     1
  1.5220300413384852E-01 a       582     0    30     1     2
  2.4086967521989416E-01 a       583     0    30     1     3
 -2.6938733885577954E-02 a       584     0    30     1     4
  1.4556007296596010E-01 a       585     0    30     1     5
  8.3903289920964741E-02 a       586     0    30     1     6
  3.8024788383832414E-02 a       587     0    30     1     7
  5.2016066982303523E-02 a       588     0    30     1     8
 -4.2410854050499901E-02 a       589     0    30     1     9
 -1.4347793275298499E-02 a       590     0    30     1    10
  1.9903610473157901E-01 a       591     0    30     1    11
  1.5353570705552541E-01 a       592     0    30     1    12
 -2.6237723686453485E-01 a       593     0    30     1    13
 -1.3943040998030434E-01 a       594     0    30     1    14
  1.6911037869650353E-01 a       595     0    30     1    15
  1.4809013863455486E-01 a       596     0    30     1    16
 -2.5517995580543521E-02 a       597     0    30     1    17
 -2.7457515777149763E-02 a       598     0    30     1    18
 -5.9611620151732804E-02 a       599     0    30     1    19
  3.7918683568217426E-02 a       600     0    30     1    20
  2.7684853619815392E-01 a       601     0    31     1     1
 -5.2449702647389511E-02 a       602     0    31     1     2
 -9.7715820382212493E-02 a       603     0    31     1     3
  3.1249300055584345E-01 a       604     0    31     1     4
  1.2878152401709625E-01 a       605     0    31     1     5
 -6.0515170500593823E-02 a       606     0    31     1     6
  2.0057560873965691E-01 a       607     0    31     1     7
 -1.3023870864159715E-01 a       608     0    31     1     8
  4.5945876471678596E-02 a       609     0    31     1     9
 -3.4382606715151037E-01 a       610     0    31     1    10
 -6.4250325135392944E-02 a       611     0    31     1    11
 -7.3195750445286936E-02 a       612     0    31     1    12
 -7.1347214518188706E-02 a       613     0    31     1    13
  1.5030035511819628E-01 a       614     0    31     1    14
 -2.2485614703033188E-01 a       615     0    31     1    15
 -3.3788653162451587E-01 a       616     0    31     1    16
 -2.5220225601704860E-01 a       617     0    31     1    17
  1.9438292111868496E-01 a       618     0    31     1    18
 -3.8444816471903884E-02 a       619     0    31     1    19
  7.5449168226631697E-02 a       620     0    31     1    20
  6.1666004823032701E-02 a       621     0    32     1     1
 -2.0768228874597225E-01 a       622     0    32     1     2
  6.2168124640915007E-02 a       623     0    32     1     3
 -2.2794357757791425E-01 a       624     0    32     1     4
 -2.4584304433026505E-01 a       625     0    32     1     5
 -5.1686768489030810E-02 a       626     0    32     1     6
 -1.6767542299429189E-01 a       627     0    32     1     7
  1.4983215875127254E-01 a       628     0    32     1     8
  2.4334076545083522E-01 a       629     0    32     1     9
  8.4621827949710862E-02 a       630     0    32     1    10
 -2.6650975375577352E-01 a       631     0    32     1    11
  1.4459335065764975E-02 a       632     0    32     1    12
 -1.5455330821737098E-01 a       633     0    32     1    13
 -2.9182141895526992E-01 a       634     0    32     1    14
  7.1183966658791398E-02 a       635     0    32     1    15
  1.9604702051107617E-01 a       636     0    32     1    16
  1.0054098473666750E-01 a       637     0    32     1    17
 -1.0077314612459527E-01 a       638     0    32     1    18
 -2.0725011966037774E-01 a       639     0    32     1    19
 -1.2607033031763082E-01 a       640     0    32     1    20
  1.6965727916649634E-01 a       641     0    33     1     1
 -1.1781009851113350E-01 a       642     0    33     1     2
 -2.8413398630328529E-01 a       643     0    33     1     3
 -1.2444746429530244E-01 a       644     0    33     1     4
 -1.9947487128754993E-02 a       645     0    33     1     5
 -1.0629482500849418E-02 a       646     0    33     1     6
 -2.2803160528341290E-01 a       647     0    33     1     7
 -6.2643568627360979E-02 a       648     0    33     1     8
  2.3460753616757163E-01 a       649     0    33     1     9
  7.2662784086743940E-02 a       650     0    33     1    10
  3.4946997894300680E-01 a       651     0    33     1    11
 -7.9562073814977721E-02 a       652     0    33     1    12
  1.2262638074924931E-01 a       653     0    33     1    13
  1.9133324819746966E-01 a       654     0    33     1    14
  1.5140579704902318E-01 a       655     0    33     1    15
  2.5668502796636256E-01 a       656     0    33     1    16
 -1.9561476417960622E-02 a       657     0    33     1    17
  1.6594970291997005E-01 a       658     0    33     1    18
 -1.8338006199385706E-01 a       659     0    33     1    19
 -1.5886100242248184E-02 a       660     0    33     1    20
 -1.7814686095961774E-01 a       661     0    34     1     1
  2.1838074190928228E-01 a       662     0    34     1     2
 -1.6814060844820777E-01 a       663     0    34     1     3
  8.5644583886037184E-02 a       664     0    34     1     4
 -1.1389990859169521E-01 a       665     0    34     1     5
 -5.8368216546658205E-02 a       666     0    34     1     6
  3.8649175586567906E-02 a       667     0    34     1     7
 -2.1375614742147825E-01 a       668     0    34     1     8
 -1.8533337968259378E-01 a       669     0    34     1     9
  4.1214629245857129E-02 a       670     0    34     1    10
 -2.3732104297429202E-01 a       671     0    34     1    11
  1.9487193412206022E-01 a       672     0    34     1    12
  2.0295470613081329E-01 a       673     0    34     1    13
  3.6455308617179272E-01 a       674     0    34     1    14
 -2.6740726715314417E-01 a       675     0    34     1    15
 -3.1620116037216700E-01 a       676     0    34     1    16
 -2.4378243358009758E-02 a       677     0    34     1    17
 -2.0331047151395767E-01 a       678     0    34     1    18
  2.7008205573133909E-01 a       679     0    34     1    19
 -1.6097179002709047E-01 a       680     0    34     1    20
  1.2148036329058386E-02 a       681     0    35     1     1
 -1.9335947677673576E-01 a       682     0    35     1     2
 -8.8691018449816569E-02 a       683     0    35     1     3
 -8.8167638040041366E-02 a       684     0    35     1     4
 -3.0708531193067862E-01 a       685     0    35     1     5
  2.7732732824810757E-01 a       686     0    35     1     6
  1.2863871452208253E-01 a       687     0    35     1     7
  8.4729597729495690E-02 a       688     0    35     1     8
  1.1290632857771672E-01 a       689     0    35     1     9
  1.2822481246659967E-01 a       690     0    35     1    10
  2.0402641412745501E-01 a       691     0    35     1    11
  2.8676573953389012E-01 a       692     0    35     1    12
  2.4223640612206251E-01 a       693     0    35     1    13
 -2.0037914531330764E-01 a       694     0    35     1    14
 -1.8976566473048689E-01 a       695     0    35     1    15
  1.6532550800069534E-01 a       696     0    35     1    16
 -3.4077542218668222E-01 a       697     0    35     1    17
 -2.0261108852789939E-01 a       698     0    35     1    18
 -2.5622654997237115E-01 a       699     0    35     1    19
 -2.9351710473768788E-01 a       700     0    35     1    20
 -1.0909222345351029E-01 a       701     0    36     1     1
  2.6056465803173229E-03 a       702     0    36     1     2
 -6.4696894517684941E-02 a       703     0    36     1     3
  3.1220706291108513E-01 a       704     0    36     1     4
 -2.6815696852671977E-01 a       705     0    36     1     5
 -6.5080094636759983E-02 a       706     0    36     1     6
 -2.9007144545303687E-01 a       707     0    36     1     7
  1.9111719146955719E-01 a       708     0    36     1     8
 -8.9464279979872260E-02 a       709     0    36     1     9
  9.3605237353891396E-02 a       710     0    36     1    10
  2.7294591799166990E-01 a       711     0    36     1    11
  9.7454668028550601E-02 a       712     0    36     1    12
 -1.4577298379343748E-02 a       713     0    36     1    13
  2.5541932692428493E-02 a       714     0    36     1    14
  6.4012061310214502E-02 a       715     0    36     1    15
  2.2769621948673749E-01 a       716     0    36     1    16
  2.6468685837049960E-01 a       717     0    36     1    17
 -8.6871498170749475E-02 a       718     0    36     1    18
 -4.2586993977442686E-02 a       719     0    36     1    19
 -2.1730487712807811E-01 a       720     0    36     1    20
 -3.2158931339539676E-02 a       721     0    37     1     1
 -1.9433918368896803E-02 a       722     0    37     1     2
 -8.1337398282772463E-02 a       723     0    37     1     3
 -4.2316140392864021E-02 a       724     0    37     1     4
 -1.3232463436001754E-01 a       725     0    37     1     5
  2.7339691600479846E-02 a       726     0    37     1     6
 -2.3246761150053211E-01 a       727     0    37     1     7
  1.5430455399863052E-01 a       728     0    37     1     8
  1.0724424210083378E-01 a       729     0    37     1     9
  8.3669422346958885E-02 a       730     0    37     1    10
 -1.0512527295594072E-01 a       731     0    37     1    11
  1.3121284389892177E-01 a       732     0    37     1    12
  4.3326597246823875E-02 a       733     0    37     1    13
  1.0088780474597991E-01 a       734     0    37     1    14
 -2.3011179726818434E-01 a       735     0    37     1    15
 -1.9821104939237524E-01 a       736     0    37     1    16
 -3.1069200576405911E-02 a       737     0    37     1    17
 -1.8335553768614710E-01 a       738     0    37     1    18
  8.8754431341417930E-02 a       739     0    37     1    19
  9.6381380559930466E-02 a       740     0    37     1    20
  1.1594123714659244E-01 a       741     0    38     1     1
  2.4209622343474629E-01 a       742     0    38     1     2
  4.8412445968230473E-02 a       743     0    38     1     3
  2.2755949472327222E-01 a       744     0    38     1     4
 -1.7766922473440019E-01 a       745     0    38     1     5
 -3.2801219668513831E-01 a       746     0    38     1     6
  9.6200975405000472E-02 a       747     0    38     1     7
  1.2915010308631159E-01 a       748     0    38     1     8
 -7.8376732689511730E-02 a       749     0    38     1     9
 -5.7429530478496603E-02 a       750     0    38     1    10
 -1.5626670666494211E-01 a       751     0    38     1    11
  1.6806948481704782E-03 a       752     0    38     1    12
  1.7293409934416276E-01 a       753     0    38     1    13
 -2.1780570381492897E-01 a       754     0    38     1    14
 -1.8923382026404539E-01 a       755     0    38     1    15
  2.6385268281221563E-01 a       756     0    38     1    16
 -2.7575989334022347E-02 a       757     0    38     1    17
 -1.3984795116267476E-01 a       758     0    38     1    18
  1.1799385668097344E-02 a       759     0    38     1    19
  8.9448964224379535E-02 a       760     0    38     1    20
  1.0425270056671099E-01 a       761     0    39     1     1
 -1.6635200161556993E-01 a       762     0    39     1     2
  2.5583572874220101E-01 a       763     0    39     1     3
 -1.3803746939117095E-02 a       764     0    39     1     4
 -9.5128490610706870E-02 a       765     0    39     1     5
  1.9838741609253718E-01 a       766     0    39     1     6
 -6.4475600069868258E-02 a       767     0    39     1     7
 -1.1344311043147334E-01 a       768     0    39     1     8
 -1.5351954189253639E-01 a       769     0    39     1     9
 -2.6397002062360908E-01 a       770     0    39     1    10
 -4.2833575842015310E-02 a       771     0    39     1    11
 -3.4341330800561849E-02 a       772     0    39     1    12
  2.8879674516927023E-01 a       773     0    39     1    13
 -9.2573427866170663E-02 a       774     0    39     1    14
 -2.7038742935822874E-01 a       775     0    39     1    15
  2.7795497196381963E-01 a       776     0    39     1    16
  2.8620856920872689E-01 a       777     0    39     1    17
 -1.5813003629512051E-01 a       778     0    39     1    18
 -3.6631158629203117E-02 a       779     0    39     1    19
  4.6769315846395869E-02 a       780     0    39     1    20
  1.4391662655553680E-01 a       781     0    40     1     1
 -1.9645221909112828E-02 a       782     0    40     1     2
  2.3958428576275137E-01 a       783     0    40     1     3
 -2.1044152730522805E-01 a       784     0    40     1     4
 -1.9881190080084785E-01 a       785     0    40     1     5
 -1.8957817233503191E-01 a       786     0    40     1     6
 -2.0365837082425137E-01 a       787     0    40     1     7
  2.9779672429147169E-01 a       788     0    40     1     8
  2.7593511921658053E-02 a       789     0    40     1     9
 -3.0389086600140702E-01 a       790     0    40     1    10
 -4.0912442481603042E-02 a       791     0    40     1    11
 -6.3408035033005017E-02 a       792     0    40     1    12
 -2.5610840406234056E-02 a       793     0    40     1    13
 -1.1747705905957630E-01 a       794     0    40     1    14
  3.0759780811667231E-01 a       795     0    40     1    15
 -9.7831941140580081E-02 a       796     0    40     1    16
  3.3522311667474158E-01 a       797     0    40     1    17
 -2.1564872522470835E-01 a       798     0    40     1    18
 -4.1894253771756111E-03 a       799     0    40     1    19
  1.4183478200822494E-01 a       800     0    40     1    20
  1.0576930053404091E-01 a       801     0    41     1     1
 -1.6388028222234466E-01 a       802     0    41     1     2
  1.4301063458075766E-01 a       803     0    41     1     3
  4.7217699161622037E-02 a       804     0    41     1     4
  1.2207891852597158E-01 a       805     0    41     1     5
  9.1396950578274253E-02 a       806     0    41     1     6
 -7.7311480518566719E-02 a       807     0    41     1     7
  1.2213809473202791E-01 a       808     0    41     1     8
 -3.2087145319926708E-01 a       809     0    41     1     9
 -1.3261865093145744E-01 a       810     0    41     1    10
 -8.1549081804558513E-02 a       811     0    41     1    11
  3.3404258883548382E-01 a       812     0    41     1    12
  1.1815114417736372E-01 a       813     0    41     1    13
 -1.1818001198168472E-01 a       814     0    41     1    14
 -2.5273323044579094E-01 a       815     0    41     1    15
 -2.3020712075122648E-01 a       816     0    41     1    16
  5.2723715884362282E-02 a       817     0    41     1    17
 -1.9956300394203214E-01 a       818     0    41     1    18
 -6.2445542212656739E-02 a       819     0    41     1    19
  1.0738336010375886E-03 a       820     0    41     1    20
  4.0229831349245258E-02 a       821     0    42     1     1
 -2.2307445618933555E-01 a       822     0    42     1     2
  3.2016845484225030E-02 a       823     0    42     1     3
  8.9325694166339176E-02 a       824     0    42     1     4
  8.0033569041044944E-02 a       825     0    42     1     5
  1.3158059994019874E-01 a       826     0    42     1     6
  1.6673071956728669E-01 a       827     0    42     1     7
 -3.1637959525222081E-01 a       828     0    42     1     8
  1.5858602408890562E-01 a       829     0    42     1     9
 -3.6475009928607549E-01 a       830     0    42     1    10
  6.4285267747438660E-02 a       831     0    42     1    11
  2.5311635120191321E-02 a       832     0    42     1    12
  1.8658862420272301E-02 a       833     0    42     1    13
  1.0975998477705795E-01 a       834     0    42     1    14
 -4.8221856113613668E-02 a       835     0    42     1    15
 -1.6676677088704800E-01 a       836     0    42     1    16
 -1.2491398642673510E-01 a       837     0    42     1    17
 -8.7473178511034644E-02 a       838     0    42     1    18
  1.0824909597292084E-01 a       839     0    42     1    19
  4.3041877462636123E-02 a       840     0    42     1    20
 -3.6513036378912528E-01 a       841     0    43     1     1
  7.5296949934957474E-02 a       842     0    43     1     2
  3.2885500497154010E-02 a       843     0    43     1     3
 -1.7810419519384690E-01 a       844     0    43     1     4
 -2.2540847535663329E-02 a       845     0    43     1     5
 -9.1240593749196977E-02 a       846     0    43     1     6
 -5.6456792686282224E-02 a       847     0    43     1     7
 -2.4931708367149780E-01 a       848     0    43     1     8
  9.8570715503408513E-02 a       849     0    43     1     9
  1.1837444979848502E-01 a       850     0    43     1    10
  1.3832036581604493E-01 a       851     0    43     1    11
 -8.4222073759458144E-02 a       852     0    43     1    12
 -1.4546873653450562E-01 a       853     0    43     1    13
  1.2317333858547164E-02 a       854     0    43     1    14
 -8.9681025631372660E-02 a       855     0    43     1    15
  1.6644459193958411E-01 a       856     0    43     1    16
 -5.2499770846372709E-02 a       857     0    43     1    17
 -5.3236624200399651E-02 a       858     0    43     1    18
  9.3217227055924806E-02 a       859     0    43     1    19
  8.4149085237716931E-03 a       860     0    43     1    20
  8.8801386002210297E-02 a       861     0    44     1     1
  6.2915134647365506E-02 a       862     0    44     1     2
  3.1248322862264661E-02 a       863     0    44     1     3
 -1.1222729663777381E-01 a       864     0    44     1     4
  9.6286263985847307E-03 a       865     0    44     1     5
  1.0854878566424585E-01 a       866     0    44     1     6
 -6.0982845229175527E-02 a       867     0    44     1     7
 -6.5328119469362927E-02 a       868     0    44     1     8
  3.0571799395649035E-01 a       869     0    44     1     9
 -2.0652113536114688E-01 a       870     0    44     1    10
 -1.8296698858271296E-01 a       871     0    44     1    11
  2.5916643794274080E-02 a       872     0    44     1    12
 -2.2364909612961051E-01 a       873     0    44     1    13
 -1.1295281133359136E-01 a       874     0    44     1    14
 -2.5906525741071734E-01 a       875     0    44     1    15
  3.2451633872513048E-02 a       876     0    44     1    16
  4.3185668819942291E-02 a       877     0    44     1    17
 -3.0496262389430640E-02 a       878     0    44     1    18
 -4.4468759952781607E-02 a       879     0    44     1    19
 -1.0527644656909375E-02 a       880     0    44     1    20
 -1.7929305140836158E-01 a       881     0    45     1     1
 -4.9415761439301036E-02 a       882     0    45     1     2
  1.0298376622616337E-02 a       883     0    45     1     3
 -7.7889480863072482E-03 a       884     0    45     1     4
 -7.8902120932654335E-02 a       885     0    45     1     5
 -2.7006218347929267E-01 a       886     0    45     1     6
  2.0072281660088901E-02 a       887     0    45     1     7
 -3.5825321758460205E-02 a       888     0    45     1     8
  8.0895266665656149E-02 a       889     0    45     1     9
 -1.2233433337655365E-01 a       890     0    45     1    10
 -3.0062332575756312E-01 a       891     0    45     1    11
 -2.0261384126445084E-01 a       892     0    45     1    12
 -4.6100929849140276E-03 a       893     0    45     1    13
  1.5641120001848214E-02 a       894     0    45     1    14
 -1.5545116023426392E-01 a       895     0    45     1    15
 -1.4036688614347312E-01 a       896     0    45     1    16
  2.4037689797951453E-01 a       897     0    45     1    17
  2.1060293695845539E-01 a       898     0    45     1    18
  2.0617751164575404E-01 a       899     0    45     1    19
  1.8500278903667255E-01 a       900     0    45     1    20
  2.7782827730793608E-01 a       901     0    46     1     1
  8.0076940426020093E-02 a       902     0    46     1     2
  2.9364883722464130E-01 a       903     0    46     1     3
 -2.6770620179047872E-01 a       904     0    46     1     4
  5.5397992410960196E-02 a       905     0    46     1     5
  2.1462245831242305E-01 a       906     0    46     1     6
  3.7069758239086681E-01 a       907     0    46     1     7
 -2.1039405507724321E-01 a       908     0    46     1     8
 -2.3973505805431350E-01 a       909     0    46     1     9
  7.3642975365267330E-02 a       910     0    46     1    10
  1.4345019154148894E-01 a       911     0    46     1    11
  3.1702706509945450E-01 a       912     0    46     1    12
 -5.6584178079801428E-02 a       913     0    46     1    13
 -2.2372853578669991E-01 a       914     0    46     1    14
 -2.5743598134908824E-01 a       915     0    46     1    15
 -6.5204472571861294E-02 a       916     0    46     1    16
 -1.1001255036233376E-01 a       917     0    46     1    17
 -2.6437317724324361E-01 a       918     0    46     1    18
 -5.5606104383185374E-03 a       919     0    46     1    19
 -2.2563321722189406E-02 a       920     0    46     1    20
 -3.1137395597309714E-02 a       921     0    47     1     1
 -3.9680221078746475E-01 a       922     0    47     1     2
  1.6873656621233735E-01 a       923     0    47     1     3
  8.0694043433903948E-02 a       924     0    47     1     4
 -1.6524710847754052E-02 a       925     0    47     1     5
  6.8948907993469699E-02 a       926     0    47     1     6
  2.9530225601725455E-03 a       927     0    47     1     7
  3.5833361948599418E-01 a       928     0    47     1     8
 -2.0331996312981052E-01 a       929     0    47     1     9
  1.7711146966743019E-01 a       930     0    47     1    10
  4.7326126174277026E-02 a       931     0    47     1    11
 -1.5610647614014880E-01 a       932     0    47     1    12
  2.4052566297472000E-01 a       933     0    47     1    13
  8.4901877775083762E-02 a       934     0    47     1    14
  2.8939188051795794E-01 a       935     0    47     1    15
  8.3865123151999534E-03 a       936     0    47     1    16
 -1.2783924947683442E-01 a       937     0    47     1    17
  2.9662264338233851E-01 a       938     0    47     1    18
 -2.1280954932247928E-01 a       939     0    47     1    19
  6.3479118969482162E-02 a       940     0    47     1    20
 -1.6908982819468477E-01 a       941     0    48     1     1
  2.3293617932681970E-01 a       942     0    48     1     2
 -1.7885077274299316E-01 a       943     0    48     1     3
  1.5902175935845662E-02 a       944     0    48     1     4
  1.8279550924388785E-01 a       945     0    48     1     5
  1.2710284517823195E-01 a       946     0    48     1     6
 -1.1299468549897344E-01 a       947     0    48     1     7
 -1.9190773905080945E-02 a       948     0    48     1     8
 -6.0179480836059854E-02 a       949     0    48     1     9
 -2.1575408592485798E-01 a       950     0    48     1    10
 -2.8457086219942834E-01 a       951     0    48     1    11
 -1.8132407539227610E-01 a       952     0    48     1    12
 -1.0269757952666557E-01 a       953     0    48     1    13
 -4.2699199029333369E-02 a       954     0    48     1    14
  6.9802151360877002E-02 a       955     0    48     1    15
 -8.9701632406093745E-02 a       956     0    48     1    16
  2.1907740151194688E-01 a       957     0    48     1    17
 -1.4325366142526982E-01 a       958     0    48     1    18
 -6.7969858425578469E-02 a       959     0    48     1    19
 -1.1274194829868012E-01 a       960     0    48     1    20
  7.6131472313282586E-02 a       961     0    49     1     1
  2.0903745410772201E-01 a       962     0    49     1     2
 -1.9580252323650402E-01 a       963     0    49     1     3
 -7.8924798969126093E-03 a       964     0    49     1     4
  5.1491551370230121E-02 a       965     0    49     1     5
 -1.1198387294862193E-01 a       966     0    49     1     6
  3.9058692698795937E-02 a       967     0    49     1     7
  1.2225569867624968E-01 a       968     0    49     1     8
  2.2733330852479333E-01 a       969     0    49     1     9
 -1.7017223187301336E-02 a       970     0    49     1    10
  6.0293717562403398E-02 a       971     0    49     1    11
  1.4723539792871967E-03 a       972     0    49     1    12
 -1.0484331754837205E-01 a       973     0    49     1    13
  8.2529298733657497E-02 a       974     0    49     1    14
 -1.2239506941121003E-01 a       975     0    49     1    15
 -5.2555735021870977E-02 a       976     0    49     1    16
 -1.3304183533779718E-01 a       977     0    49     1    17
  2.9103062280875225E-01 a       978     0    49     1    18
 -4.9281893686405696E-02 a       979     0    49     1    19
  5.0176907577540279E-02 a       980     0    49     1    20
 -1.2481707190884555E-02 a       981     0    50     1     1
 -2.7274036435437260E-01 a       982     0    50     1     2
 -2.4176748694881189E-01 a       983     0    50     1     3
  2.4373162844965315E-01 a       984     0    50     1     4
  1.6386623793916019E-01 a       985     0    50     1     5
  1.2785297013210517E-01 a       986     0    50     1     6
 -6.8946632843695455E-02 a       987     0    50     1     7
 -2.0116949804252028E-02 a       988     0    50     1     8
  1.1320094564474201E-01 a       989     0    50     1     9
 -1.3081394004580985E-01 a       990     0    50     1    10
 -4.0963277113387479E-02 a       991     0    50     1    11
  2.4063708678930706E-01 a       992     0    50     1    12
  2.3825451696355682E-01 a       993     0    50     1    13
 -2.0502696044538155E-02 a       994     0    50     1    14
  1.5266491103274588E-01 a       995     0    50     1    15
  1.9371211219321052E-01 a       996     0    50     1    16
 -3.9796577546632789E-01 a       997     0    50     1    17
  5.0203205652345220E-02 a       998     0    50     1    18
 -7.3192715251067103E-02 a       999     0    50     1    19
 -6.2419531033895130E-02 a      1000     0    50     1    20
 -9.3626355981848108E-01 b      1001     1     1
 -1.5821692979132331E+00 b      1002     1     2
  2.6160165395335971E-01 b      1003     1     3
 -1.2490962756849853E+00 b      1004     1     4
  1.1632397527968952E+00 b      1005     1     5
 -6.8199163349234859E-01 b      1006     1     6
  5.2413232032935997E-01 b      1007     1     7
 -1.3493924735370366E+00 b      1008     1     8
  1.3183340815924554E+00 b      1009     1     9
  3.7501735938485509E-01 b      1010     1    10
  1.5345284621867725E+00 b      1011     1    11
 -1.1216534992670040E+00 b      1012     1    12
 -3.7405229950577484E-01 b      1013     1    13
 -9.6987555346468191E-01 b      1014     1    14
 -1.2187413991768659E+00 b      1015     1    15
 -1.4287070402401048E+00 b      1016     1    16
 -1.1563693860376285E+00 b      1017     1    17
 -9.2598627927347144E-01 b      1018     1    18
  6.7609019247971214E-01 b      1019     1    19
  2.5955877799979388E-01 b      1020     1    20
 -2.2989581893909222E-01 a      1021     1     1     2     1
  4.5234935254797726E-01 a      1022     1     1     2     2
 -5.2433900620086593E-01 a      1023     1     1     2     3
  3.2363801909572854E-01 a      1024     1     1     2     4
  2.0086680826259945E-01 a      1025     1     1     2     5
 -3.3733683766738259E-01 a      1026     1     1     2     6
  5.6959036424283116E-01 a      1027     1     1     2     7
  2.5015934449009869E-01 a      1028     1     1     2     8
 -4.7301896226394913E-01 a      1029     1     1     2     9
  1.7963887073170628E-01 a      1030     1     1     2    10
  3.0342695000735781E-01 a      1031     1     1     2    11
  1.9791708642707295E-01 a      1032     1     1     2    12
 -1.8098021193804811E-01 a      1033     1     1     2    13
  2.5397417798440203E-01 a      1034     1     1     2    14
 -5.2576378429816506E-01 a      1035     1     1     2    15
  3.1491129165934240E-01 a      1036     1     1     2    16
 -5.8111962229235337E-01 a      1037     1     1     2    17
  4.2628969852846510E-01 a      1038     1     1     2    18
 -6.1459228207863026E-01 a      1039     1     1     2    19
  3.6507341786577933E-02 a      1040     1     1     2    20
 -3.6291110234691265E-01 a      1041     1     2     2     1
 -3.1531675555103382E-02 a      1042     1     2     2     2
  2.5127000749695494E-01 a      1043     1     2     2     3
  3.5674188786901911E-01 a      1044     1     2     2     4
 -1.8062368781534055E-01 a      1045     1     2     2     5
 -5.5107880270774257E-01 a      1046     1     2     2     6
  3.4451858493097615E-01 a      1047     1     2     2     7
  5.6107881837601326E-01 a      1048     1     2     2     8
  4.7388827195651545E-01 a      1049     1     2     2     9
  2.7553982622966694E-01 a      1050     1     2     2    10
 -2.8088556275478943E-01 a      1051     1     2     2    11
 -4.5979983911195264E-03 a      1052     1     2     2    12
  2.8748644668863055E-01 a      1053     1     2     2    13
 -4.8096527516559762E-01 a      1054     1     2     2    14
 -4.3395171629267798E-01 a      1055     1     2     2    15
 -2.6962086110919797E-01 a      1056     1     2     2    16
 -4.0841366627257208E-01 a      1057     1     2     2    17
  6.4430580608983601E-01 a      1058     1     2     2    18
  2.0247055987029802E-02 a      1059     1     2     2    19
 -8.1348876017729776E-02 a      1060     1     2     2    20
 -3.4068568317540449E-01 a      1061     1     3     2     1
  1.4725331311229936E-01 a      1062     1     3     2     2
  8.7384558844637833E-02 a      1063     1     3     2     3
  9.9246074298511816E-02 a      1064     1     3     2     4
 -4.3466758881479617E-01 a      1065     1     3     2     5
 -6.1556085624801402E-02 a      1066     1     3     2     6
  9.5534642999688488E-02 a      1067     1     3     2     7
 -6.5447209267425965E-01 a      1068     1     3     2     8
 -6.5710921771339814E-01 a      1069     1     3     2     9
 -3.9726606101927527E-02 a      1070     1     3     2    10
 -5.2406097551746778E-01 a      1071     1     3     2    11
 -5.3687825069428208E-01 a      1072     1     3     2    12
 -3.2342696922894154E-01 a      1073     1     3     2    13
 -4.5358429912822901E-01 a      1074     1     3     2    14
 -1.4176325479189875E-02 a      1075     1     3     2    15
  5.3941659100553681E-03 a      1076     1     3     2    16
 -1.9391164579108063E-02 a      1077     1     3     2    17
  3.7101874340024821E-01 a      1078     1     3     2    18
  3.4689383727611145E-01 a      1079     1     3     2    19
 -3.6684756335536839E-01 a      1080     1     3     2    20
  5.3375404121876113E-01 a      1081     1     4     2     1
 -2.8595413164559746E-01 a      1082     1     4     2     2
  5.2714576359473575E-01 a      1083     1     4     2     3
 -4.2864793065068872E-02 a      1084     1     4     2     4
 -5.1377894143784375E-01 a      1085     1     4     2     5
 -6.0242683207907899E-01 a      1086     1     4     2     6
 -3.8445906499742327E-01 a      1087     1     4     2     7
  5.1144248539183546E-01 a      1088     1     4     2     8
  3.8416587166140675E-01 a      1089     1     4     2     9
 -3.5777293769177948E-01 a      1090     1     4     2    10
 -3.7999806002197789E-01 a      1091     1     4     2    11
 -4.6167924725300052E-01 a      1092     1     4     2    12
 -5.0984875733732926E-01 a      1093     1     4     2    13
 -6.3602152974739556E-01 a      1094     1     4     2    14
  1.0516692639200766E-02 a      1095     1     4     2    15
  1.4686756962146619E-01 a      1096     1     4     2    16
  4.6816020160789734E-01 a      1097     1     4     2    17
  6.4434477293522252E-01 a      1098     1     4     2    18
  1.0423198973368410E-01 a      1099     1     4     2    19
 -4.1095157062966542E-01 a      1100     1     4     2    20
 -5.2703986970312122E-01 a      1101     1     5     2     1
 -5.9698331005977057E-01 a      1102     1     5     2     2
  6.1279980869417959E-02 a      1103     1     5     2     3
  3.2243096426482304E-01 a      1104     1     5     2     4
 -5.7173755254261188E-02 a      1105     1     5     2     5
 -2.9467694146992257E-01 a      1106     1     5     2     6
  2.6522718258439015E-01 a      1107     1     5     2     7
  1.3110461487507960E-02 a      1108     1     5     2     8
  5.0851228212138433E-01 a      1109     1     5     2     9
  4.5739799572838757E-01 a      1110     1     5     2    10
 -5.1068579718900853E-01 a      1111     1     5     2    11
  3.5138874908428325E-01 a      1112     1     5     2    12
  6.0901060267876811E-02 a      1113     1     5     2    13
  4.0122336424580951E-01 a      1114     1     5     2    14
  1.9828701633510493E-01 a      1115     1     5     2    15
 -5.8547190559033291E-01 a      1116     1     5     2    16
  2.7501409031176627E-01 a      1117     1     5     2    17
 -4.0908980945030737E-01 a      1118     1     5     2    18
  2.2957894850000393E-01 a      1119     1     5     2    19
 -5.0415828683952291E-01 a      1120     1     5     2    20
  4.8547783222571894E-01 a      1121     1     6     2     1
  5.5726018821699819E-01 a      1122     1     6     2     2
 -5.8204828359792493E-01 a      1123     1     6     2     3
 -6.1285565236936834E-01 a      1124     1     6     2     4
 -2.7965598514030865E-01 a      1125     1     6     2     5
 -4.7501784175223788E-01 a      1126     1     6     2     6
 -3.2265508241453061E-01 a      1127     1     6     2     7
  5.8700086124869311E-01 a      1128     1     6     2     8
 -1.4980411228951254E-01 a      1129     1     6     2     9
 -1.6067888083353510E-01 a      1130     1     6     2    10
  2.0276422210316031E-02 a      1131     1     6     2    11
  5.1212488256106736E-01 a      1132     1     6     2    12
  4.1167642961561490E-01 a      1133     1     6     2    13
 -4.0668847880085630E-02 a      1134     1     6     2    14
  4.1254953190495791E-01 a      1135     1     6     2    15
 -5.2725681100198296E-01 a      1136     1     6     2    16
 -5.1697165977563742E-01 a      1137     1     6     2    17
  3.1286062182573343E-01 a      1138     1     6     2    18
 -3.4572915229965095E-01 a      1139     1     6     2    19
  1.1093468389133307E-01 a      1140     1     6     2    20
  7.0913107718799606E-02 a      1141     1     7     2     1
  2.3758271905074688E-01 a      1142     1     7     2     2
  6.2135177454833690E-01 a      1143     1     7     2     3
  3.7819542437426368E-01 a      1144     1     7     2     4
  2.7964392670086546E-01 a      1145     1     7     2     5
 -6.7297191327084824E-02 a      1146     1     7     2     6
  2.9488323972701996E-01 a      1147     1     7     2     7
 -2.2060774164960977E-02 a      1148     1     7     2     8
 -4.4499831921339306E-01 a      1149     1     7     2     9
  2.7701828029887590E-02 a      1150     1     7     2    10
  4.4488860207615090E-02 a      1151     1     7     2    11
  1.0657423773429601E-02 a      1152     1     7     2    12
  1.1270855939445298E-01 a      1153     1     7     2    13
  2.1307659000270132E-01 a      1154     1     7     2    14
 -1.6830580212718691E-02 a      1155     1     7     2    15
  5.5234939881286671E-01 a      1156     1     7     2    16
  3.8482264399890032E-01 a      1157     1     7     2    17
 -3.4842458326110232E-01 a      1158     1     7     2    18
  5.0116508670866611E-01 a      1159     1     7     2    19
 -1.7799893994560470E-01 a      1160     1     7     2    20
 -5.3147577160148696E-01 a      1161     1     8     2     1
 -4.7167333127177448E-02 a      1162     1     8     2     2
  1.5513150676505805E-01 a      1163     1     8     2     3
  7.9625100033479876E-02 a      1164     1     8     2     4
  1.1866246469886163E-01 a      1165     1     8     2     5
  3.2808208545825329E-01 a      1166     1     8     2     6
  1.3455734464748193E-02 a      1167     1     8     2     7
 -9.2052315776767465E-02 a      1168     1     8     2     8
 -1.0310219632165279E-01 a      1169     1     8     2     9
 -4.4159807947376395E-01 a      1170     1     8     2    10
  3.7916724618075734E-03 a      1171     1     8     2    11
  2.5474304305290668E-01 a      1172     1     8     2    12
  6.9002714819834832E-01 a      1173     1     8     2    13
  2.4582063874555854E-01 a      1174     1     8     2    14
  4.8692647188112015E-01 a      1175     1     8     2    15
 -2.8835474261161997E-01 a      1176     1     8     2    16
  6.6782107414621006E-01 a      1177     1     8     2    17
 -1.8892696909640366E-01 a      1178     1     8     2    18
 -2.7034048084108264E-01 a      1179     1     8     2    19
 -2.7090615253680200E-01 a      1180     1     8     2    20
 -1.1526876775064919E-01 a      1181     1     9     2     1
 -6.9124974155855237E-02 a      1182     1     9     2     2
 -3.9181154259405676E-01 a      1183     1     9     2     3
  8.5648959749850728E-01 a      1184     1     9     2     4
  3.3924741250789633E-02 a      1185     1     9     2     5
 -4.8817052750366485E-01 a      1186     1     9     2     6
  3.4820330769733643E-01 a      1187     1     9     2     7
 -6.5919819474419561E-01 a      1188     1     9     2     8
  6.5408012011358221E-02 a      1189     1     9     2     9
 -3.7471909619106542E-01 a      1190     1     9     2    10
  5.0433963336724830E-01 a      1191     1     9     2    11
 -7.0665985042454554E-02 a      1192     1     9     2    12
 -2.8639477861738427E-01 a      1193     1     9     2    13
  7.2311974404645804E-02 a      1194     1     9     2    14
  6.1162513438567723E-01 a      1195     1     9     2    15
  3.1812299032767166E-01 a      1196     1     9     2    16
 -3.8875889995408908E-01 a      1197     1     9     2    17
 -5.1409104034889956E-02 a      1198     1     9     2    18
  2.3550714669757333E-01 a      1199     1     9     2    19
 -3.5199994514265492E-01 a      1200     1     9     2    20
  3.6473086464634530E-01 a      1201     1    10     2     1
  6.2926476370865103E-01 a      1202     1    10     2     2
 -5.6898718070339624E-02 a      1203     1    10     2     3
  2.5369821367617562E-01 a      1204     1    10     2     4
  2.0360502580972800E-01 a      1205     1    10     2     5
 -1.4965575909017090E-01 a      1206     1    10     2     6
  3.0583960642635877E-01 a      1207     1    10     2     7
  8.1717729330380837E-02 a      1208     1    10     2     8
 -3.3534297012249270E-01 a      1209     1    10     2     9
 -2.3319775029096659E-01 a      1210     1    10     2    10
  4.5343863580006255E-01 a      1211     1    10     2    11
 -9.2867721294963776E-02 a      1212     1    10     2    12
  1.0198698480372208E-01 a      1213     1    10     2    13
 -4.3749983288261457E-01 a      1214     1    10     2    14
 -2.7867806078712726E-01 a      1215     1    10     2    15
 -1.8829659230176368E-01 a      1216     1    10     2    16
 -2.0971230723432074E-01 a      1217     1    10     2    17
 -3.5628579268485461E-01 a      1218     1    10     2    18
 -7.9304200137082323E-02 a      1219     1    10     2    19
  5.9740775170538019E-01 a      1220     1    10     2    20
  3.8103515817095879E-01 a      1221     1    11     2     1
 -4.4691060778156116E-01 a      1222     1    11     2     2
  9.3326157269931903E-03 a      1223     1    11     2     3
  5.4933451421386309E-02 a      1224     1    11     2     4
 -2.0270976006308061E-01 a      1225     1    11     2     5
 -5.4573080042564719E-02 a      1226     1    11     2     6
  2.0565605992384134E-01 a      1227     1    11     2     7
 -4.0058963204465864E-01 a      1228     1    11     2     8
  3.8509603087822375E-01 a      1229     1    11     2     9
 -1.3648789315218632E-01 a      1230     1    11     2    10
 -1.9280187356716563E-01 a      1231     1    11     2    11
 -5.5643440595422666E-01 a      1232     1    11     2    12
 -1.6290010356693069E-01 a      1233     1    11     2    13
  1.0596781374895788E-02 a      1234     1    11     2    14
  7.3756940089911391E-02 a      1235     1    11     2    15
 -2.5987952870192577E-01 a      1236     1    11     2    16
 -2.3828995669792238E-01 a      1237     1    11     2    17
 -9.6565699840698863E-02 a      1238     1    11     2    18
  6.0245132332779872E-01 a      1239     1    11     2    19
  7.1687702450426743E-02 a      1240     1    11     2    20
 -2.5570156240694258E-01 a      1241     1    12     2     1
 -4.6960062914808248E-01 a      1242     1    12     2     2
  3.5279219538639534E-01 a      1243     1    12     2     3
  6.8190123121780755E-01 a      1244     1    12     2     4
  4.3143327494439832E-01 a      1245     1    12     2     5
 -3.3768181716930212E-01 a      1246     1    12     2     6
  5.2999765484916028E-01 a      1247     1    12     2     7
  6.7659113030925033E-01 a      1248     1    12     2     8
 -4.5386411022002066E-01 a      1249     1    12     2     9
 -4.8265023471254198E-01 a      1250     1    12     2    10
 -3.8681909202678072E-01 a      1251     1    12     2    11
 -1.4194378036606520E-01 a      1252     1    12     2    12
  1.3022667391883283E-01 a      1253     1    12     2    13
 -4.2751009261565837E-01 a      1254     1    12     2    14
 -5.6749067765896548E-02 a      1255     1    12     2    15
 -2.5857665363726873E-01 a      1256     1    12     2    16
 -4.6974767438850801E-01 a      1257     1    12     2    17
 -3.3799415592419485E-01 a      1258     1    12     2    18
 -2.7523015389360067E-01 a      1259     1    12     2    19
  5.6075723882390871E-01 a      1260     1    12     2    20
 -1.7419971691437866E-01 a      1261     1    13     2     1
 -4.2585914891878734E-01 a      1262     1    13     2     2
 -1.1356463829781566E-01 a      1263     1    13     2     3
  1.5072899271239432E-01 a      1264     1    13     2     4
 -3.9215855921486903E-01 a      1265     1    13     2     5
 -1.3327848259436098E-01 a      1266     1    13     2     6
  5.5426112701704458E-02 a      1267     1    13     2     7
  4.2814624188158112E-01 a      1268     1    13     2     8
  2.5405360748556965E-01 a      1269     1    13     2     9
  1.5195587849725478E-01 a      1270     1    13     2    10
  2.4469891596902896E-02 a      1271     1    13     2    11
 -1.5589188539423338E-01 a      1272     1    13     2    12
 -2.5777463700064340E-01 a      1273     1    13     2    13
  1.6043549582669447E-01 a      1274     1    13     2    14
  2.6207328165256966E-01 a      1275     1    13     2    15
  1.1653106737581942E-01 a      1276     1    13     2    16
 -1.5981698606115868E-01 a      1277     1    13     2    17
  1.0076470532184105E-01 a      1278     1    13     2    18
  5.6790156846266975E-02 a      1279     1    13     2    19
 -5.5391031170615168E-01 a      1280     1    13     2    20
  6.3562522270108412E-01 a      1281     1    14     2     1
  1.4730223752065089E-01 a      1282     1    14     2     2
 -4.6318233840140488E-01 a      1283     1    14     2     3
  3.8572985257992287E-01 a      1284     1    14     2     4
 -1.4214817760077386E-01 a      1285     1    14     2     5
  2.1891730046429195E-01 a      1286     1    14     2     6
  6.7240909031825091E-01 a      1287     1    14     2     7
 -1.1854087044003095E-01 a      1288     1    14     2     8
  1.3740205350442278E-01 a      1289     1    14     2     9
  3.1953070055819616E-01 a      1290     1    14     2    10
  4.4005630673204149E-01 a      1291     1    14     2    11
  4.4969894743217914E-01 a      1292     1    14     2    12
  5.1639596468280424E-01 a      1293     1    14     2    13
  1.0266296673112772E-01 a      1294     1    14     2    14
 -1.9569707587767898E-01 a      1295     1    14     2    15
  1.7485067453133835E-01 a      1296     1    14     2    16
  1.7773509433347237E-01 a      1297     1    14     2    17
  3.2395276391510498E-02 a      1298     1    14     2    18
 -2.3637173457550029E-01 a      1299     1    14     2    19
 -2.8274736701509456E-01 a      1300     1    14     2    20
  1.7828329687740574E-01 a      1301     1    15     2     1
  2.1224152191401296E-01 a      1302     1    15     2     2
  5.3300475301551508E-03 a      1303     1    15     2     3
  3.4418731286099080E-01 a      1304     1    15     2     4
 -1.4267362597884461E-01 a      1305     1    15     2     5
  3.1436472742440630E-01 a      1306     1    15     2     6
  2.5927990473451518E-01 a      1307     1    15     2     7
 -1.5137137542156806E-02 a      1308     1    15     2     8
  6.4737689136869822E-02 a      1309     1    15     2     9
 -9.2125952422056501E-03 a      1310     1    15     2    10
 -3.5495758440797198E-01 a      1311     1    15     2    11
 -4.9889549007347450E-01 a      1312     1    15     2    12
 -2.0998097059332080E-01 a      1313     1    15     2    13
  3.7866352182827229E-01 a      1314     1    15     2    14
 -2.3882585670441388E-02 a      1315     1    15     2    15
  7.2059363567642906E-02 a      1316     1    15     2    16
  1.8475880060753302E-01 a      1317     1    15     2    17
 -1.9970157452400528E-01 a      1318     1    15     2    18
 -2.0409152979597128E-01 a      1319     1    15     2    19
 -1.5895982111938622E-01 a      1320     1    15     2    20
  4.1627104641411072E-01 a      1321     1    16     2     1
 -1.8323316126593414E-01 a      1322     1    16     2     2
 -7.8215344535868842E-02 a      1323     1    16     2     3
 -1.7567609017515637E-01 a      1324     1    16     2     4
 -4.5239383964623420E-01 a      1325     1    16     2     5
  5.5199614588080104E-01 a      1326     1    16     2     6
 -2.0442716341322958E-01 a      1327     1    16     2     7
 -2.9547672253760465E-01 a      1328     1    16     2     8
  1.2929567434916270E-01 a      1329     1    16     2     9
 -4.6735274779223673E-01 a      1330     1    16     2    10
 -4.5872040778065226E-01 a      1331     1    16     2    11
 -4.8003136375590261E-01 a      1332     1    16     2    12
 -5.0477682713047145E-02 a      1333     1    16     2    13
 -5.5749281663805805E-01 a      1334     1    16     2    14
 -5.2459131517838853E-01 a      1335     1    16     2    15
  3.0541599833112953E-01 a      1336     1    16     2    16
  2.3791109606270084E-02 a      1337     1    16     2    17
  4.8831088116309868E-01 a      1338     1    16     2    18
 -2.8107829847755317E-01 a      1339     1    16     2    19
 -3.5925613868092315E-01 a      1340     1    16     2    20
  5.3369492209961672E-03 a      1341     1    17     2     1
  4.7471535343914950E-01 a      1342     1    17     2     2
 -6.1331938430133004E-01 a      1343     1    17     2     3
  2.4622095756163914E-01 a      1344     1    17     2     4
  1.1032211201067216E-01 a      1345     1    17     2     5
 -3.7247519435006482E-01 a      1346     1    17     2     6
  4.1008871695973864E-01 a      1347     1    17     2     7
  1.2713168188628374E-01 a      1348     1    17     2     8
 -5.0533084747480994E-01 a      1349     1    17     2     9
 -5.2399358341257152E-01 a      1350     1    17     2    10
 -4.1808155771382099E-01 a      1351     1    17     2    11
 -2.0137522249979059E-01 a      1352     1    17     2    12
  6.8461547500751874E-01 a      1353     1    17     2    13
  4.1255246691823821E-01 a      1354     1    17     2    14
  1.4555279088736470E-01 a      1355     1    17     2    15
 -5.8108560926264086E-01 a      1356     1    17     2    16
  1.0157587154041225E-01 a      1357     1    17     2    17
  5.7663715585766140E-01 a      1358     1    17     2    18
 -4.5558267580827644E-01 a      1359     1    17     2    19
  1.8712989079360784E-01 a      1360     1    17     2    20
  3.0164294818169474E-01 a      1361     1    18     2     1
  5.0915796513274725E-01 a      1362     1    18     2     2
 -2.1434777575243310E-02 a      1363     1    18     2     3
 -3.9551199592905806E-01 a      1364     1    18     2     4
 -1.5281473605179036E-01 a      1365     1    18     2     5
  6.9673331063089289E-02 a      1366     1    18     2     6
 -2.7604597286022231E-01 a      1367     1    18     2     7
  1.9782432413063697E-01 a      1368     1    18     2     8
  1.0717621020692218E-01 a      1369     1    18     2     9
  3.4354986438307110E-02 a      1370     1    18     2    10
 -3.6856217279934947E-02 a      1371     1    18     2    11
  1.8972564600621236E-01 a      1372     1    18     2    12
 -4.9163687926342153E-01 a      1373     1    18     2    13
  4.7082224152733820E-01 a      1374     1    18     2    14
  3.2230875208955589E-01 a      1375     1    18     2    15
  5.0553952934312052E-01 a      1376     1    18     2    16
 -3.9322041505094457E-01 a      1377     1    18     2    17
 -6.6141376582985762E-03 a      1378     1    18     2    18
 -4.9627070100274184E-01 a      1379     1    18     2    19
 -5.4944984735921509E-01 a      1380     1    18     2    20
 -2.9176133814391830E-01 a      1381     1    19     2     1
  3.8550124127718091E-02 a      1382     1    19     2     2
  4.6442438666789970E-01 a      1383     1    19     2     3
 -2.3144674718990196E-01 a      1384     1    19     2     4
 -1.2130201400134343E-01 a      1385     1    19     2     5
 -4.1164671478978521E-01 a      1386     1    19     2     6
  8.5987545690817235E-02 a      1387     1    19     2     7
  3.2882825599208920E-01 a      1388     1    19     2     8
 -4.6171360635815228E-01 a      1389     1    19     2     9
 -5.1216351983682062E-01 a      1390     1    19     2    10
  5.3218739795874848E-01 a      1391     1    19     2    11
 -5.0099088445717477E-01 a      1392     1    19     2    12
  5.0003615292207015E-01 a      1393     1    19     2    13
 -1.1889618549025566E-01 a      1394     1    19     2    14
  2.7737531083074091E-01 a      1395     1    19     2    15
  6.4950615139549239E-01 a      1396     1    19     2    16
  1.1923775936207041E-01 a      1397     1    19     2    17
 -8.4995904208313364E-02 a      1398     1    19     2    18
  3.7633996404048081E-01 a      1399     1    19     2    19
  1.6728353627792997E-01 a      1400     1    19     2    20
  3.1705667743372556E-01 a      1401     1    20     2     1
 -4.6725843081642397E-02 a      1402     1    20     2     2
  2.6123769200516622E-01 a      1403     1    20     2     3
  1.2505975083692289E-01 a      1404     1    20     2     4
 -9.5154306628113722E-02 a      1405     1    20     2     5
  7.8352746222331848E-03 a      1406     1    20     2     6
  1.5195200587806831E-01 a      1407     1    20     2     7
  6.7221034348873901E-02 a      1408     1    20     2     8
 -3.2104452294659948E-02 a      1409     1    20     2     9
 -3.1815529156028188E-01 a      1410     1    20     2    10
 -3.5741317096261815E-01 a      1411     1    20     2    11
  4.9985255495320868E-01 a      1412     1    20     2    12
 -4.0229390893048411E-01 a      1413     1    20     2    13
  1.0425807451573744E-01 a      1414     1    20     2    14
 -6.4126103574944426E-01 a      1415     1    20     2    15
  2.9401940780657571E-01 a      1416     1    20     2    16
  3.2312510611402445E-02 a      1417     1    20     2    17
  4.6070928517748871E-01 a      1418     1    20     2    18
 -5.8635138465687808E-01 a      1419     1    20     2    19
  1.6205048674803976E-01 a      1420     1    20     2    20
 -1.4221847829512375E+00 b      1421     2     1
  1.1392278818002550E+00 b      1422     2     2
  5.8716616865158122E-01 b      1423     2     3
 -3.0900550220070311E-01 b      1424     2     4
 -8.5394351688896686E-01 b      1425     2     5
 -3.5303111406199539E-01 b      1426     2     6
 -1.0855833648353144E-01 b      1427     2     7
 -2.1452360175598736E-01 b      1428     2     8
 -1.4281946784605370E-01 b      1429     2     9
  5.9671899339763357E-01 b      1430     2    10
  7.8486453888249330E-01 b      1431     2    11
 -3.1337438728381739E-02 b      1432     2    12
 -8.9337245791288455E-01 b      1433     2    13
  9.2839574785497214E-01 b      1434     2    14
 -2.3188733881043236E-01 b      1435     2    15
  5.4963275671543987E-01 b      1436     2    16
  7.4629644998853983E-01 b      1437     2    17
 -8.6125670761385709E-01 b      1438     2    18
  4.0140735052521603E-01 b      1439     2    19
 -8.0702140136946909E-01 b      1440     2    20
  4.6109419975159305E-01 a      1441     2     1     3     1
 -3.6371442779855490E-02 a      1442     2     2     3     1
 -7.8822792278571252E-01 a      1443     2     3     3     1
 -7.1272558305836586E-01 a      1444     2     4     3     1
  9.6816937536123870E-01 a      1445     2     5     3     1
 -3.7777420315680649E-01 a      1446     2     6     3     1
  5.8447931914662898E-01 a      1447     2     7     3     1
  8.9675694922131577E-01 a      1448     2     8     3     1
  7.2472489180067656E-02 a      1449     2     9     3     1
 -8.3536985410514408E-01 a      1450     2    10     3     1
 -5.5637080345785704E-04 a      1451     2    11     3     1
 -6.7871070169714309E-01 a      1452     2    12     3     1
  1.1185328480990739E+00 a      1453     2    13     3     1
 -4.8978804531924841E-01 a      1454     2    14     3     1
  2.3403561620255192E-01 a      1455     2    15     3     1
 -8.1595843443758198E-02 a      1456     2    16     3     1
  2.8594319325397910E-01 a      1457     2    17     3     1
  1.1827456943452985E+00 a      1458     2    18     3     1
  1.7221374401533809E-01 a      1459     2    19     3     1
 -5.5176195805748374E-01 a      1460     2    20     3     1
 -5.9877307559272386E-01 b      1461     3     1
