################################################################################
# Neural network connection values (weights and biases).
################################################################################
# Col  Name       Description
################################################################################
# 1    connection Neural network connection value.
# 2    t          Connection type (a = weight, b = bias).
# 3    index      Index enumerating weights.
# 4    l_s        Starting point layer (end point layer for biases).
# 5    n_s        Starting point neuron in starting layer (end point neuron for biases).
# 6    l_e        End point layer.
# 7    n_e        End point neuron in end layer.
################################################################################
#                      1 2         3     4     5     6     7
#             connection t     index   l_s   n_s   l_e   n_e
############################################################
 -7.0165674500378791E-02 a         1     0     1     1     1
  9.2669082242359346E-01 a         2     0     1     1     2
  4.3495589997183220E-01 a         3     0     1     1     3
 -1.0079550754880227E-01 a         4     0     1     1     4
 -6.8172722203460337E-02 a         5     0     1     1     5
  2.6281927372796068E-02 a         6     0     1     1     6
 -2.2578802542335560E-01 a         7     0     1     1     7
 -5.9534327514414109E-01 a         8     0     1     1     8
 -1.9138934708410391E-01 a         9     0     1     1     9
 -1.9229138013187708E-01 a        10     0     1     1    10
  2.4623076827334439E-01 a        11     0     1     1    11
  1.0994436319028701E-01 a        12     0     1     1    12
 -4.9643079175082133E-01 a        13     0     1     1    13
  4.7527511335935413E-01 a        14     0     1     1    14
  2.4006821462970385E-01 a        15     0     1     1    15
 -6.8187843921967861E-02 a        16     0     1     1    16
 -1.7150327942384933E-01 a        17     0     1     1    17
  9.0259012336251235E-02 a        18     0     1     1    18
  4.7074701023662777E-02 a        19     0     1     1    19
 -4.5541760068345893E-01 a        20     0     1     1    20
  6.7435033177449463E-02 a        21     0     2     1     1
  3.9453902349806211E-02 a        22     0     2     1     2
  1.8915226144186001E-01 a        23     0     2     1     3
 -2.7835942933555208E-01 a        24     0     2     1     4
  4.3609261656282527E-01 a        25     0     2     1     5
 -1.5477017405948015E-01 a        26     0     2     1     6
  5.0989158362765330E-01 a        27     0     2     1     7
  3.6813428062408787E-01 a        28     0     2     1     8
 -4.9063984233699870E-02 a        29     0     2     1     9
 -7.9286950577284344E-03 a        30     0     2     1    10
  1.6552853066768516E-01 a        31     0     2     1    11
 -1.0207384394275532E-01 a        32     0     2     1    12
  8.1775425570465007E-02 a        33     0     2     1    13
  2.2545455571264855E-01 a        34     0     2     1    14
 -2.6454791383836768E-01 a        35     0     2     1    15
  2.8491012114586395E-01 a        36     0     2     1    16
  5.5142007389275027E-01 a        37     0     2     1    17
 -1.0456737632924382E-01 a        38     0     2     1    18
  4.1003080895592119E-02 a        39     0     2     1    19
 -2.7310589233942578E-01 a        40     0     2     1    20
  2.5747569443088308E-01 a        41     0     3     1     1
 -7.7234453758070115E-02 a        42     0     3     1     2
  2.0646985224172279E-01 a        43     0     3     1     3
 -4.7088760648470535E-02 a        44     0     3     1     4
 -1.4834216938398414E-02 a        45     0     3     1     5
  1.8774430363313424E-01 a        46     0     3     1     6
 -6.7883546321177365E-02 a        47     0     3     1     7
  1.5067314372199422E-01 a        48     0     3     1     8
  1.0235118937772195E-01 a        49     0     3     1     9
  6.7655368775705299E-02 a        50     0     3     1    10
 -8.0541195809421914E-02 a        51     0     3     1    11
  1.6656167101454980E-01 a        52     0     3     1    12
 -8.6356204647806301E-02 a        53     0     3     1    13
  6.8526522518555068E-03 a        54     0     3     1    14
  1.8684289360803155E-01 a        55     0     3     1    15
 -1.3696407898687490E-01 a        56     0     3     1    16
 -2.9912277783476282E-01 a        57     0     3     1    17
  3.2388728271085724E-03 a        58     0     3     1    18
 -1.5194722300666699E-01 a        59     0     3     1    19
 -3.5360071457255365E-02 a        60     0     3     1    20
 -5.2604943793502013E-01 a        61     0     4     1     1
  8.2830238406203655E-02 a        62     0     4     1     2
 -1.7069735933639574E-01 a        63     0     4     1     3
 -1.3277813461581636E-01 a        64     0     4     1     4
  4.2181992544799241E-01 a        65     0     4     1     5
 -4.8763724299850431E-02 a        66     0     4     1     6
  1.1658853907394215E-01 a        67     0     4     1     7
  3.1922782593804583E-01 a        68     0     4     1     8
  2.8156913620429297E-01 a        69     0     4     1     9
  6.9458465849930179E-02 a        70     0     4     1    10
 -1.3547745148106918E-01 a        71     0     4     1    11
  6.9499272166737722E-02 a        72     0     4     1    12
  7.5157569344344546E-02 a        73     0     4     1    13
  1.3208310910048615E-01 a        74     0     4     1    14
 -2.3505145653094922E-01 a        75     0     4     1    15
 -2.8292192892736995E-01 a        76     0     4     1    16
 -3.5386731396571441E-01 a        77     0     4     1    17
  9.4419669331313044E-02 a        78     0     4     1    18
 -4.0632441934681983E-02 a        79     0     4     1    19
 -9.8912009973155274E-02 a        80     0     4     1    20
 -2.3377633908179452E-01 a        81     0     5     1     1
  1.3037863288341955E-01 a        82     0     5     1     2
  5.9009893876207906E-02 a        83     0     5     1     3
  6.6632769800272620E-02 a        84     0     5     1     4
  2.7581644564724779E-03 a        85     0     5     1     5
 -2.9422930979527906E-01 a        86     0     5     1     6
 -6.2342921459463396E-01 a        87     0     5     1     7
 -2.8543493520708219E-01 a        88     0     5     1     8
 -2.0607894531350762E-01 a        89     0     5     1     9
 -2.1078825724863273E-01 a        90     0     5     1    10
  5.4974715541504882E-01 a        91     0     5     1    11
 -8.9028994715292173E-02 a        92     0     5     1    12
  2.5049834422717088E-01 a        93     0     5     1    13
 -2.0554207837792288E-01 a        94     0     5     1    14
  2.8067194340456830E-01 a        95     0     5     1    15
 -4.3259671557021584E-01 a        96     0     5     1    16
 -3.2308045142233660E-01 a        97     0     5     1    17
 -6.0298882584247177E-02 a        98     0     5     1    18
  2.6400156378233658E-01 a        99     0     5     1    19
  8.3909937426629888E-01 a       100     0     5     1    20
 -2.9905215237542304E-01 a       101     0     6     1     1
  2.8562766669105383E-01 a       102     0     6     1     2
  4.2741636482698603E-02 a       103     0     6     1     3
 -1.6308785821799782E-01 a       104     0     6     1     4
 -7.6310618420512677E-02 a       105     0     6     1     5
 -2.4188507761569880E-01 a       106     0     6     1     6
 -5.8860421498516141E-02 a       107     0     6     1     7
 -1.5821701282792563E-01 a       108     0     6     1     8
  2.9327165561443902E-01 a       109     0     6     1     9
  1.7525156174439588E-01 a       110     0     6     1    10
  2.0858245679596721E-01 a       111     0     6     1    11
 -4.1014767035795700E-02 a       112     0     6     1    12
 -1.5129651108327419E-01 a       113     0     6     1    13
 -8.3597663672689060E-02 a       114     0     6     1    14
 -3.1472751002986454E-01 a       115     0     6     1    15
 -5.4304698131967769E-02 a       116     0     6     1    16
  1.9736675633977688E-01 a       117     0     6     1    17
 -1.6675217849276522E-01 a       118     0     6     1    18
 -1.6549922758765601E-01 a       119     0     6     1    19
  1.4801282891114129E-02 a       120     0     6     1    20
  4.9729949496987258E-01 a       121     0     7     1     1
 -5.5971459435835291E-01 a       122     0     7     1     2
  7.0891975573331351E-02 a       123     0     7     1     3
  2.3130807599572289E-01 a       124     0     7     1     4
 -2.8331966689846361E-01 a       125     0     7     1     5
 -9.6377590381920439E-02 a       126     0     7     1     6
 -4.0980141673553488E-02 a       127     0     7     1     7
  9.0474906874314101E-02 a       128     0     7     1     8
 -2.5412681864177833E-01 a       129     0     7     1     9
  6.0516565475975455E-02 a       130     0     7     1    10
 -1.8157256136912556E-01 a       131     0     7     1    11
 -8.7841071657263486E-03 a       132     0     7     1    12
 -4.3640349661176148E-01 a       133     0     7     1    13
 -3.5993933481213997E-01 a       134     0     7     1    14
 -8.3659980596125672E-02 a       135     0     7     1    15
  1.2432363718136259E-01 a       136     0     7     1    16
 -2.4084176160171476E-02 a       137     0     7     1    17
 -1.3986148693844691E-01 a       138     0     7     1    18
 -3.0837018480858108E-01 a       139     0     7     1    19
  3.0803640634390461E-01 a       140     0     7     1    20
 -1.6122004866782197E-01 a       141     0     8     1     1
  1.6167989118375117E-01 a       142     0     8     1     2
  4.5758901245074113E-01 a       143     0     8     1     3
 -1.3574116338766268E-01 a       144     0     8     1     4
 -1.3257445112279350E-02 a       145     0     8     1     5
  1.0701703163571034E-01 a       146     0     8     1     6
  1.7524746949704700E-01 a       147     0     8     1     7
  7.1670146209208932E-02 a       148     0     8     1     8
  4.9059334285915379E-01 a       149     0     8     1     9
 -8.4527642219894325E-02 a       150     0     8     1    10
 -2.0762321756061008E-01 a       151     0     8     1    11
  1.6359089415619016E-01 a       152     0     8     1    12
  1.3082392562752176E-01 a       153     0     8     1    13
  2.3115286066859850E-01 a       154     0     8     1    14
 -2.9127814621753928E-01 a       155     0     8     1    15
  5.7544160317455229E-01 a       156     0     8     1    16
  2.3739757842297163E-02 a       157     0     8     1    17
 -2.8916047395823541E-01 a       158     0     8     1    18
 -5.5852272038020945E-01 a       159     0     8     1    19
 -6.2756559964574377E-01 a       160     0     8     1    20
  4.1984043226854534E-02 a       161     0     9     1     1
 -1.8843095481344332E-01 a       162     0     9     1     2
 -9.8581778732190789E-02 a       163     0     9     1     3
  2.6119262549058594E-02 a       164     0     9     1     4
 -1.0416358236404744E-01 a       165     0     9     1     5
 -3.0921419788744731E-01 a       166     0     9     1     6
  2.3053365900288586E-01 a       167     0     9     1     7
 -1.6564857146485892E-01 a       168     0     9     1     8
  2.3975406630581728E-01 a       169     0     9     1     9
 -2.3452818676270298E-01 a       170     0     9     1    10
 -2.7060541795211973E-01 a       171     0     9     1    11
  2.9754558368277390E-01 a       172     0     9     1    12
  1.3902014563586790E-01 a       173     0     9     1    13
  1.0282749760769191E-01 a       174     0     9     1    14
  6.8036643910717690E-02 a       175     0     9     1    15
 -2.3562279453119125E-01 a       176     0     9     1    16
  1.0477331003834149E-01 a       177     0     9     1    17
 -1.1858217740682726E-01 a       178     0     9     1    18
 -8.1855931879551980E-02 a       179     0     9     1    19
 -1.7453276810271323E-01 a       180     0     9     1    20
 -9.4453469514547209E-02 a       181     0    10     1     1
  4.3709365298096992E-01 a       182     0    10     1     2
 -1.2315765487389577E-01 a       183     0    10     1     3
 -4.6085873114076631E-01 a       184     0    10     1     4
  1.3095006386004756E-03 a       185     0    10     1     5
 -1.4324168014254438E-01 a       186     0    10     1     6
 -1.3766814217969900E-01 a       187     0    10     1     7
  1.7501548564766720E-01 a       188     0    10     1     8
 -3.2956823407006353E-01 a       189     0    10     1     9
 -1.1623045240361835E-02 a       190     0    10     1    10
 -1.2574637328589588E-01 a       191     0    10     1    11
 -4.5965312191127988E-01 a       192     0    10     1    12
 -1.8770593541367830E-01 a       193     0    10     1    13
 -5.5253655904869796E-02 a       194     0    10     1    14
  2.3444405268555968E-01 a       195     0    10     1    15
  3.0260724375508979E-01 a       196     0    10     1    16
  8.3069326593102275E-02 a       197     0    10     1    17
 -1.1859189672119777E-01 a       198     0    10     1    18
 -1.5195974130953155E-01 a       199     0    10     1    19
 -4.0043050067830149E-01 a       200     0    10     1    20
 -2.6922925620106863E-01 a       201     0    11     1     1
  8.5501061449510640E-02 a       202     0    11     1     2
 -1.4959320340436127E-01 a       203     0    11     1     3
  8.1265275677289903E-02 a       204     0    11     1     4
  1.2687797159825706E-01 a       205     0    11     1     5
  1.1525424826209500E-02 a       206     0    11     1     6
  1.1885317581901075E-01 a       207     0    11     1     7
 -3.8117308193287464E-01 a       208     0    11     1     8
 -1.9610063213619966E-01 a       209     0    11     1     9
  3.6666848823523318E-01 a       210     0    11     1    10
  5.8767590257407087E-01 a       211     0    11     1    11
  5.2734057102681642E-02 a       212     0    11     1    12
  2.0727817777543123E-02 a       213     0    11     1    13
 -4.7549928263210091E-02 a       214     0    11     1    14
  1.6728654516527472E-01 a       215     0    11     1    15
  1.9457834297207036E-01 a       216     0    11     1    16
 -4.5592150451825636E-03 a       217     0    11     1    17
  1.5686939274131225E-02 a       218     0    11     1    18
  3.5983577347594708E-01 a       219     0    11     1    19
  5.9659635554005808E-01 a       220     0    11     1    20
  1.6780802113008031E-01 a       221     0    12     1     1
  1.0315524729412975E-01 a       222     0    12     1     2
 -1.7702240857942356E-01 a       223     0    12     1     3
  6.3287018643087070E-03 a       224     0    12     1     4
  2.2306350989828194E-01 a       225     0    12     1     5
 -3.0089696734889326E-01 a       226     0    12     1     6
 -2.7500219560701050E-01 a       227     0    12     1     7
  1.9546292142478944E-01 a       228     0    12     1     8
 -2.7811673855253716E-01 a       229     0    12     1     9
  4.5958608450012789E-02 a       230     0    12     1    10
  1.4981885919910670E-01 a       231     0    12     1    11
 -1.7526122947120734E-01 a       232     0    12     1    12
 -4.0601103795042232E-01 a       233     0    12     1    13
 -1.7277153213868710E-01 a       234     0    12     1    14
  1.8021154518880889E-01 a       235     0    12     1    15
  2.8569708281439510E-01 a       236     0    12     1    16
  3.1859658118675430E-03 a       237     0    12     1    17
  7.7980225555114635E-02 a       238     0    12     1    18
 -2.5275447182183795E-02 a       239     0    12     1    19
  4.6376795663942809E-02 a       240     0    12     1    20
  2.7249526059640122E-02 a       241     0    13     1     1
  1.1728392144005734E-01 a       242     0    13     1     2
  4.1767566646274644E-03 a       243     0    13     1     3
  2.5358533086523943E-01 a       244     0    13     1     4
  2.4874292820105756E-01 a       245     0    13     1     5
 -1.1258269792044762E-01 a       246     0    13     1     6
 -6.2174478261092590E-02 a       247     0    13     1     7
  1.1931108681807275E-01 a       248     0    13     1     8
  1.5015874038171065E-01 a       249     0    13     1     9
 -2.6730930549738763E-01 a       250     0    13     1    10
 -2.3122583635286101E-01 a       251     0    13     1    11
  2.4468830817764112E-01 a       252     0    13     1    12
 -2.3248843725076149E-01 a       253     0    13     1    13
  1.4543067326455061E-01 a       254     0    13     1    14
 -9.1006571316170140E-02 a       255     0    13     1    15
  1.0528878605827399E-01 a       256     0    13     1    16
 -4.0679074853989433E-01 a       257     0    13     1    17
  7.2708115284350019E-02 a       258     0    13     1    18
 -2.4236198841836398E-01 a       259     0    13     1    19
  3.5514033698170105E-02 a       260     0    13     1    20
 -5.6026377845593042E-02 a       261     0    14     1     1
  6.6648439175680724E-02 a       262     0    14     1     2
  2.0755306437470133E-01 a       263     0    14     1     3
 -3.8688047804356085E-02 a       264     0    14     1     4
 -2.2800152584110350E-01 a       265     0    14     1     5
  1.7081305194471016E-01 a       266     0    14     1     6
  1.8277829803176490E-01 a       267     0    14     1     7
  1.6374956259966356E-01 a       268     0    14     1     8
 -2.2008320141865861E-01 a       269     0    14     1     9
  1.9246890684494686E-01 a       270     0    14     1    10
 -6.0726919631853220E-02 a       271     0    14     1    11
  1.8816545474209773E-01 a       272     0    14     1    12
  1.1742790411770591E-01 a       273     0    14     1    13
  1.8366255690185338E-03 a       274     0    14     1    14
  4.2265130055872700E-02 a       275     0    14     1    15
 -1.1651688907791802E-01 a       276     0    14     1    16
  2.6165294115049698E-01 a       277     0    14     1    17
  2.0028259386383512E-01 a       278     0    14     1    18
  2.1544825668962495E-01 a       279     0    14     1    19
 -2.3478395014174774E-01 a       280     0    14     1    20
 -1.9186331924195246E-01 a       281     0    15     1     1
 -1.4617371595299056E-01 a       282     0    15     1     2
  8.3025913925581299E-02 a       283     0    15     1     3
 -8.0992307249560178E-02 a       284     0    15     1     4
 -1.3643656685333208E-01 a       285     0    15     1     5
  3.0349434285258520E-02 a       286     0    15     1     6
  1.2333987896997381E-01 a       287     0    15     1     7
 -6.1060643472111514E-02 a       288     0    15     1     8
  1.3952231772384985E-01 a       289     0    15     1     9
 -2.6013192066591782E-02 a       290     0    15     1    10
 -2.3371015796447145E-01 a       291     0    15     1    11
 -6.2119443596272465E-02 a       292     0    15     1    12
 -5.8738964049194556E-02 a       293     0    15     1    13
 -1.2285498763294286E-01 a       294     0    15     1    14
 -1.3657654251810883E-01 a       295     0    15     1    15
  1.1387399679155251E-01 a       296     0    15     1    16
  9.0698817692683592E-02 a       297     0    15     1    17
 -2.1108755581305583E-01 a       298     0    15     1    18
  1.9631661986691772E-02 a       299     0    15     1    19
 -4.9872583930499537E-02 a       300     0    15     1    20
  1.6150377567439142E-01 a       301     0    16     1     1
  1.6384744326452014E-02 a       302     0    16     1     2
  1.4740540149011452E-01 a       303     0    16     1     3
 -1.4485236184863476E-01 a       304     0    16     1     4
  7.3087479323360918E-02 a       305     0    16     1     5
  1.6792554190365838E-01 a       306     0    16     1     6
  1.0571273537859985E-02 a       307     0    16     1     7
 -9.1271432573100067E-02 a       308     0    16     1     8
 -6.7051590620453598E-03 a       309     0    16     1     9
  1.5590425654862264E-01 a       310     0    16     1    10
  3.4904547161490933E-02 a       311     0    16     1    11
 -3.2657717252095636E-01 a       312     0    16     1    12
 -1.2895782730661148E-01 a       313     0    16     1    13
 -2.8330694288048630E-01 a       314     0    16     1    14
 -1.7379501455608824E-02 a       315     0    16     1    15
 -5.6866125323245600E-02 a       316     0    16     1    16
  2.7900914718195700E-02 a       317     0    16     1    17
 -9.4084745425566205E-02 a       318     0    16     1    18
 -2.0219611285084213E-01 a       319     0    16     1    19
 -4.2489423151494531E-02 a       320     0    16     1    20
 -1.9292410548929342E-01 a       321     0    17     1     1
 -3.8363265374435587E-02 a       322     0    17     1     2
 -1.8732493448085794E-01 a       323     0    17     1     3
  3.0886958221805830E-02 a       324     0    17     1     4
 -3.3224940861222532E-02 a       325     0    17     1     5
 -4.4688492189247114E-02 a       326     0    17     1     6
  6.0914208899543409E-02 a       327     0    17     1     7
 -2.5177991483723056E-01 a       328     0    17     1     8
 -7.6199458343841481E-02 a       329     0    17     1     9
  2.4571211740615745E-02 a       330     0    17     1    10
  3.3704338902990055E-01 a       331     0    17     1    11
 -1.2178385903437978E-01 a       332     0    17     1    12
  2.5256787286099169E-01 a       333     0    17     1    13
  3.0472323392762796E-01 a       334     0    17     1    14
 -1.6024381480356928E-01 a       335     0    17     1    15
 -1.0233837443865809E-01 a       336     0    17     1    16
 -5.7605497671014911E-03 a       337     0    17     1    17
 -1.1947564616774607E-01 a       338     0    17     1    18
  1.7815763574404272E-01 a       339     0    17     1    19
  2.2343036510665412E-01 a       340     0    17     1    20
  1.3454022918885936E-01 a       341     0    18     1     1
  1.0115068617147005E-01 a       342     0    18     1     2
  3.0908251117153045E-02 a       343     0    18     1     3
  4.8049618337751808E-02 a       344     0    18     1     4
 -2.7307474751213007E-02 a       345     0    18     1     5
  3.4648695945688651E-01 a       346     0    18     1     6
 -1.3073103198581920E-01 a       347     0    18     1     7
  5.9223875095808703E-02 a       348     0    18     1     8
  1.0267368392853311E-01 a       349     0    18     1     9
 -2.2201669951054712E-01 a       350     0    18     1    10
  1.8217365936527136E-02 a       351     0    18     1    11
 -1.6157344772564967E-02 a       352     0    18     1    12
 -1.7607022825988106E-01 a       353     0    18     1    13
 -1.1912879890357692E-03 a       354     0    18     1    14
 -4.0614774365971114E-02 a       355     0    18     1    15
 -6.2396428060024767E-02 a       356     0    18     1    16
 -3.5658200704411239E-02 a       357     0    18     1    17
  1.1603229013817817E-01 a       358     0    18     1    18
  8.0503220497306349E-02 a       359     0    18     1    19
 -6.4928326083021667E-02 a       360     0    18     1    20
  2.8308327871843057E-02 a       361     0    19     1     1
  2.1252979511072290E-01 a       362     0    19     1     2
  1.5973778977646399E-02 a       363     0    19     1     3
  2.5365052688891859E-02 a       364     0    19     1     4
 -2.4037584972510415E-01 a       365     0    19     1     5
  3.7046830238780942E-02 a       366     0    19     1     6
 -9.3018616137736085E-02 a       367     0    19     1     7
  2.5624367412176696E-01 a       368     0    19     1     8
  1.7078743709835145E-01 a       369     0    19     1     9
 -2.9049044975725785E-01 a       370     0    19     1    10
 -3.8806630772124451E-01 a       371     0    19     1    11
 -1.5084404506713365E-02 a       372     0    19     1    12
 -1.4935064563790063E-01 a       373     0    19     1    13
 -7.4816259654903947E-02 a       374     0    19     1    14
  1.4902331886132427E-02 a       375     0    19     1    15
  8.4063884316958992E-02 a       376     0    19     1    16
  7.0094529712528969E-03 a       377     0    19     1    17
 -1.5284618260953364E-01 a       378     0    19     1    18
  1.0491917033595519E-01 a       379     0    19     1    19
 -8.5616006665563196E-03 a       380     0    19     1    20
  1.5341882811293801E-02 a       381     0    20     1     1
 -1.2965184055010803E-01 a       382     0    20     1     2
  1.6098781806709136E-02 a       383     0    20     1     3
  2.9631829127141252E-03 a       384     0    20     1     4
  1.2935908432579327E-01 a       385     0    20     1     5
 -8.4768699863757319E-02 a       386     0    20     1     6
  3.3731530794931928E-02 a       387     0    20     1     7
  6.0383450980802458E-02 a       388     0    20     1     8
 -3.3035710457914425E-01 a       389     0    20     1     9
  2.6512784999797701E-01 a       390     0    20     1    10
  1.1003915581674234E-02 a       391     0    20     1    11
  3.9590177727452663E-01 a       392     0    20     1    12
  1.2757428674052140E-02 a       393     0    20     1    13
 -6.8062564012680973E-02 a       394     0    20     1    14
  2.3833707717322852E-01 a       395     0    20     1    15
  1.2816905226823158E-01 a       396     0    20     1    16
  1.2094616799870964E-01 a       397     0    20     1    17
  3.3000202493664993E-01 a       398     0    20     1    18
 -9.3643103221728710E-02 a       399     0    20     1    19
 -3.8484765206374338E-02 a       400     0    20     1    20
 -8.3519049247774875E-03 a       401     0    21     1     1
 -1.4332539369401485E-02 a       402     0    21     1     2
 -1.1579173285354599E-02 a       403     0    21     1     3
 -3.3169703618914401E-02 a       404     0    21     1     4
 -1.8065481338388055E-02 a       405     0    21     1     5
 -2.9419355390998375E-01 a       406     0    21     1     6
  6.2025998398253901E-02 a       407     0    21     1     7
  2.0174801961562100E-02 a       408     0    21     1     8
  3.5195454918513841E-03 a       409     0    21     1     9
  1.6226351333573524E-01 a       410     0    21     1    10
 -6.9151833363096354E-02 a       411     0    21     1    11
 -6.8348771947210396E-02 a       412     0    21     1    12
  6.0066171175561435E-02 a       413     0    21     1    13
 -9.9869708162642207E-02 a       414     0    21     1    14
  5.1581967466389995E-02 a       415     0    21     1    15
 -3.5509643939937989E-02 a       416     0    21     1    16
  4.2900311949470846E-02 a       417     0    21     1    17
 -9.0580042495826352E-02 a       418     0    21     1    18
 -7.3079521955095053E-02 a       419     0    21     1    19
  3.7128921405275517E-02 a       420     0    21     1    20
  4.4101258552257466E-02 a       421     0    22     1     1
 -2.0933664276082958E-01 a       422     0    22     1     2
  2.2329727414430685E-02 a       423     0    22     1     3
 -6.3092516339974439E-02 a       424     0    22     1     4
  1.7289736954393514E-01 a       425     0    22     1     5
  2.2105799087719934E-02 a       426     0    22     1     6
  1.7733873854085171E-02 a       427     0    22     1     7
 -1.4825645785395056E-01 a       428     0    22     1     8
  1.8909515722228903E-01 a       429     0    22     1     9
 -4.4093347200570086E-02 a       430     0    22     1    10
  1.1910363986693050E-01 a       431     0    22     1    11
 -1.3335043539897484E-01 a       432     0    22     1    12
  8.0355487148897342E-03 a       433     0    22     1    13
 -2.9061776199313150E-02 a       434     0    22     1    14
 -1.2913697917825451E-01 a       435     0    22     1    15
 -1.3236516409523214E-01 a       436     0    22     1    16
 -1.8356887844186162E-01 a       437     0    22     1    17
 -6.0364169351318372E-02 a       438     0    22     1    18
 -4.5434543436313715E-02 a       439     0    22     1    19
 -1.6461296089611277E-01 a       440     0    22     1    20
 -1.8565666052878507E-01 a       441     0    23     1     1
  1.4717640600821777E-01 a       442     0    23     1     2
 -4.4240110971843043E-02 a       443     0    23     1     3
  7.2408752753938307E-02 a       444     0    23     1     4
 -2.5357161706545048E-02 a       445     0    23     1     5
 -1.2459387936761555E-01 a       446     0    23     1     6
  8.6638684367679283E-02 a       447     0    23     1     7
 -1.4229750741135300E-01 a       448     0    23     1     8
 -8.0904557801934673E-02 a       449     0    23     1     9
  8.0723753839405138E-02 a       450     0    23     1    10
  1.8200063989010265E-01 a       451     0    23     1    11
 -2.7667215127032951E-01 a       452     0    23     1    12
  2.6969886582136243E-01 a       453     0    23     1    13
  1.8328339486953801E-01 a       454     0    23     1    14
 -1.7187263412709465E-02 a       455     0    23     1    15
 -1.5252404042821888E-01 a       456     0    23     1    16
  8.0007689465781476E-03 a       457     0    23     1    17
 -1.8913332026475136E-03 a       458     0    23     1    18
  2.8032840156612841E-02 a       459     0    23     1    19
  1.7485352059075621E-01 a       460     0    23     1    20
 -7.7450536983946026E-03 a       461     0    24     1     1
  3.0257974818236204E-02 a       462     0    24     1     2
  6.1380036689847838E-03 a       463     0    24     1     3
  3.9417243909084521E-02 a       464     0    24     1     4
  1.7097491843135110E-02 a       465     0    24     1     5
  1.6767056988604090E-01 a       466     0    24     1     6
 -3.5639528098103702E-02 a       467     0    24     1     7
 -3.2406212213899097E-02 a       468     0    24     1     8
  1.0850315443580862E-01 a       469     0    24     1     9
 -1.5256157477818855E-01 a       470     0    24     1    10
  1.6342892507569835E-02 a       471     0    24     1    11
 -2.5114110784271254E-02 a       472     0    24     1    12
 -3.6036261985357143E-02 a       473     0    24     1    13
  1.2037022453609872E-01 a       474     0    24     1    14
 -2.8460521863861256E-02 a       475     0    24     1    15
 -2.1562841995203298E-02 a       476     0    24     1    16
 -2.8660727932654530E-02 a       477     0    24     1    17
  3.5417107341279827E-02 a       478     0    24     1    18
  8.8438560148413753E-02 a       479     0    24     1    19
 -7.0996657007545025E-02 a       480     0    24     1    20
  8.9260195705188630E-02 a       481     0    25     1     1
  9.6906513018747073E-02 a       482     0    25     1     2
 -5.4432982515868249E-02 a       483     0    25     1     3
 -1.5948805818032507E-03 a       484     0    25     1     4
 -1.9671211127556446E-01 a       485     0    25     1     5
 -1.9908940746879314E-01 a       486     0    25     1     6
 -1.0296980129573786E-02 a       487     0    25     1     7
  1.5248471797842156E-01 a       488     0    25     1     8
 -6.1078488229675945E-02 a       489     0    25     1     9
 -7.2505629847562907E-03 a       490     0    25     1    10
 -1.0190621329749260E-01 a       491     0    25     1    11
  6.5983077154224398E-02 a       492     0    25     1    12
 -4.7569769492454256E-02 a       493     0    25     1    13
 -2.8086450965721831E-02 a       494     0    25     1    14
  6.0618381593286266E-02 a       495     0    25     1    15
  1.8229055582920709E-02 a       496     0    25     1    16
  1.3820996687540038E-01 a       497     0    25     1    17
 -1.0360445955434217E-01 a       498     0    25     1    18
  6.2769909193659365E-02 a       499     0    25     1    19
  6.5565111725558192E-02 a       500     0    25     1    20
  5.7604698522371912E-02 a       501     0    26     1     1
 -1.3303276689882779E-01 a       502     0    26     1     2
  1.0411241508469350E-02 a       503     0    26     1     3
 -2.7416441123494496E-02 a       504     0    26     1     4
  7.4869080930120291E-02 a       505     0    26     1     5
 -8.3953494706898862E-02 a       506     0    26     1     6
 -3.9244993117012565E-02 a       507     0    26     1     7
  2.1773149406376868E-02 a       508     0    26     1     8
  3.1767828193826106E-02 a       509     0    26     1     9
  8.2830192994642088E-02 a       510     0    26     1    10
 -4.6652374629981036E-02 a       511     0    26     1    11
  1.8662180564531394E-01 a       512     0    26     1    12
 -5.2159733543460526E-02 a       513     0    26     1    13
 -4.1658433621355476E-02 a       514     0    26     1    14
  4.5208544818346880E-02 a       515     0    26     1    15
  5.1811459997936286E-02 a       516     0    26     1    16
  4.0856036885021887E-02 a       517     0    26     1    17
  6.1625329069702209E-02 a       518     0    26     1    18
 -2.0199606745625431E-02 a       519     0    26     1    19
 -6.2439701394444706E-02 a       520     0    26     1    20
 -2.2953789842333166E-03 a       521     0    27     1     1
 -3.2458218252387351E-02 a       522     0    27     1     2
  7.3960001491755939E-02 a       523     0    27     1     3
 -2.5659278306848929E-02 a       524     0    27     1     4
 -2.6871847436360126E-03 a       525     0    27     1     5
  9.9575698620762876E-02 a       526     0    27     1     6
  3.3007242852537296E-03 a       527     0    27     1     7
  3.8100644810645692E-02 a       528     0    27     1     8
 -1.0438494879653197E-01 a       529     0    27     1     9
  1.0287560714403569E-01 a       530     0    27     1    10
 -8.7829088443685088E-02 a       531     0    27     1    11
 -2.1216686897285484E-02 a       532     0    27     1    12
 -7.0133790501794385E-02 a       533     0    27     1    13
 -2.2855746080497102E-01 a       534     0    27     1    14
 -7.3161023869316730E-03 a       535     0    27     1    15
  1.6433947977998017E-01 a       536     0    27     1    16
  2.1864591772101604E-02 a       537     0    27     1    17
  1.8530480301181786E-02 a       538     0    27     1    18
 -7.8507118129239578E-02 a       539     0    27     1    19
  9.3697422013689635E-02 a       540     0    27     1    20
 -3.5945591557473150E-02 a       541     0    28     1     1
 -4.0207595467285404E-02 a       542     0    28     1     2
 -4.8879752542715900E-03 a       543     0    28     1     3
 -1.2477337362136458E-02 a       544     0    28     1     4
  5.7392869106910847E-02 a       545     0    28     1     5
  7.9893262686102418E-02 a       546     0    28     1     6
 -1.3845255357404142E-02 a       547     0    28     1     7
 -4.6788220930427775E-02 a       548     0    28     1     8
  6.1977530730679166E-02 a       549     0    28     1     9
 -1.1762798291843135E-01 a       550     0    28     1    10
 -6.9717802237766044E-03 a       551     0    28     1    11
 -3.5218487816969984E-02 a       552     0    28     1    12
 -6.4103188815005513E-03 a       553     0    28     1    13
  1.4536400577163549E-02 a       554     0    28     1    14
 -8.1682027527882159E-02 a       555     0    28     1    15
 -6.9813008930089418E-02 a       556     0    28     1    16
 -9.7933407531668654E-02 a       557     0    28     1    17
 -3.0811380984630869E-02 a       558     0    28     1    18
  2.6213679080324591E-02 a       559     0    28     1    19
 -8.8728728632090761E-02 a       560     0    28     1    20
 -9.5406989662270944E-02 a       561     0    29     1     1
  1.1278437659211199E-01 a       562     0    29     1     2
  5.3283351935978315E-02 a       563     0    29     1     3
  6.9187131842808627E-02 a       564     0    29     1     4
  3.5604904152072722E-02 a       565     0    29     1     5
  7.2941397512726602E-02 a       566     0    29     1     6
  2.4207741639485796E-02 a       567     0    29     1     7
 -4.1817557457860914E-02 a       568     0    29     1     8
 -6.7968913195479500E-02 a       569     0    29     1     9
  6.4357042327098976E-02 a       570     0    29     1    10
  3.4074449937911477E-02 a       571     0    29     1    11
 -1.1191173171800695E-01 a       572     0    29     1    12
  3.5396200407575955E-02 a       573     0    29     1    13
 -1.4466433333317237E-02 a       574     0    29     1    14
  5.2404839967008787E-02 a       575     0    29     1    15
  5.5642388817794264E-02 a       576     0    29     1    16
  1.9126119156220735E-02 a       577     0    29     1    17
  1.1597270656320244E-01 a       578     0    29     1    18
 -2.6261112598654584E-02 a       579     0    29     1    19
  1.0637656508308248E-01 a       580     0    29     1    20
  3.7420636136460413E-02 a       581     0    30     1     1
  1.4728510664957449E-02 a       582     0    30     1     2
 -3.8694595655821257E-02 a       583     0    30     1     3
 -3.5566087820551803E-03 a       584     0    30     1     4
 -2.4432552150734449E-02 a       585     0    30     1     5
 -1.1647907675912217E-01 a       586     0    30     1     6
 -4.3558807063580288E-03 a       587     0    30     1     7
  2.6426313484189869E-02 a       588     0    30     1     8
  6.3806199645921005E-02 a       589     0    30     1     9
 -3.0080280026632447E-02 a       590     0    30     1    10
 -2.4147222155511294E-02 a       591     0    30     1    11
 -1.1091290025486665E-01 a       592     0    30     1    12
  6.1611689433532152E-02 a       593     0    30     1    13
  2.9828998757110321E-02 a       594     0    30     1    14
  6.3729417731355154E-02 a       595     0    30     1    15
 -7.7265481128793292E-02 a       596     0    30     1    16
  2.2574293031037422E-03 a       597     0    30     1    17
 -5.0378586661456524E-02 a       598     0    30     1    18
  1.1061297180675693E-02 a       599     0    30     1    19
 -3.1247095429002412E-02 a       600     0    30     1    20
  3.2967033324757783E-01 a       601     0    31     1     1
  6.3369889001992322E-02 a       602     0    31     1     2
 -9.1539225400333546E-02 a       603     0    31     1     3
 -1.6339949697916323E-01 a       604     0    31     1     4
 -3.6830238868816084E-01 a       605     0    31     1     5
 -1.6815372169807122E-01 a       606     0    31     1     6
 -3.3840823751110916E-02 a       607     0    31     1     7
  2.3945667518573577E-02 a       608     0    31     1     8
 -2.8906898944880333E-01 a       609     0    31     1     9
 -2.4511170447256997E-01 a       610     0    31     1    10
 -5.7408531559642081E-02 a       611     0    31     1    11
 -3.1515756002859197E-01 a       612     0    31     1    12
  2.6076518637135582E-01 a       613     0    31     1    13
 -2.4719157098083128E-01 a       614     0    31     1    14
  2.2476896168923727E-01 a       615     0    31     1    15
  1.8341483704009534E-01 a       616     0    31     1    16
 -8.3597003639246506E-02 a       617     0    31     1    17
  2.9633152648827499E-01 a       618     0    31     1    18
  3.4262605241341415E-01 a       619     0    31     1    19
 -2.2222788101596186E-01 a       620     0    31     1    20
 -4.8446737614754543E-01 a       621     0    32     1     1
  1.2775828122416699E-01 a       622     0    32     1     2
  4.8894963669548885E-01 a       623     0    32     1     3
  5.1011957980179456E-01 a       624     0    32     1     4
 -4.8160547579516377E-02 a       625     0    32     1     5
 -1.0238170768949040E-01 a       626     0    32     1     6
 -1.5704741846871575E-01 a       627     0    32     1     7
  5.4538172785934547E-01 a       628     0    32     1     8
 -7.2033408854778325E-02 a       629     0    32     1     9
 -1.0665916851170451E-02 a       630     0    32     1    10
  5.8174673701992508E-01 a       631     0    32     1    11
 -1.8932752620818988E-01 a       632     0    32     1    12
  8.1570367270728070E-02 a       633     0    32     1    13
  6.2447070061573406E-02 a       634     0    32     1    14
  2.1797275603209804E-01 a       635     0    32     1    15
  6.1805240345587549E-02 a       636     0    32     1    16
  6.7445498563885597E-02 a       637     0    32     1    17
 -3.1558465261789359E-01 a       638     0    32     1    18
 -2.8921929604871516E-02 a       639     0    32     1    19
  6.9897268292307202E-01 a       640     0    32     1    20
  1.0157977632360293E-01 a       641     0    33     1     1
  1.3544938259049788E-01 a       642     0    33     1     2
 -3.2389140029176017E-01 a       643     0    33     1     3
 -6.5354967344096168E-02 a       644     0    33     1     4
 -1.3139115937940066E-01 a       645     0    33     1     5
 -2.2639869905282797E-01 a       646     0    33     1     6
  5.2418773219658342E-02 a       647     0    33     1     7
 -1.7025959014555953E-01 a       648     0    33     1     8
  1.5786200140472545E-01 a       649     0    33     1     9
  4.3556724648852003E-03 a       650     0    33     1    10
  2.3271120817549987E-01 a       651     0    33     1    11
  1.3634929347165484E-01 a       652     0    33     1    12
  2.9066997407049094E-01 a       653     0    33     1    13
  2.3199596841048883E-01 a       654     0    33     1    14
 -1.7298571878052929E-01 a       655     0    33     1    15
  1.2726231765448273E-01 a       656     0    33     1    16
  1.0890776363411725E-01 a       657     0    33     1    17
  3.6181835557265907E-04 a       658     0    33     1    18
  2.7918269256582830E-02 a       659     0    33     1    19
 -1.6829526699180014E-01 a       660     0    33     1    20
  3.7668522124677989E-01 a       661     0    34     1     1
 -4.8125463392099965E-01 a       662     0    34     1     2
 -4.9693196801352435E-01 a       663     0    34     1     3
 -7.1310437482263372E-02 a       664     0    34     1     4
  7.4721491992774211E-02 a       665     0    34     1     5
  2.2884645168740553E-01 a       666     0    34     1     6
 -3.5298232611499128E-02 a       667     0    34     1     7
 -2.8864408599470670E-01 a       668     0    34     1     8
  4.4017611098166182E-02 a       669     0    34     1     9
  1.1268819375101191E-01 a       670     0    34     1    10
 -7.1644850007348737E-01 a       671     0    34     1    11
 -6.5068929585031687E-02 a       672     0    34     1    12
 -1.1947880244305939E-01 a       673     0    34     1    13
 -3.8304273769199704E-02 a       674     0    34     1    14
 -4.9982701974920751E-01 a       675     0    34     1    15
 -8.3209120706019934E-01 a       676     0    34     1    16
  1.8987234948284365E-01 a       677     0    34     1    17
  5.8602983989627855E-01 a       678     0    34     1    18
  9.8499917578278820E-02 a       679     0    34     1    19
 -3.9558365012548619E-01 a       680     0    34     1    20
  1.5822791399714112E-01 a       681     0    35     1     1
  2.9880785779862994E-02 a       682     0    35     1     2
 -3.1725851686809865E-02 a       683     0    35     1     3
  7.2827305743077470E-02 a       684     0    35     1     4
 -1.0790437839666622E-01 a       685     0    35     1     5
  1.7808527573511059E-02 a       686     0    35     1     6
 -6.1250190332119057E-02 a       687     0    35     1     7
  2.3897804558027286E-01 a       688     0    35     1     8
 -2.8870651209307463E-01 a       689     0    35     1     9
 -3.6382111550552862E-02 a       690     0    35     1    10
  1.8117597113239448E-02 a       691     0    35     1    11
  1.9824184789767801E-01 a       692     0    35     1    12
 -1.0352224819704495E-01 a       693     0    35     1    13
  2.6941591855861754E-02 a       694     0    35     1    14
  3.1939938918469846E-01 a       695     0    35     1    15
 -1.5645806827905970E-01 a       696     0    35     1    16
 -2.3909214709833013E-01 a       697     0    35     1    17
 -1.0189637863489880E-02 a       698     0    35     1    18
 -1.2127924580758348E-01 a       699     0    35     1    19
  3.3729733224908874E-02 a       700     0    35     1    20
 -1.2005747403633074E-01 a       701     0    36     1     1
 -2.5119478738753487E-01 a       702     0    36     1     2
 -2.6896644596642572E-01 a       703     0    36     1     3
  3.8596790122026403E-01 a       704     0    36     1     4
  2.1089165004099084E-01 a       705     0    36     1     5
  4.1950264250127774E-02 a       706     0    36     1     6
  1.7600416024161478E-01 a       707     0    36     1     7
  1.4696906010665112E-01 a       708     0    36     1     8
 -1.4192578535500103E-01 a       709     0    36     1     9
 -2.4037897667977575E-02 a       710     0    36     1    10
 -8.3404231961859365E-02 a       711     0    36     1    11
 -2.1744720315895019E-01 a       712     0    36     1    12
  1.5759559885543156E-01 a       713     0    36     1    13
  2.1166486408153506E-01 a       714     0    36     1    14
 -4.2341820527221619E-01 a       715     0    36     1    15
 -1.7778473414207902E-01 a       716     0    36     1    16
  4.5356986354056349E-02 a       717     0    36     1    17
  2.5903085533284201E-02 a       718     0    36     1    18
 -2.5537766596500600E-01 a       719     0    36     1    19
  2.9264715108577116E-01 a       720     0    36     1    20
  1.1099809910007269E-01 a       721     0    37     1     1
  6.7874959722428485E-01 a       722     0    37     1     2
  1.9557395322295976E-01 a       723     0    37     1     3
 -7.4582627700056103E-01 a       724     0    37     1     4
 -2.7154943561556533E-01 a       725     0    37     1     5
  2.1295236073658388E-01 a       726     0    37     1     6
  4.8763011583417275E-02 a       727     0    37     1     7
 -7.6822974344290107E-01 a       728     0    37     1     8
  2.9216000961126709E-01 a       729     0    37     1     9
  1.3367867526012281E-01 a       730     0    37     1    10
 -5.1873772846281796E-01 a       731     0    37     1    11
  3.4014643575682058E-01 a       732     0    37     1    12
 -3.2849881103940126E-01 a       733     0    37     1    13
 -1.6553145249021103E-01 a       734     0    37     1    14
 -1.9122871727319823E-01 a       735     0    37     1    15
  3.6448889414466434E-01 a       736     0    37     1    16
  9.4258039504166183E-02 a       737     0    37     1    17
 -5.2508168962874802E-01 a       738     0    37     1    18
  2.6881581048161712E-01 a       739     0    37     1    19
 -1.2904987803623820E+00 a       740     0    37     1    20
 -3.7317256896059171E-02 a       741     0    38     1     1
  1.0083315298377382E-01 a       742     0    38     1     2
  3.0248172439125837E-01 a       743     0    38     1     3
  2.3951697896252550E-01 a       744     0    38     1     4
  9.3701057986931971E-02 a       745     0    38     1     5
  5.5794343341577131E-02 a       746     0    38     1     6
  9.0413467931916763E-02 a       747     0    38     1     7
  7.6897892585426602E-03 a       748     0    38     1     8
  1.8299319732216432E-01 a       749     0    38     1     9
  1.4922428874135865E-01 a       750     0    38     1    10
 -1.3064804608173136E-01 a       751     0    38     1    11
 -2.7219024888005544E-01 a       752     0    38     1    12
 -1.1564665566684705E-01 a       753     0    38     1    13
 -1.1015061362162716E-02 a       754     0    38     1    14
  3.5610866623300763E-02 a       755     0    38     1    15
 -2.2847701626524772E-01 a       756     0    38     1    16
  1.1729993837164369E-01 a       757     0    38     1    17
  2.0820238095555985E-01 a       758     0    38     1    18
  1.1967536093042608E-01 a       759     0    38     1    19
  1.5981561149139595E-01 a       760     0    38     1    20
 -8.9153145222530095E-02 a       761     0    39     1     1
  9.9057900618574654E-02 a       762     0    39     1     2
  2.2911864057746234E-01 a       763     0    39     1     3
  1.1742581361977769E-01 a       764     0    39     1     4
  5.1437893506037086E-02 a       765     0    39     1     5
 -4.1459102034595366E-02 a       766     0    39     1     6
  1.0628572579850644E-01 a       767     0    39     1     7
  1.1934430665187470E-01 a       768     0    39     1     8
 -7.3131502208008389E-02 a       769     0    39     1     9
  9.5081838650343559E-02 a       770     0    39     1    10
  3.7752954370638991E-01 a       771     0    39     1    11
  2.7129156848254871E-01 a       772     0    39     1    12
 -5.3058991051310234E-02 a       773     0    39     1    13
  3.4058905547860896E-02 a       774     0    39     1    14
  1.3631626765279267E-01 a       775     0    39     1    15
 -2.4120241122014260E-01 a       776     0    39     1    16
 -1.0760452914084351E-01 a       777     0    39     1    17
 -1.7031802255390013E-01 a       778     0    39     1    18
 -1.9762747251565288E-01 a       779     0    39     1    19
  4.9620796824315561E-01 a       780     0    39     1    20
  1.0108248136776105E-02 a       781     0    40     1     1
  1.3712260187999853E-01 a       782     0    40     1     2
  3.7659550442486850E-01 a       783     0    40     1     3
 -6.2796386364025583E-02 a       784     0    40     1     4
 -5.6323762036303592E-02 a       785     0    40     1     5
 -1.9158796264897693E-01 a       786     0    40     1     6
  4.4950651549755333E-02 a       787     0    40     1     7
  9.5305503330335592E-02 a       788     0    40     1     8
 -2.0974003759029208E-01 a       789     0    40     1     9
 -7.9920941543104428E-03 a       790     0    40     1    10
 -1.7163095785452551E-01 a       791     0    40     1    11
  1.2649872366922504E-01 a       792     0    40     1    12
  2.7914469327757879E-01 a       793     0    40     1    13
 -3.1455598689246006E-01 a       794     0    40     1    14
 -1.0806270325349124E-01 a       795     0    40     1    15
 -1.0375058871120509E-01 a       796     0    40     1    16
 -1.3041186590805032E-01 a       797     0    40     1    17
  1.7969885256316803E-01 a       798     0    40     1    18
 -9.5623405381078441E-02 a       799     0    40     1    19
  1.2080692432947557E-01 a       800     0    40     1    20
 -6.4049629915220466E-02 a       801     0    41     1     1
  7.5663203656636396E-02 a       802     0    41     1     2
 -8.4028317858284348E-03 a       803     0    41     1     3
 -2.0227552935694199E-03 a       804     0    41     1     4
 -2.9146762847416838E-02 a       805     0    41     1     5
  3.5663568919987709E-01 a       806     0    41     1     6
  2.0149500109190654E-02 a       807     0    41     1     7
 -1.2505528148312542E-01 a       808     0    41     1     8
  1.1873559116573530E-01 a       809     0    41     1     9
 -5.5721966627622965E-02 a       810     0    41     1    10
  1.6513933867632037E-02 a       811     0    41     1    11
 -4.7906831718513551E-02 a       812     0    41     1    12
  3.6124808181234438E-02 a       813     0    41     1    13
  1.0493041619385013E-01 a       814     0    41     1    14
 -9.0683780990224019E-02 a       815     0    41     1    15
 -2.2240303247626139E-01 a       816     0    41     1    16
  5.4572030582163535E-03 a       817     0    41     1    17
 -9.8327053608812373E-02 a       818     0    41     1    18
  4.6128818086513076E-02 a       819     0    41     1    19
 -6.7080898692644997E-02 a       820     0    41     1    20
 -1.6541661481559319E-01 a       821     0    42     1     1
 -1.9690041571214198E-01 a       822     0    42     1     2
  1.1447926071473979E-01 a       823     0    42     1     3
 -1.1307907232759050E-01 a       824     0    42     1     4
  9.7332877688823913E-02 a       825     0    42     1     5
  2.1480724411584984E-01 a       826     0    42     1     6
 -4.3526302984312669E-02 a       827     0    42     1     7
 -1.0130984576889998E-01 a       828     0    42     1     8
 -3.1547657992590078E-01 a       829     0    42     1     9
  4.2483165855052282E-02 a       830     0    42     1    10
 -1.3088503806197435E-01 a       831     0    42     1    11
  1.7746170213189383E-01 a       832     0    42     1    12
 -1.2231920626298953E-01 a       833     0    42     1    13
 -4.3639106444455394E-01 a       834     0    42     1    14
  1.3475870259688577E-02 a       835     0    42     1    15
  2.8940999320210392E-01 a       836     0    42     1    16
  1.9326198410583303E-02 a       837     0    42     1    17
  3.8822333088166856E-02 a       838     0    42     1    18
 -1.2187335676418425E-01 a       839     0    42     1    19
  5.5341029649878269E-02 a       840     0    42     1    20
  3.0325274915914469E-02 a       841     0    43     1     1
 -1.1856457768622794E-01 a       842     0    43     1     2
  1.3117894900200924E-01 a       843     0    43     1     3
 -1.2154214734316443E-02 a       844     0    43     1     4
  2.6250889142670153E-01 a       845     0    43     1     5
 -1.5110128591672020E-01 a       846     0    43     1     6
 -4.2640471057282310E-02 a       847     0    43     1     7
 -9.0959858600075955E-03 a       848     0    43     1     8
 -2.8649072283828836E-01 a       849     0    43     1     9
  1.4821034004052883E-01 a       850     0    43     1    10
 -6.3605064466040057E-02 a       851     0    43     1    11
  1.7238384956693167E-01 a       852     0    43     1    12
  1.4063519526201619E-02 a       853     0    43     1    13
 -3.6335754713796381E-02 a       854     0    43     1    14
  6.0962872782448704E-02 a       855     0    43     1    15
  1.1303025952269972E-01 a       856     0    43     1    16
 -8.3181067858768346E-02 a       857     0    43     1    17
  9.2368074897239069E-02 a       858     0    43     1    18
 -2.7406563285311464E-01 a       859     0    43     1    19
  5.1909900752966802E-02 a       860     0    43     1    20
  1.1067717669422235E-01 a       861     0    44     1     1
  1.1916974964350802E-01 a       862     0    44     1     2
 -2.1353874110282689E-01 a       863     0    44     1     3
 -3.8695405864588944E-02 a       864     0    44     1     4
 -4.2570675806091102E-01 a       865     0    44     1     5
  2.7429787756111884E-01 a       866     0    44     1     6
  2.4328612559427640E-01 a       867     0    44     1     7
  6.2883846446289762E-02 a       868     0    44     1     8
 -1.3051323728868122E-01 a       869     0    44     1     9
  7.8331112535283895E-02 a       870     0    44     1    10
  3.8831711641736366E-01 a       871     0    44     1    11
 -9.1153305142947200E-02 a       872     0    44     1    12
  1.0093567762294217E-01 a       873     0    44     1    13
  3.3566051547275411E-01 a       874     0    44     1    14
  2.6897954718318781E-02 a       875     0    44     1    15
  1.5163671744684852E-02 a       876     0    44     1    16
  1.8095158654499549E-01 a       877     0    44     1    17
 -1.7050569363138804E-01 a       878     0    44     1    18
 -8.5996675794278374E-02 a       879     0    44     1    19
 -1.6651308510077088E-02 a       880     0    44     1    20
 -8.2771965794917385E-02 a       881     0    45     1     1
 -1.5304796459647835E-01 a       882     0    45     1     2
  4.4495855116353768E-02 a       883     0    45     1     3
 -5.6656202444390950E-02 a       884     0    45     1     4
 -1.0003807434340499E-02 a       885     0    45     1     5
 -3.5420024868270339E-02 a       886     0    45     1     6
  3.1279410497015873E-02 a       887     0    45     1     7
  3.0999797358767477E-02 a       888     0    45     1     8
 -2.2396040195662742E-01 a       889     0    45     1     9
  8.0582290208139271E-02 a       890     0    45     1    10
  8.6661609491093861E-02 a       891     0    45     1    11
  2.6221318499453822E-01 a       892     0    45     1    12
 -3.7803105699175221E-02 a       893     0    45     1    13
  3.6917384131999367E-02 a       894     0    45     1    14
 -4.5100302684553215E-02 a       895     0    45     1    15
 -9.0675739832133673E-03 a       896     0    45     1    16
 -5.5327458464537869E-02 a       897     0    45     1    17
 -3.5464512482065287E-02 a       898     0    45     1    18
  8.8599543441411036E-02 a       899     0    45     1    19
  4.6078708277905146E-02 a       900     0    45     1    20
 -1.9116171826373485E-01 a       901     0    46     1     1
 -9.4881765336675500E-02 a       902     0    46     1     2
  1.2371990734342364E-01 a       903     0    46     1     3
 -3.0617405254450403E-01 a       904     0    46     1     4
 -6.5178113115123911E-04 a       905     0    46     1     5
 -2.6682914971471494E-01 a       906     0    46     1     6
 -1.4384958323265470E-01 a       907     0    46     1     7
 -1.9154030182644941E-01 a       908     0    46     1     8
 -3.1043135725943409E-02 a       909     0    46     1     9
  1.1061761992514368E-01 a       910     0    46     1    10
  2.4520634015513354E-01 a       911     0    46     1    11
  1.3130281814287298E-01 a       912     0    46     1    12
 -5.7082857488417488E-02 a       913     0    46     1    13
  1.1125109100664902E-01 a       914     0    46     1    14
  1.5731273010342434E-01 a       915     0    46     1    15
  3.6362904881508457E-01 a       916     0    46     1    16
 -1.5132972109726164E-02 a       917     0    46     1    17
 -2.2036756072814809E-01 a       918     0    46     1    18
  6.2345823878386102E-02 a       919     0    46     1    19
 -1.8189494373661336E-01 a       920     0    46     1    20
  3.4420299065739429E-01 a       921     0    47     1     1
 -1.2200675912777723E+00 a       922     0    47     1     2
 -4.7297472423695475E-01 a       923     0    47     1     3
  5.1026619321462530E-01 a       924     0    47     1     4
  3.2074149147103631E-01 a       925     0    47     1     5
  9.3869830764267817E-02 a       926     0    47     1     6
 -1.6292642190308285E-01 a       927     0    47     1     7
  3.7474934610074156E-01 a       928     0    47     1     8
 -4.4308654427449495E-02 a       929     0    47     1     9
 -1.8987250991656610E-01 a       930     0    47     1    10
 -2.3859331968488859E-01 a       931     0    47     1    11
 -4.8968985662236744E-02 a       932     0    47     1    12
  2.5282600076244249E-01 a       933     0    47     1    13
 -1.1440686428119000E-01 a       934     0    47     1    14
  1.7125660468533130E-01 a       935     0    47     1    15
 -2.9495239465123052E-01 a       936     0    47     1    16
  4.7302586595186230E-01 a       937     0    47     1    17
  9.3935865135821506E-01 a       938     0    47     1    18
  2.4354407382090804E-01 a       939     0    47     1    19
  7.9106433079986394E-01 a       940     0    47     1    20
 -6.7456827753413412E-02 a       941     0    48     1     1
 -1.2327816922349542E-01 a       942     0    48     1     2
 -1.6355569100070677E-01 a       943     0    48     1     3
 -1.2287485035386753E-01 a       944     0    48     1     4
  2.9743758808678328E-02 a       945     0    48     1     5
 -3.5923799600899059E-01 a       946     0    48     1     6
 -4.9208232251055202E-02 a       947     0    48     1     7
 -4.0848234962581824E-02 a       948     0    48     1     8
 -3.6022076327917609E-03 a       949     0    48     1     9
 -7.4501964856335298E-02 a       950     0    48     1    10
  1.5334245116427675E-02 a       951     0    48     1    11
 -9.4706048148914170E-03 a       952     0    48     1    12
  8.2521461981949012E-02 a       953     0    48     1    13
 -5.7897049793909909E-02 a       954     0    48     1    14
  3.8957361202760388E-02 a       955     0    48     1    15
  1.1902811390118229E-01 a       956     0    48     1    16
 -7.6100891983860483E-02 a       957     0    48     1    17
 -2.1347232446717421E-01 a       958     0    48     1    18
 -8.0967280305281636E-02 a       959     0    48     1    19
 -4.6548787237038459E-02 a       960     0    48     1    20
 -3.0034319314559018E-02 a       961     0    49     1     1
  2.9274429721041334E-01 a       962     0    49     1     2
  1.2700816364778406E-01 a       963     0    49     1     3
 -8.0730088447058909E-02 a       964     0    49     1     4
 -2.8029583747589521E-03 a       965     0    49     1     5
 -1.6875214656354764E-01 a       966     0    49     1     6
 -1.1237873440197329E-02 a       967     0    49     1     7
  7.3625175863470921E-02 a       968     0    49     1     8
 -1.8834322643736735E-02 a       969     0    49     1     9
  6.2888523230670415E-02 a       970     0    49     1    10
  4.3958435929614723E-02 a       971     0    49     1    11
  1.5172495489538031E-02 a       972     0    49     1    12
 -5.1324392514058320E-02 a       973     0    49     1    13
  3.6373363072856060E-02 a       974     0    49     1    14
  7.0492124504684187E-02 a       975     0    49     1    15
  3.4520403982996506E-01 a       976     0    49     1    16
 -3.0331653424928401E-01 a       977     0    49     1    17
  5.3835810811240316E-02 a       978     0    49     1    18
 -1.9054642952757539E-01 a       979     0    49     1    19
 -2.1336636718184546E-01 a       980     0    49     1    20
  1.3733087726636933E-01 a       981     0    50     1     1
 -8.7950451083717546E-02 a       982     0    50     1     2
 -2.0185645218233045E-01 a       983     0    50     1     3
 -1.5220329327421726E-02 a       984     0    50     1     4
  1.2970818731580516E-01 a       985     0    50     1     5
 -4.4570561727353915E-02 a       986     0    50     1     6
 -1.0908063725645614E-01 a       987     0    50     1     7
 -2.3061887549235546E-02 a       988     0    50     1     8
  5.2323463721154630E-02 a       989     0    50     1     9
 -5.2072191753491023E-02 a       990     0    50     1    10
  1.9326408740140320E-02 a       991     0    50     1    11
  1.0828278517679578E-02 a       992     0    50     1    12
 -1.1722087629510967E-01 a       993     0    50     1    13
  1.5038254570010565E-01 a       994     0    50     1    14
  8.9631583492873410E-02 a       995     0    50     1    15
  2.3171871773899991E-01 a       996     0    50     1    16
  1.1817539842398567E-03 a       997     0    50     1    17
 -1.3324191300208347E-02 a       998     0    50     1    18
 -1.5697564306609674E-01 a       999     0    50     1    19
 -1.0422645568378680E-01 a      1000     0    50     1    20
 -5.0532458492957510E-01 b      1001     1     1
  9.4602218561129237E-01 b      1002     1     2
 -9.3740298031977731E-01 b      1003     1     3
 -1.4452029699291832E-01 b      1004     1     4
 -1.2501710532939654E+00 b      1005     1     5
  7.5259582611620246E-01 b      1006     1     6
  5.1896064195147673E-01 b      1007     1     7
 -4.7082567904112316E-01 b      1008     1     8
 -1.3143067815313403E+00 b      1009     1     9
  4.6289745707368357E-01 b      1010     1    10
 -9.6133968103989964E-01 b      1011     1    11
  8.1509108323337953E-01 b      1012     1    12
  3.9478876075861070E-02 b      1013     1    13
 -5.8869953377634110E-01 b      1014     1    14
  7.6470450591777528E-01 b      1015     1    15
 -9.7456359216089372E-01 b      1016     1    16
 -9.6365544117947355E-01 b      1017     1    17
 -1.3040715884487902E-01 b      1018     1    18
  1.1221133385883909E-01 b      1019     1    19
  5.3015345741469744E-01 b      1020     1    20
  7.2277603858208972E-01 a      1021     1     1     2     1
  4.5200639852296759E-01 a      1022     1     1     2     2
  8.0183039832438879E-02 a      1023     1     1     2     3
  2.6607076371526239E-01 a      1024     1     1     2     4
 -3.1269480077039991E-01 a      1025     1     1     2     5
 -3.3629207533426220E-01 a      1026     1     1     2     6
  7.7566928265379220E-01 a      1027     1     1     2     7
 -7.2163461318318323E-01 a      1028     1     1     2     8
 -4.3859710431835613E-01 a      1029     1     1     2     9
 -5.4458891941025223E-01 a      1030     1     1     2    10
 -3.1275817111863813E-01 a      1031     1     1     2    11
  3.0503012752212760E-01 a      1032     1     1     2    12
 -4.5583608387566832E-01 a      1033     1     1     2    13
 -1.5873085703150178E-01 a      1034     1     1     2    14
 -1.2796976722039632E-01 a      1035     1     1     2    15
  3.7984344335998782E-01 a      1036     1     1     2    16
  6.0405486894762217E-01 a      1037     1     1     2    17
 -1.6596201894249413E-01 a      1038     1     1     2    18
 -2.7532977072386835E-04 a      1039     1     1     2    19
 -4.5885412346979809E-01 a      1040     1     1     2    20
 -8.7150977759546044E-01 a      1041     1     2     2     1
  6.3839667531294464E-01 a      1042     1     2     2     2
 -2.9265275547397368E-01 a      1043     1     2     2     3
  1.4043044541165806E-02 a      1044     1     2     2     4
  8.6704814613861286E-02 a      1045     1     2     2     5
 -1.0365159443548739E+00 a      1046     1     2     2     6
 -2.3264393910732062E-01 a      1047     1     2     2     7
  1.1495503412116802E-01 a      1048     1     2     2     8
  2.2088241234153916E-01 a      1049     1     2     2     9
  6.0803768642112133E-01 a      1050     1     2     2    10
 -6.2166212000777554E-01 a      1051     1     2     2    11
 -5.0795488261094013E-01 a      1052     1     2     2    12
  3.5951155473954743E-01 a      1053     1     2     2    13
 -6.3447212894863181E-01 a      1054     1     2     2    14
 -2.9120128921657862E-01 a      1055     1     2     2    15
  4.9285560417880975E-01 a      1056     1     2     2    16
  3.0209749392906193E-01 a      1057     1     2     2    17
  4.5711776688677219E-01 a      1058     1     2     2    18
 -3.4042290751245180E-01 a      1059     1     2     2    19
 -8.4951570244298225E-01 a      1060     1     2     2    20
  2.2030468791805682E-01 a      1061     1     3     2     1
 -4.0697768912870108E-01 a      1062     1     3     2     2
 -1.3829749953627324E-01 a      1063     1     3     2     3
 -1.2530347059561564E-01 a      1064     1     3     2     4
  5.8586361039118649E-02 a      1065     1     3     2     5
 -5.4071409915737156E-01 a      1066     1     3     2     6
 -5.3407509074428683E-01 a      1067     1     3     2     7
  2.9993487507997163E-01 a      1068     1     3     2     8
  3.6432844924398217E-02 a      1069     1     3     2     9
  2.2818451746682550E-01 a      1070     1     3     2    10
 -1.0365326691485280E-02 a      1071     1     3     2    11
  6.0655636032624949E-01 a      1072     1     3     2    12
 -3.7110623387313010E-02 a      1073     1     3     2    13
  1.7431921419667526E-01 a      1074     1     3     2    14
  3.0965146933474275E-01 a      1075     1     3     2    15
  4.5730693175173052E-02 a      1076     1     3     2    16
 -3.2288302663317275E-01 a      1077     1     3     2    17
 -3.1604337333764737E-01 a      1078     1     3     2    18
  1.9089210572291303E-02 a      1079     1     3     2    19
  1.0938455894622832E-01 a      1080     1     3     2    20
  8.6237211669712766E-01 a      1081     1     4     2     1
  2.3771821525243968E-02 a      1082     1     4     2     2
 -3.0181037903501806E-01 a      1083     1     4     2     3
  4.3847651833326340E-01 a      1084     1     4     2     4
  7.9137117965425052E-02 a      1085     1     4     2     5
 -1.8733580173512496E-01 a      1086     1     4     2     6
  1.4784090519780613E-01 a      1087     1     4     2     7
 -1.6221103045720814E-01 a      1088     1     4     2     8
 -5.2233459172899088E-01 a      1089     1     4     2     9
 -5.1746234137271807E-01 a      1090     1     4     2    10
 -5.4922351950825576E-01 a      1091     1     4     2    11
  8.1425712344121237E-01 a      1092     1     4     2    12
  2.0431623250999228E-01 a      1093     1     4     2    13
 -1.7641541025518076E-01 a      1094     1     4     2    14
 -7.6679374467475836E-01 a      1095     1     4     2    15
  3.3300002108141918E-01 a      1096     1     4     2    16
 -7.1809820554993997E-01 a      1097     1     4     2    17
  4.1097675277586843E-01 a      1098     1     4     2    18
 -4.8676289871079509E-01 a      1099     1     4     2    19
 -3.7398310159120506E-02 a      1100     1     4     2    20
  3.1422757709549887E-01 a      1101     1     5     2     1
  1.2260835998220072E-01 a      1102     1     5     2     2
  1.3370213813284929E-01 a      1103     1     5     2     3
  2.7041954002436647E-01 a      1104     1     5     2     4
  2.5869057727965012E-02 a      1105     1     5     2     5
  1.4067619530345091E-01 a      1106     1     5     2     6
  5.8025670411529873E-01 a      1107     1     5     2     7
  5.3371755296503520E-01 a      1108     1     5     2     8
  4.6115235427653184E-01 a      1109     1     5     2     9
  8.9235607789522817E-02 a      1110     1     5     2    10
 -6.3410659223362931E-01 a      1111     1     5     2    11
  6.4291230446926007E-01 a      1112     1     5     2    12
 -1.5921226317513371E-01 a      1113     1     5     2    13
  4.6534816728857681E-01 a      1114     1     5     2    14
  1.3165138903517287E-01 a      1115     1     5     2    15
  6.9460942832391270E-01 a      1116     1     5     2    16
 -2.1272142290873691E-01 a      1117     1     5     2    17
  5.7086682337872274E-01 a      1118     1     5     2    18
 -7.2303542775294583E-01 a      1119     1     5     2    19
 -3.4204049522598179E-01 a      1120     1     5     2    20
  1.0263752231583688E-01 a      1121     1     6     2     1
 -6.6463998572448793E-02 a      1122     1     6     2     2
  3.2317067003833078E-02 a      1123     1     6     2     3
 -1.2407244855621945E-01 a      1124     1     6     2     4
  2.8509594855875070E-01 a      1125     1     6     2     5
  1.5752300377154915E-01 a      1126     1     6     2     6
 -1.9065612134275828E-01 a      1127     1     6     2     7
 -3.1881854552260253E-01 a      1128     1     6     2     8
  5.7787999229978626E-02 a      1129     1     6     2     9
 -1.9107096570772798E-02 a      1130     1     6     2    10
 -9.4852135331573176E-02 a      1131     1     6     2    11
  2.5568503630239953E-02 a      1132     1     6     2    12
  1.5611561376132446E-01 a      1133     1     6     2    13
 -3.2175447813548941E-01 a      1134     1     6     2    14
  4.8152034729265443E-02 a      1135     1     6     2    15
  1.8219711247295639E-01 a      1136     1     6     2    16
 -8.6621471418303446E-03 a      1137     1     6     2    17
 -4.4949866035180935E-01 a      1138     1     6     2    18
 -8.9756168613825987E-02 a      1139     1     6     2    19
 -2.5582988238920291E-02 a      1140     1     6     2    20
  7.3742788023046713E-01 a      1141     1     7     2     1
  2.0751986985055537E-02 a      1142     1     7     2     2
  1.9749513873701227E-01 a      1143     1     7     2     3
 -5.3909427786068198E-01 a      1144     1     7     2     4
  4.0812002350695908E-01 a      1145     1     7     2     5
 -4.6552914959570146E-02 a      1146     1     7     2     6
 -6.3391995726929340E-01 a      1147     1     7     2     7
 -1.7043234956108036E-01 a      1148     1     7     2     8
 -6.8080834874298346E-01 a      1149     1     7     2     9
 -4.9158777795125064E-01 a      1150     1     7     2    10
  6.7706016231252553E-01 a      1151     1     7     2    11
  6.5072429281639466E-01 a      1152     1     7     2    12
 -4.8075709380641479E-01 a      1153     1     7     2    13
 -2.4864936401829533E-03 a      1154     1     7     2    14
 -4.1643576845473630E-02 a      1155     1     7     2    15
 -3.9213504893531342E-01 a      1156     1     7     2    16
 -4.9388448061630741E-01 a      1157     1     7     2    17
  5.2085261670487970E-01 a      1158     1     7     2    18
 -4.0010864626928294E-02 a      1159     1     7     2    19
  4.5133133346662835E-01 a      1160     1     7     2    20
 -1.6368742838166428E-01 a      1161     1     8     2     1
  9.0942018476933388E-03 a      1162     1     8     2     2
 -1.1380630429627021E-01 a      1163     1     8     2     3
 -8.4063051179116680E-02 a      1164     1     8     2     4
 -4.8364537080299741E-01 a      1165     1     8     2     5
  7.4788650221124697E-01 a      1166     1     8     2     6
 -1.8283190169928808E-02 a      1167     1     8     2     7
  5.1689432477860453E-01 a      1168     1     8     2     8
  3.4776010253105788E-01 a      1169     1     8     2     9
  2.1873209361548207E-01 a      1170     1     8     2    10
 -3.3948622890242780E-01 a      1171     1     8     2    11
 -9.6660035684858578E-02 a      1172     1     8     2    12
  7.6944587417761068E-01 a      1173     1     8     2    13
 -4.6879280263440598E-01 a      1174     1     8     2    14
 -2.6990069430715424E-01 a      1175     1     8     2    15
  4.0747401180944787E-01 a      1176     1     8     2    16
 -4.6318090237158782E-01 a      1177     1     8     2    17
 -1.3419126471158402E-01 a      1178     1     8     2    18
  2.3043534689421938E-01 a      1179     1     8     2    19
  5.6899964929068969E-01 a      1180     1     8     2    20
 -6.5189669221102720E-01 a      1181     1     9     2     1
  3.3700556815015092E-01 a      1182     1     9     2     2
  1.2215683372213051E-01 a      1183     1     9     2     3
 -1.6868453639781966E-01 a      1184     1     9     2     4
  5.8494179422540371E-01 a      1185     1     9     2     5
  4.1965963557121094E-02 a      1186     1     9     2     6
  4.0463465484490874E-01 a      1187     1     9     2     7
 -8.0610195721793176E-02 a      1188     1     9     2     8
  6.0780095340364526E-01 a      1189     1     9     2     9
 -1.8780933007219472E-01 a      1190     1     9     2    10
  4.7720466305090031E-01 a      1191     1     9     2    11
 -4.9222667707473199E-03 a      1192     1     9     2    12
 -7.1219183982170686E-01 a      1193     1     9     2    13
 -2.9835824363978392E-01 a      1194     1     9     2    14
  2.5882270167336302E-01 a      1195     1     9     2    15
  3.5586587835437689E-01 a      1196     1     9     2    16
  3.7289469007150572E-01 a      1197     1     9     2    17
 -1.4230962795396521E-01 a      1198     1     9     2    18
 -4.8711474160225560E-01 a      1199     1     9     2    19
  3.4733666200330715E-01 a      1200     1     9     2    20
 -5.2236407714107469E-01 a      1201     1    10     2     1
  5.2385733044910132E-01 a      1202     1    10     2     2
 -4.9743900183013356E-01 a      1203     1    10     2     3
  3.1810074627710944E-01 a      1204     1    10     2     4
 -5.3434520704476463E-01 a      1205     1    10     2     5
  6.1653483220890155E-02 a      1206     1    10     2     6
 -1.2364509110322653E-02 a      1207     1    10     2     7
 -7.8002494018209870E-02 a      1208     1    10     2     8
 -2.3148381154866327E-01 a      1209     1    10     2     9
 -6.6445234211620602E-02 a      1210     1    10     2    10
  2.5218040659060198E-01 a      1211     1    10     2    11
 -3.4404922710848357E-01 a      1212     1    10     2    12
 -7.2116955844959418E-02 a      1213     1    10     2    13
  6.0055921382605848E-01 a      1214     1    10     2    14
 -2.8263324220399988E-01 a      1215     1    10     2    15
  8.8338602199592040E-02 a      1216     1    10     2    16
  4.7606962555708549E-01 a      1217     1    10     2    17
 -8.8668234762735249E-02 a      1218     1    10     2    18
  4.7984323084966052E-01 a      1219     1    10     2    19
 -6.3166211967904617E-02 a      1220     1    10     2    20
 -4.9562123066762512E-02 a      1221     1    11     2     1
 -7.9932888422513693E-01 a      1222     1    11     2     2
 -3.3200719980688703E-01 a      1223     1    11     2     3
 -7.0948185638208161E-01 a      1224     1    11     2     4
 -3.7754600777103936E-01 a      1225     1    11     2     5
  2.6141301335359313E-01 a      1226     1    11     2     6
  2.9699175687885288E-01 a      1227     1    11     2     7
 -1.0742393290659372E-01 a      1228     1    11     2     8
  3.5002564970786365E-01 a      1229     1    11     2     9
  4.3216793545848442E-01 a      1230     1    11     2    10
  8.1626807995027736E-02 a      1231     1    11     2    11
 -1.3011566350647247E-01 a      1232     1    11     2    12
  3.0482411148547511E-01 a      1233     1    11     2    13
  2.9518170412762718E-01 a      1234     1    11     2    14
  8.7008916619222082E-02 a      1235     1    11     2    15
 -2.8904896062904406E-01 a      1236     1    11     2    16
 -9.3900685490130628E-02 a      1237     1    11     2    17
  1.0664949749991463E-01 a      1238     1    11     2    18
  4.6908748260720801E-01 a      1239     1    11     2    19
  1.3108331833374653E-01 a      1240     1    11     2    20
  2.7807558970894830E-01 a      1241     1    12     2     1
 -2.9006903560343872E-01 a      1242     1    12     2     2
  3.2650810063241706E-02 a      1243     1    12     2     3
 -5.0133151740857140E-01 a      1244     1    12     2     4
 -4.9367896130852330E-02 a      1245     1    12     2     5
  1.5216826269447667E-01 a      1246     1    12     2     6
 -3.3131997209216130E-01 a      1247     1    12     2     7
 -2.9058364300742290E-01 a      1248     1    12     2     8
  3.1007518380276344E-01 a      1249     1    12     2     9
  2.8095662771515850E-01 a      1250     1    12     2    10
 -3.0401188466940871E-01 a      1251     1    12     2    11
  4.0525225445288549E-01 a      1252     1    12     2    12
 -3.6220277510141330E-01 a      1253     1    12     2    13
 -2.1394867181857574E-01 a      1254     1    12     2    14
  5.9327639622621031E-01 a      1255     1    12     2    15
  1.7200526026479784E-01 a      1256     1    12     2    16
  5.6124403166952908E-01 a      1257     1    12     2    17
 -5.7892982670146098E-01 a      1258     1    12     2    18
 -3.5736531809851430E-01 a      1259     1    12     2    19
 -4.8697834894765546E-01 a      1260     1    12     2    20
  4.4944946640168798E-01 a      1261     1    13     2     1
 -1.6828020793110907E-01 a      1262     1    13     2     2
 -1.9697277559618814E-01 a      1263     1    13     2     3
 -3.6745117774978164E-01 a      1264     1    13     2     4
 -5.8932876437908654E-01 a      1265     1    13     2     5
  6.2145990912119609E-01 a      1266     1    13     2     6
 -5.0035349483522129E-01 a      1267     1    13     2     7
 -7.2506009868931265E-01 a      1268     1    13     2     8
  3.1761903041817252E-01 a      1269     1    13     2     9
  3.7780356510522140E-01 a      1270     1    13     2    10
  9.8902286254995628E-02 a      1271     1    13     2    11
  2.8429026582181643E-01 a      1272     1    13     2    12
 -6.2026858273815944E-01 a      1273     1    13     2    13
  5.2129700581659943E-01 a      1274     1    13     2    14
 -5.6215929972135270E-01 a      1275     1    13     2    15
  7.4776004334365959E-02 a      1276     1    13     2    16
 -5.3114609576389815E-01 a      1277     1    13     2    17
 -7.0520631849671478E-01 a      1278     1    13     2    18
 -3.3198197595757101E-01 a      1279     1    13     2    19
 -7.1775687966165147E-01 a      1280     1    13     2    20
 -1.3603548582795635E-01 a      1281     1    14     2     1
  1.0574026256733925E-01 a      1282     1    14     2     2
  1.8590635312298467E-01 a      1283     1    14     2     3
  1.3404093349641510E-01 a      1284     1    14     2     4
  5.3049925604305659E-01 a      1285     1    14     2     5
 -8.4665965788593617E-02 a      1286     1    14     2     6
  2.9778639654532263E-01 a      1287     1    14     2     7
  6.5096784723022871E-01 a      1288     1    14     2     8
 -2.8732891753503043E-01 a      1289     1    14     2     9
 -2.9380311991145103E-01 a      1290     1    14     2    10
 -2.2057608295671680E-01 a      1291     1    14     2    11
 -4.1431528042233567E-01 a      1292     1    14     2    12
 -6.2640360889705327E-01 a      1293     1    14     2    13
 -2.8690765157654491E-01 a      1294     1    14     2    14
  1.4036464150750594E-01 a      1295     1    14     2    15
 -9.4780920552424319E-02 a      1296     1    14     2    16
 -4.6556067969185017E-01 a      1297     1    14     2    17
  6.8110226513989305E-02 a      1298     1    14     2    18
  5.9769237699730604E-01 a      1299     1    14     2    19
  5.3049154767259743E-01 a      1300     1    14     2    20
  1.6396394173576204E-01 a      1301     1    15     2     1
 -6.0963449479750231E-01 a      1302     1    15     2     2
  2.5922503729377566E-01 a      1303     1    15     2     3
 -3.6378910112522350E-01 a      1304     1    15     2     4
 -3.7729738954163894E-01 a      1305     1    15     2     5
 -5.6300732537851272E-01 a      1306     1    15     2     6
 -1.1648479685783210E-02 a      1307     1    15     2     7
 -3.3892786838701594E-01 a      1308     1    15     2     8
  1.0130645220167411E-01 a      1309     1    15     2     9
  2.2835126227673574E-01 a      1310     1    15     2    10
 -9.6299544841595120E-04 a      1311     1    15     2    11
 -2.1253105348466567E-01 a      1312     1    15     2    12
  5.0042489700525761E-01 a      1313     1    15     2    13
 -6.3840175226725004E-01 a      1314     1    15     2    14
  6.8825053213431531E-01 a      1315     1    15     2    15
 -3.7430190321190403E-02 a      1316     1    15     2    16
 -4.4752084127715980E-01 a      1317     1    15     2    17
 -4.1785018378341465E-01 a      1318     1    15     2    18
 -2.5826609974372366E-01 a      1319     1    15     2    19
  5.6503843046264400E-02 a      1320     1    15     2    20
  2.8180736921558393E-02 a      1321     1    16     2     1
  2.2960904384718506E-01 a      1322     1    16     2     2
 -4.0945976336097972E-01 a      1323     1    16     2     3
  3.0218893362747856E-01 a      1324     1    16     2     4
 -6.3637174036665090E-01 a      1325     1    16     2     5
  2.3514855544738318E-02 a      1326     1    16     2     6
 -5.7586914014330012E-02 a      1327     1    16     2     7
  2.9295113124087746E-01 a      1328     1    16     2     8
 -1.9542791576486604E-01 a      1329     1    16     2     9
  3.7764343483635804E-01 a      1330     1    16     2    10
  1.4196892231372715E-01 a      1331     1    16     2    11
 -2.8160257239899417E-01 a      1332     1    16     2    12
 -6.4710836260264554E-02 a      1333     1    16     2    13
  5.8981163734679607E-03 a      1334     1    16     2    14
 -1.5801367850405659E-01 a      1335     1    16     2    15
 -1.1950647800380045E-01 a      1336     1    16     2    16
  5.5731889570811866E-01 a      1337     1    16     2    17
  3.3344768776020545E-01 a      1338     1    16     2    18
  4.8172097647687401E-01 a      1339     1    16     2    19
 -4.2449228461517746E-01 a      1340     1    16     2    20
  3.5573877736694910E-02 a      1341     1    17     2     1
 -8.2507574210556989E-01 a      1342     1    17     2     2
  3.3893421780064081E-01 a      1343     1    17     2     3
 -6.4282135467284163E-01 a      1344     1    17     2     4
  9.1436106909607073E-02 a      1345     1    17     2     5
 -4.4327561773704519E-02 a      1346     1    17     2     6
  9.4855345923704815E-02 a      1347     1    17     2     7
  6.1145071390643860E-02 a      1348     1    17     2     8
 -6.0659510614166919E-02 a      1349     1    17     2     9
  4.0511002224739479E-01 a      1350     1    17     2    10
 -2.8601192327607816E-01 a      1351     1    17     2    11
  2.0899360986628868E-01 a      1352     1    17     2    12
  1.5290419812137812E-01 a      1353     1    17     2    13
  6.6351841753269714E-01 a      1354     1    17     2    14
 -2.1589326337398385E-01 a      1355     1    17     2    15
  4.8480591299726605E-01 a      1356     1    17     2    16
  7.0970220274871446E-02 a      1357     1    17     2    17
 -6.1105543696012199E-01 a      1358     1    17     2    18
 -4.8513938503668329E-02 a      1359     1    17     2    19
  2.6893930246850051E-01 a      1360     1    17     2    20
  9.3922934308415640E-02 a      1361     1    18     2     1
  1.5337344324725710E-01 a      1362     1    18     2     2
  3.1201964266811749E-01 a      1363     1    18     2     3
 -3.7374034421642960E-01 a      1364     1    18     2     4
  3.8503266142479048E-01 a      1365     1    18     2     5
 -2.4439227305436628E-01 a      1366     1    18     2     6
  3.8938676089363394E-01 a      1367     1    18     2     7
 -1.0057098321678255E-01 a      1368     1    18     2     8
  2.6756895744139136E-01 a      1369     1    18     2     9
 -4.9691617547540123E-01 a      1370     1    18     2    10
 -4.9647265877714525E-01 a      1371     1    18     2    11
 -4.9470398709844182E-01 a      1372     1    18     2    12
  1.0140413943148109E-02 a      1373     1    18     2    13
  3.4699132228207162E-02 a      1374     1    18     2    14
  2.2439270466031172E-01 a      1375     1    18     2    15
 -1.8639049662827500E-01 a      1376     1    18     2    16
 -3.5668475676413902E-01 a      1377     1    18     2    17
  2.5027866283105960E-01 a      1378     1    18     2    18
 -6.3201163051404263E-01 a      1379     1    18     2    19
  3.2631314166398070E-02 a      1380     1    18     2    20
 -2.1609891300812342E-01 a      1381     1    19     2     1
  3.4848679972641505E-01 a      1382     1    19     2     2
 -2.1705250727490924E-01 a      1383     1    19     2     3
 -3.2591949764249434E-01 a      1384     1    19     2     4
  2.2796134735474524E-01 a      1385     1    19     2     5
 -1.8015451894535192E-01 a      1386     1    19     2     6
  3.3680188841997714E-02 a      1387     1    19     2     7
  5.1537056603076048E-01 a      1388     1    19     2     8
  3.8935061453057485E-01 a      1389     1    19     2     9
  3.1263260611100335E-01 a      1390     1    19     2    10
 -5.3895365438966814E-01 a      1391     1    19     2    11
 -8.8500968441094868E-02 a      1392     1    19     2    12
  1.9715329044469415E-01 a      1393     1    19     2    13
 -5.4595546393000449E-01 a      1394     1    19     2    14
 -4.1749355439495461E-01 a      1395     1    19     2    15
  3.7820123713182788E-02 a      1396     1    19     2    16
 -3.2801394024025177E-01 a      1397     1    19     2    17
  3.1987506741000910E-01 a      1398     1    19     2    18
  1.3300907454641284E-01 a      1399     1    19     2    19
 -6.0473194192642143E-01 a      1400     1    19     2    20
  3.4504605973520514E-01 a      1401     1    20     2     1
 -9.4282935628360709E-02 a      1402     1    20     2     2
  1.3660342486836033E-01 a      1403     1    20     2     3
 -2.2679999204358606E-01 a      1404     1    20     2     4
 -2.7322594246725229E-01 a      1405     1    20     2     5
  3.7722193341062235E-02 a      1406     1    20     2     6
  3.4312141555829834E-01 a      1407     1    20     2     7
 -2.8594631934375475E-01 a      1408     1    20     2     8
  2.7380125041281128E-01 a      1409     1    20     2     9
  1.0190567293360307E-01 a      1410     1    20     2    10
  6.3506759710471750E-01 a      1411     1    20     2    11
  1.5471334679870610E-01 a      1412     1    20     2    12
  6.2873814083572815E-02 a      1413     1    20     2    13
  3.3875094256998317E-01 a      1414     1    20     2    14
 -4.7309138218793589E-01 a      1415     1    20     2    15
 -5.7011226624326106E-01 a      1416     1    20     2    16
 -6.4465329064678456E-01 a      1417     1    20     2    17
  5.3052120113001178E-01 a      1418     1    20     2    18
  4.2100625979787482E-01 a      1419     1    20     2    19
 -7.2149589512699605E-02 a      1420     1    20     2    20
 -3.8326770660458018E-02 b      1421     2     1
 -8.7790392445406451E-01 b      1422     2     2
  1.0030299646081944E+00 b      1423     2     3
  9.0656933951200847E-01 b      1424     2     4
  1.3033459285801106E+00 b      1425     2     5
 -8.2648698300411794E-01 b      1426     2     6
 -5.5687943289558828E-01 b      1427     2     7
 -1.0853861587612490E+00 b      1428     2     8
 -9.6118616361051634E-01 b      1429     2     9
  1.0478545196945055E+00 b      1430     2    10
 -7.2738183550846425E-01 b      1431     2    11
 -9.3664958513701757E-01 b      1432     2    12
  1.4315222341253364E+00 b      1433     2    13
  1.1453178134481277E+00 b      1434     2    14
 -9.8770233851324862E-01 b      1435     2    15
 -2.2071765668768811E-01 b      1436     2    16
 -9.8065622511380401E-01 b      1437     2    17
  1.0789686804775693E+00 b      1438     2    18
 -1.1529951662417881E+00 b      1439     2    19
 -3.0803430225517514E-01 b      1440     2    20
 -1.4577155603574513E-01 a      1441     2     1     3     1
 -3.6651468271527199E-01 a      1442     2     2     3     1
 -1.2094164890060271E+00 a      1443     2     3     3     1
  1.3283065915699857E-01 a      1444     2     4     3     1
  1.6531229175471332E-03 a      1445     2     5     3     1
  2.2003284172424697E-01 a      1446     2     6     3     1
  1.0890847204546372E+00 a      1447     2     7     3     1
  8.8709232693769013E-01 a      1448     2     8     3     1
  1.9168200032358718E-01 a      1449     2     9     3     1
 -3.3687293529724133E-01 a      1450     2    10     3     1
 -9.5730966118245706E-02 a      1451     2    11     3     1
  3.4118515282893014E-01 a      1452     2    12     3     1
  2.1279786492949584E-01 a      1453     2    13     3     1
  1.8029128439377873E-02 a      1454     2    14     3     1
 -1.1073548777129776E-01 a      1455     2    15     3     1
  5.3207858233192851E-01 a      1456     2    16     3     1
  6.8691795346229073E-02 a      1457     2    17     3     1
  4.0030866236881173E-02 a      1458     2    18     3     1
 -3.4435122338920354E-01 a      1459     2    19     3     1
  4.5795267868045292E-01 a      1460     2    20     3     1
 -1.3813003625701408E+00 b      1461     3     1
