################################################################################
# Neural network connection values (weights and biases).
################################################################################
# Col  Name       Description
################################################################################
# 1    connection Neural network connection value.
# 2    t          Connection type (a = weight, b = bias).
# 3    index      Index enumerating weights.
# 4    l_s        Starting point layer (end point layer for biases).
# 5    n_s        Starting point neuron in starting layer (end point neuron for biases).
# 6    l_e        End point layer.
# 7    n_e        End point neuron in end layer.
################################################################################
#                      1 2         3     4     5     6     7
#             connection t     index   l_s   n_s   l_e   n_e
############################################################
  1.9878822311323552E-01 a         1     0     1     1     1
  1.8018004199319593E-01 a         2     0     1     1     2
  1.1187274645511794E-01 a         3     0     1     1     3
  8.2664867422992741E-02 a         4     0     1     1     4
 -1.8308680586462725E-01 a         5     0     1     1     5
 -2.3814037250586442E-01 a         6     0     1     1     6
  7.7189626892783858E-02 a         7     0     1     1     7
  5.2676915564715918E-02 a         8     0     1     1     8
 -5.5633323729335923E-02 a         9     0     1     1     9
  1.1505271158313923E-01 a        10     0     1     1    10
  5.0654848077606861E-02 a        11     0     1     1    11
 -2.9821704156896247E-02 a        12     0     1     1    12
  8.7782963127615118E-02 a        13     0     1     1    13
  3.5449249171145453E-01 a        14     0     1     1    14
 -5.0089616930504718E-02 a        15     0     1     1    15
 -1.3056540785407682E-02 a        16     0     1     1    16
  6.2900352769351103E-02 a        17     0     1     1    17
 -2.3972867987207985E-01 a        18     0     1     1    18
  1.9315325385471135E-01 a        19     0     1     1    19
 -2.0290404807311462E-02 a        20     0     1     1    20
  8.9741428709197088E-03 a        21     0     2     1     1
 -1.3178607393031092E-01 a        22     0     2     1     2
  1.1212342465725914E-01 a        23     0     2     1     3
  2.5788150968629764E-01 a        24     0     2     1     4
 -3.2946758301913251E-02 a        25     0     2     1     5
  3.7495569124960393E-01 a        26     0     2     1     6
 -3.2138483796980905E-01 a        27     0     2     1     7
  1.3278669931860417E-02 a        28     0     2     1     8
  1.6760418133541924E-01 a        29     0     2     1     9
 -1.2005333641780326E-01 a        30     0     2     1    10
  1.5559645092902294E-01 a        31     0     2     1    11
 -3.6470882768507094E-02 a        32     0     2     1    12
  2.1619754107517500E-01 a        33     0     2     1    13
 -1.7732506945851234E-01 a        34     0     2     1    14
  3.1135844260034495E-01 a        35     0     2     1    15
 -9.5021054294193330E-02 a        36     0     2     1    16
  3.1349070459657669E-01 a        37     0     2     1    17
  2.5668490282413997E-01 a        38     0     2     1    18
 -2.5277736736010714E-01 a        39     0     2     1    19
 -2.5990524008111679E-02 a        40     0     2     1    20
  3.1761629526074011E-03 a        41     0     3     1     1
 -2.3318427568405689E-01 a        42     0     3     1     2
 -2.0030164335039891E-01 a        43     0     3     1     3
 -2.5749105284870299E-01 a        44     0     3     1     4
  2.2967659500708165E-01 a        45     0     3     1     5
 -1.7055032649295365E-01 a        46     0     3     1     6
  1.1850073559034938E-01 a        47     0     3     1     7
 -2.8461461306442709E-01 a        48     0     3     1     8
  1.1311943018248737E-02 a        49     0     3     1     9
 -2.6459620186519084E-01 a        50     0     3     1    10
 -1.0947821740892320E-01 a        51     0     3     1    11
  9.5982029465021462E-02 a        52     0     3     1    12
  8.1640406472077293E-02 a        53     0     3     1    13
  6.9816374962766922E-02 a        54     0     3     1    14
  4.2298744650811437E-01 a        55     0     3     1    15
  9.9977811414717732E-02 a        56     0     3     1    16
  2.6409822407890547E-02 a        57     0     3     1    17
  2.4529682889990961E-01 a        58     0     3     1    18
 -3.5825441246114842E-01 a        59     0     3     1    19
  9.8804574709345228E-02 a        60     0     3     1    20
 -2.1616551270190035E-01 a        61     0     4     1     1
  6.7788791246103403E-02 a        62     0     4     1     2
  2.4963210087544438E-01 a        63     0     4     1     3
  2.0869726520031009E-01 a        64     0     4     1     4
  3.7750810515227266E-02 a        65     0     4     1     5
  1.5528370247557009E-02 a        66     0     4     1     6
  1.3906387214087723E-01 a        67     0     4     1     7
  2.9498821511372358E-01 a        68     0     4     1     8
  1.9272836139077501E-01 a        69     0     4     1     9
  2.6328451322687185E-01 a        70     0     4     1    10
  2.1469712096867227E-01 a        71     0     4     1    11
 -1.2464193821235858E-01 a        72     0     4     1    12
  6.4047693256036750E-02 a        73     0     4     1    13
  1.8611524850783992E-01 a        74     0     4     1    14
 -1.2216774559792724E-01 a        75     0     4     1    15
  4.1503362567753443E-01 a        76     0     4     1    16
 -6.8247713311138528E-03 a        77     0     4     1    17
  2.0064995455983575E-01 a        78     0     4     1    18
 -1.5268553536334539E-01 a        79     0     4     1    19
  1.5047509426945191E-01 a        80     0     4     1    20
 -2.8464572076905481E-03 a        81     0     5     1     1
  1.4211552874640176E-01 a        82     0     5     1     2
 -1.2955857767323356E-01 a        83     0     5     1     3
  1.6541037327429602E-02 a        84     0     5     1     4
  3.2433100036413742E-01 a        85     0     5     1     5
  3.5040527783125031E-01 a        86     0     5     1     6
 -1.1072225268556106E-01 a        87     0     5     1     7
 -1.0516619842689480E-01 a        88     0     5     1     8
  2.6425389926600273E-01 a        89     0     5     1     9
 -2.8677589390335001E-01 a        90     0     5     1    10
  5.2574550943964944E-03 a        91     0     5     1    11
  2.2268576492270561E-01 a        92     0     5     1    12
 -1.1889186186834395E-01 a        93     0     5     1    13
  1.9468824623712169E-01 a        94     0     5     1    14
 -2.8531729451959663E-02 a        95     0     5     1    15
 -4.3547966045922475E-02 a        96     0     5     1    16
 -3.1968286256793055E-01 a        97     0     5     1    17
  8.6482668005200061E-02 a        98     0     5     1    18
  1.7998283167979595E-01 a        99     0     5     1    19
 -2.0696692133161013E-01 a       100     0     5     1    20
  2.1384883319440751E-01 a       101     0     6     1     1
  1.7782320992882858E-01 a       102     0     6     1     2
 -9.2260774356547712E-02 a       103     0     6     1     3
  4.1819240544709792E-02 a       104     0     6     1     4
  2.1322649264488858E-01 a       105     0     6     1     5
  3.0145371179567981E-01 a       106     0     6     1     6
 -3.8085101275913656E-02 a       107     0     6     1     7
 -8.0843810453529077E-02 a       108     0     6     1     8
  2.7678741132504769E-01 a       109     0     6     1     9
  1.8663136448713621E-01 a       110     0     6     1    10
  2.4696546750952345E-02 a       111     0     6     1    11
 -2.8266865459234469E-01 a       112     0     6     1    12
  1.1432841996775618E-01 a       113     0     6     1    13
 -2.0018786913765005E-01 a       114     0     6     1    14
 -1.2377465949935387E-01 a       115     0     6     1    15
 -3.6592178140288051E-01 a       116     0     6     1    16
  1.1762673889830474E-01 a       117     0     6     1    17
  8.6700663149121449E-02 a       118     0     6     1    18
  8.6794370651830641E-02 a       119     0     6     1    19
 -4.7333945420096953E-02 a       120     0     6     1    20
  1.8441126101458764E-02 a       121     0     7     1     1
 -2.6941387909846354E-01 a       122     0     7     1     2
  4.6592196167936299E-02 a       123     0     7     1     3
 -3.4799405402749173E-02 a       124     0     7     1     4
 -2.1204410849193384E-01 a       125     0     7     1     5
  1.8339701229067487E-01 a       126     0     7     1     6
 -2.9270034756042856E-01 a       127     0     7     1     7
 -1.2061067236716941E-01 a       128     0     7     1     8
 -1.6957080210470041E-01 a       129     0     7     1     9
 -2.0018684712006116E-01 a       130     0     7     1    10
  2.7961952960940428E-01 a       131     0     7     1    11
  1.1735451803961425E-01 a       132     0     7     1    12
 -5.7511189965823196E-02 a       133     0     7     1    13
 -3.2206278392784865E-01 a       134     0     7     1    14
 -1.7296082853232014E-01 a       135     0     7     1    15
 -2.1928445740980446E-01 a       136     0     7     1    16
 -1.5291692579545163E-01 a       137     0     7     1    17
 -1.7420183354100194E-01 a       138     0     7     1    18
  3.2563522317160265E-01 a       139     0     7     1    19
  2.4687923557531150E-01 a       140     0     7     1    20
 -8.1790964046980483E-02 a       141     0     8     1     1
  7.1115038262372962E-02 a       142     0     8     1     2
  7.0989882017805525E-02 a       143     0     8     1     3
  1.0463878682909689E-01 a       144     0     8     1     4
  5.1240243182063022E-02 a       145     0     8     1     5
  1.4432462420611884E-02 a       146     0     8     1     6
 -1.1684398404160307E-01 a       147     0     8     1     7
 -2.9278548445276244E-02 a       148     0     8     1     8
  3.6343903582852988E-01 a       149     0     8     1     9
 -9.4088081915726776E-02 a       150     0     8     1    10
  2.0442828790505757E-01 a       151     0     8     1    11
 -2.3255300697645681E-01 a       152     0     8     1    12
  2.0766934829417918E-01 a       153     0     8     1    13
 -4.9947162470527301E-02 a       154     0     8     1    14
  1.9651921584731030E-01 a       155     0     8     1    15
 -2.5756124624183407E-01 a       156     0     8     1    16
  3.8103516640777874E-01 a       157     0     8     1    17
  8.4764396057566494E-05 a       158     0     8     1    18
 -2.5277986380214706E-01 a       159     0     8     1    19
  1.5748610576928590E-01 a       160     0     8     1    20
  1.7937953975873469E-03 a       161     0     9     1     1
 -1.9204646418337235E-01 a       162     0     9     1     2
 -2.5362890099145274E-01 a       163     0     9     1     3
  2.0938153936639758E-01 a       164     0     9     1     4
 -2.1368908122710795E-01 a       165     0     9     1     5
 -5.9334690319943713E-02 a       166     0     9     1     6
 -3.8757457144781159E-03 a       167     0     9     1     7
 -2.7151276960225323E-01 a       168     0     9     1     8
  2.0799275909659717E-01 a       169     0     9     1     9
  1.2500899810715382E-01 a       170     0     9     1    10
  2.5536090119528437E-01 a       171     0     9     1    11
  2.8317627898703390E-01 a       172     0     9     1    12
 -2.5516100858242680E-01 a       173     0     9     1    13
  2.0445445094143425E-01 a       174     0     9     1    14
  3.8568319549159777E-02 a       175     0     9     1    15
  2.8338391584066064E-01 a       176     0     9     1    16
 -3.7993070770136661E-01 a       177     0     9     1    17
 -1.2352863052861555E-01 a       178     0     9     1    18
 -2.7748220431760323E-01 a       179     0     9     1    19
 -5.3903649925202473E-03 a       180     0     9     1    20
 -1.1701142498844032E-01 a       181     0    10     1     1
 -7.1136834871696641E-02 a       182     0    10     1     2
 -2.9422802950099275E-01 a       183     0    10     1     3
  4.1249293240388500E-02 a       184     0    10     1     4
 -1.1003962360912697E-01 a       185     0    10     1     5
  3.0378492981612554E-01 a       186     0    10     1     6
 -3.4318725549914832E-03 a       187     0    10     1     7
  2.4084798656778522E-01 a       188     0    10     1     8
 -1.1613003095513423E-01 a       189     0    10     1     9
  3.0715192240623190E-01 a       190     0    10     1    10
  1.9145276738105524E-01 a       191     0    10     1    11
  2.1277047923567723E-02 a       192     0    10     1    12
 -2.2071198586303456E-01 a       193     0    10     1    13
  2.2441154196503704E-01 a       194     0    10     1    14
 -6.4401305447665480E-02 a       195     0    10     1    15
 -1.2105469781066164E-01 a       196     0    10     1    16
 -1.9283521125830438E-01 a       197     0    10     1    17
  1.0484637899764944E-01 a       198     0    10     1    18
 -9.5140403565207768E-02 a       199     0    10     1    19
 -2.0616343968766868E-02 a       200     0    10     1    20
  4.1434938703806941E-02 a       201     0    11     1     1
  3.3279690460428044E-02 a       202     0    11     1     2
 -9.6910935510735832E-02 a       203     0    11     1     3
  1.3277959956594459E-02 a       204     0    11     1     4
  1.4904852708938557E-01 a       205     0    11     1     5
  4.0708792068788448E-02 a       206     0    11     1     6
 -2.2717313785626154E-02 a       207     0    11     1     7
 -1.5805692450829115E-01 a       208     0    11     1     8
 -8.7327376119418057E-02 a       209     0    11     1     9
 -1.6498512400191390E-01 a       210     0    11     1    10
  2.1870762837033368E-02 a       211     0    11     1    11
  8.9556510921110499E-02 a       212     0    11     1    12
 -1.8366741153630800E-01 a       213     0    11     1    13
 -3.0401042356135344E-01 a       214     0    11     1    14
  1.4832448235946291E-01 a       215     0    11     1    15
 -2.8864560548832147E-01 a       216     0    11     1    16
 -1.2259702155605248E-01 a       217     0    11     1    17
 -4.2050606591870626E-02 a       218     0    11     1    18
 -7.6242767380159920E-02 a       219     0    11     1    19
  2.2224518358897544E-01 a       220     0    11     1    20
 -3.0018660278026105E-01 a       221     0    12     1     1
  3.6160247464892864E-01 a       222     0    12     1     2
  1.7401048580104417E-01 a       223     0    12     1     3
  2.4345420480523280E-02 a       224     0    12     1     4
  4.5924923445583236E-02 a       225     0    12     1     5
 -1.3309764195922469E-02 a       226     0    12     1     6
 -4.4855887736480341E-03 a       227     0    12     1     7
  9.0849748537190373E-03 a       228     0    12     1     8
 -6.5645981319669533E-02 a       229     0    12     1     9
 -2.2426060237969839E-01 a       230     0    12     1    10
 -3.5625926916071689E-03 a       231     0    12     1    11
  1.5438323875971230E-01 a       232     0    12     1    12
 -1.5742740313097309E-01 a       233     0    12     1    13
  3.1149836359583016E-01 a       234     0    12     1    14
 -2.3285411485708157E-02 a       235     0    12     1    15
 -8.0523713386927209E-02 a       236     0    12     1    16
  7.4365094838684836E-02 a       237     0    12     1    17
 -2.9330402877132178E-01 a       238     0    12     1    18
 -2.1454812098664564E-01 a       239     0    12     1    19
  4.8871219266087625E-02 a       240     0    12     1    20
 -2.5535899818876048E-02 a       241     0    13     1     1
 -8.7704681197140533E-02 a       242     0    13     1     2
 -3.8547030258762133E-02 a       243     0    13     1     3
  1.2652657249605848E-01 a       244     0    13     1     4
  1.1873596316146689E-02 a       245     0    13     1     5
 -8.0419701964970544E-02 a       246     0    13     1     6
 -5.5018324285471099E-02 a       247     0    13     1     7
  2.0872698087604624E-01 a       248     0    13     1     8
  3.4521515439561690E-01 a       249     0    13     1     9
 -1.2109392435222452E-01 a       250     0    13     1    10
  5.2429503446334257E-02 a       251     0    13     1    11
 -2.1706375763213243E-01 a       252     0    13     1    12
 -4.5396443309303876E-02 a       253     0    13     1    13
 -1.1167200526775260E-01 a       254     0    13     1    14
 -2.3138735296457602E-01 a       255     0    13     1    15
  1.1545378104569202E-01 a       256     0    13     1    16
 -7.9789096382122171E-02 a       257     0    13     1    17
  9.9828073469475517E-02 a       258     0    13     1    18
  2.4253324650696723E-01 a       259     0    13     1    19
  1.9058642810351044E-02 a       260     0    13     1    20
 -1.4901732763091391E-01 a       261     0    14     1     1
 -9.2282249303516362E-03 a       262     0    14     1     2
 -8.1766504877101090E-02 a       263     0    14     1     3
  3.1054688741273210E-03 a       264     0    14     1     4
 -7.4795546584166289E-02 a       265     0    14     1     5
  2.2321199757197827E-01 a       266     0    14     1     6
  1.6297207266489189E-01 a       267     0    14     1     7
 -7.0584100020469165E-02 a       268     0    14     1     8
  2.3151505798138525E-01 a       269     0    14     1     9
 -2.3429130564501977E-01 a       270     0    14     1    10
 -2.8579656179905889E-03 a       271     0    14     1    11
  4.7658625432018493E-02 a       272     0    14     1    12
  5.7564924533085995E-02 a       273     0    14     1    13
 -1.5561914042606728E-01 a       274     0    14     1    14
  1.2602388933816422E-01 a       275     0    14     1    15
 -1.9459315132269811E-01 a       276     0    14     1    16
  2.2786872552547061E-01 a       277     0    14     1    17
  1.1020398265502818E-01 a       278     0    14     1    18
 -8.3179780499175140E-02 a       279     0    14     1    19
  1.6162240287486158E-02 a       280     0    14     1    20
  2.4047934382888955E-01 a       281     0    15     1     1
 -2.2101925669664960E-01 a       282     0    15     1     2
 -2.0869834715903809E-01 a       283     0    15     1     3
  3.8189573434986801E-02 a       284     0    15     1     4
  2.7020503690639627E-03 a       285     0    15     1     5
  1.6031911248510453E-01 a       286     0    15     1     6
 -5.9902279046226720E-02 a       287     0    15     1     7
  1.1117062051917907E-01 a       288     0    15     1     8
  3.1510015070024922E-01 a       289     0    15     1     9
  1.9215341882367026E-01 a       290     0    15     1    10
 -2.4930874192880023E-01 a       291     0    15     1    11
  2.5474536964797739E-01 a       292     0    15     1    12
 -8.1755399534548814E-02 a       293     0    15     1    13
 -3.5633717293870038E-01 a       294     0    15     1    14
 -6.9836221976159976E-02 a       295     0    15     1    15
  8.1058443689226406E-02 a       296     0    15     1    16
  1.7922872529501019E-01 a       297     0    15     1    17
  6.3940520986790608E-02 a       298     0    15     1    18
  2.8026922164105361E-01 a       299     0    15     1    19
  1.5436291916912609E-01 a       300     0    15     1    20
 -1.3640332359962007E-01 a       301     0    16     1     1
  1.2474654217591409E-01 a       302     0    16     1     2
 -4.0179430071459620E-04 a       303     0    16     1     3
  1.5429027595824901E-01 a       304     0    16     1     4
 -2.6683342706835589E-01 a       305     0    16     1     5
  1.8541857308252040E-02 a       306     0    16     1     6
  2.1250702438389982E-01 a       307     0    16     1     7
 -2.3371473500838030E-01 a       308     0    16     1     8
 -2.7948790327421635E-01 a       309     0    16     1     9
  1.6497122494055538E-01 a       310     0    16     1    10
  4.8234156071583156E-02 a       311     0    16     1    11
  4.3472281649876848E-02 a       312     0    16     1    12
  2.6307721960010196E-02 a       313     0    16     1    13
  9.9793196861159714E-02 a       314     0    16     1    14
  1.3675648693923512E-01 a       315     0    16     1    15
 -9.0582505497955476E-02 a       316     0    16     1    16
 -2.6441718481911891E-01 a       317     0    16     1    17
  1.2844830991663035E-03 a       318     0    16     1    18
 -1.6805473004068905E-01 a       319     0    16     1    19
 -7.7680069756504752E-02 a       320     0    16     1    20
  3.0864471886630473E-01 a       321     0    17     1     1
 -8.7278123785153885E-02 a       322     0    17     1     2
  1.2888394928679933E-01 a       323     0    17     1     3
 -6.8222485363286664E-02 a       324     0    17     1     4
 -1.1160013865443670E-01 a       325     0    17     1     5
  7.9185503055967235E-02 a       326     0    17     1     6
 -4.4351566537090790E-03 a       327     0    17     1     7
 -1.3579575772252420E-01 a       328     0    17     1     8
  2.2549277064726184E-01 a       329     0    17     1     9
  1.2389708023194675E-01 a       330     0    17     1    10
 -9.2356906304779177E-02 a       331     0    17     1    11
 -2.1525351733219927E-02 a       332     0    17     1    12
  8.6401673648194482E-02 a       333     0    17     1    13
  4.2838543668859130E-01 a       334     0    17     1    14
  2.8150118844064292E-01 a       335     0    17     1    15
  1.6404208064039555E-01 a       336     0    17     1    16
  7.8644343653323900E-02 a       337     0    17     1    17
  6.0196533385195648E-05 a       338     0    17     1    18
 -2.0180826778531774E-01 a       339     0    17     1    19
  1.6805296077010014E-02 a       340     0    17     1    20
 -4.4655080881742991E-02 a       341     0    18     1     1
  1.9334746905276731E-01 a       342     0    18     1     2
 -4.4322448925924983E-02 a       343     0    18     1     3
  1.0057602933497277E-01 a       344     0    18     1     4
  4.4361538650189616E-02 a       345     0    18     1     5
 -2.4551317227297764E-01 a       346     0    18     1     6
 -1.8564466071314892E-01 a       347     0    18     1     7
 -2.9158738685485142E-01 a       348     0    18     1     8
 -9.3289005125608490E-02 a       349     0    18     1     9
 -1.8627501165414539E-01 a       350     0    18     1    10
  7.1159394538428580E-02 a       351     0    18     1    11
 -2.0495001746704558E-01 a       352     0    18     1    12
  9.4877155827668147E-03 a       353     0    18     1    13
 -1.3356792101161036E-01 a       354     0    18     1    14
  5.1885592054617201E-02 a       355     0    18     1    15
  4.4547230671760356E-02 a       356     0    18     1    16
 -2.7646666321717382E-02 a       357     0    18     1    17
 -7.7854145434177624E-02 a       358     0    18     1    18
  9.4168271908928139E-02 a       359     0    18     1    19
 -1.4687282125753548E-01 a       360     0    18     1    20
  1.4474074406720902E-01 a       361     0    19     1     1
 -3.0946226823969963E-01 a       362     0    19     1     2
 -1.4927132758761784E-02 a       363     0    19     1     3
  1.4377945572956485E-01 a       364     0    19     1     4
  9.2270645015533490E-02 a       365     0    19     1     5
  2.8854223977398258E-01 a       366     0    19     1     6
 -3.2829686039869944E-02 a       367     0    19     1     7
  2.8177540455451017E-01 a       368     0    19     1     8
 -3.1457103510942531E-02 a       369     0    19     1     9
 -1.6480820350199765E-01 a       370     0    19     1    10
  5.5488898283154370E-02 a       371     0    19     1    11
 -1.7724147116691599E-01 a       372     0    19     1    12
 -2.4779349362599823E-01 a       373     0    19     1    13
 -8.5857259209759021E-03 a       374     0    19     1    14
 -2.0859022569639654E-01 a       375     0    19     1    15
  5.8771536557755355E-02 a       376     0    19     1    16
  1.9481614160515096E-01 a       377     0    19     1    17
  2.3842942421082061E-01 a       378     0    19     1    18
 -1.3944288252294068E-01 a       379     0    19     1    19
 -1.3156611925715272E-01 a       380     0    19     1    20
 -3.9237589948279104E-02 a       381     0    20     1     1
  1.1645363358672334E-01 a       382     0    20     1     2
 -2.5365794174782880E-01 a       383     0    20     1     3
 -1.3126749689529724E-01 a       384     0    20     1     4
 -1.9427395724648736E-01 a       385     0    20     1     5
  7.6011628444303411E-02 a       386     0    20     1     6
  4.1372557786753084E-01 a       387     0    20     1     7
  5.3852263054919712E-02 a       388     0    20     1     8
 -1.7276308192800438E-01 a       389     0    20     1     9
  2.8760033229091080E-02 a       390     0    20     1    10
  1.1367728609040867E-01 a       391     0    20     1    11
  1.4002487983423356E-02 a       392     0    20     1    12
  6.3484837654324680E-02 a       393     0    20     1    13
 -2.5571478330268343E-01 a       394     0    20     1    14
  4.1134148136428253E-02 a       395     0    20     1    15
 -3.0550771293145118E-01 a       396     0    20     1    16
  2.1856025516399199E-02 a       397     0    20     1    17
 -1.0673677875564319E-01 a       398     0    20     1    18
  3.6598422636214645E-01 a       399     0    20     1    19
  3.4025176356729542E-01 a       400     0    20     1    20
 -1.3384425211638745E-02 a       401     0    21     1     1
 -1.5899132356356739E-02 a       402     0    21     1     2
 -2.2876555554991523E-01 a       403     0    21     1     3
  1.6286423275363904E-01 a       404     0    21     1     4
 -7.5744253534857656E-02 a       405     0    21     1     5
 -6.9571611176912337E-02 a       406     0    21     1     6
  1.7589255859005556E-01 a       407     0    21     1     7
  1.0412378237748555E-02 a       408     0    21     1     8
  1.5241779288633607E-02 a       409     0    21     1     9
  1.4441348628630257E-01 a       410     0    21     1    10
 -2.0898817662309230E-01 a       411     0    21     1    11
  1.7956237731816763E-01 a       412     0    21     1    12
 -9.9475816237869275E-02 a       413     0    21     1    13
  1.5289518480237482E-01 a       414     0    21     1    14
  1.0548427458645861E-01 a       415     0    21     1    15
  1.4625246985124579E-01 a       416     0    21     1    16
  1.1867546595225756E-01 a       417     0    21     1    17
  1.1194690686684478E-01 a       418     0    21     1    18
 -8.9710726228386273E-02 a       419     0    21     1    19
 -2.4342701491149760E-01 a       420     0    21     1    20
 -1.9484764643087080E-01 a       421     0    22     1     1
 -3.0470018229095247E-01 a       422     0    22     1     2
  2.0756107355304279E-01 a       423     0    22     1     3
  1.5660221804960953E-01 a       424     0    22     1     4
  1.8844147772101291E-01 a       425     0    22     1     5
  1.6867521569344315E-01 a       426     0    22     1     6
 -3.1950274140756624E-01 a       427     0    22     1     7
 -7.8030705565415692E-02 a       428     0    22     1     8
  1.9799385296224742E-01 a       429     0    22     1     9
 -2.4918567091731467E-01 a       430     0    22     1    10
  1.2797604054273265E-01 a       431     0    22     1    11
  2.6924043631174804E-01 a       432     0    22     1    12
  1.1367193436229391E-01 a       433     0    22     1    13
 -5.5827272724365155E-02 a       434     0    22     1    14
  1.1245012708363478E-01 a       435     0    22     1    15
  5.3302815271982613E-02 a       436     0    22     1    16
 -1.9668802644811920E-01 a       437     0    22     1    17
 -1.0108467935461761E-01 a       438     0    22     1    18
  7.4351577193071616E-02 a       439     0    22     1    19
  1.3838831982513480E-01 a       440     0    22     1    20
  1.4764360341841826E-01 a       441     0    23     1     1
  5.1115238615681013E-02 a       442     0    23     1     2
 -8.5644896658161315E-02 a       443     0    23     1     3
  4.9674699468088696E-02 a       444     0    23     1     4
 -2.6099522871629307E-02 a       445     0    23     1     5
 -6.0370353321818122E-02 a       446     0    23     1     6
 -1.8863658393308191E-01 a       447     0    23     1     7
 -2.4733179311644049E-01 a       448     0    23     1     8
 -1.4994018471586065E-01 a       449     0    23     1     9
  2.4678492209952069E-01 a       450     0    23     1    10
 -2.9057557100844611E-01 a       451     0    23     1    11
  1.4486094366253707E-01 a       452     0    23     1    12
 -8.1667448774690704E-02 a       453     0    23     1    13
  5.5050007794110400E-02 a       454     0    23     1    14
  6.2175403065034149E-02 a       455     0    23     1    15
  6.7021460439904215E-02 a       456     0    23     1    16
  2.4032253400468467E-01 a       457     0    23     1    17
  1.0302254291991077E-01 a       458     0    23     1    18
 -1.3555607914280215E-01 a       459     0    23     1    19
 -3.2235102078153205E-01 a       460     0    23     1    20
  9.7432708854165856E-02 a       461     0    24     1     1
  1.5223782165361513E-01 a       462     0    24     1     2
  2.6964305607276090E-01 a       463     0    24     1     3
 -2.4786895738223533E-01 a       464     0    24     1     4
 -2.4132809639357222E-01 a       465     0    24     1     5
 -1.5862800712232053E-01 a       466     0    24     1     6
  5.8049215873246594E-02 a       467     0    24     1     7
  3.8535172828481269E-02 a       468     0    24     1     8
 -6.4729779581572016E-03 a       469     0    24     1     9
  5.4966555852970757E-02 a       470     0    24     1    10
  1.8893665828442385E-02 a       471     0    24     1    11
 -7.8897426289059866E-02 a       472     0    24     1    12
  4.6579462803644826E-02 a       473     0    24     1    13
  1.2446701017110684E-01 a       474     0    24     1    14
 -3.0906543583844687E-01 a       475     0    24     1    15
 -1.8142832816591101E-01 a       476     0    24     1    16
 -1.2412790837513835E-01 a       477     0    24     1    17
 -9.1025446997585718E-02 a       478     0    24     1    18
  1.1045908008368951E-01 a       479     0    24     1    19
  4.0486624845751495E-02 a       480     0    24     1    20
 -1.0644880980131807E-01 a       481     0    25     1     1
  2.5679350167132292E-01 a       482     0    25     1     2
 -6.5600299860369077E-03 a       483     0    25     1     3
 -1.0625822084923953E-01 a       484     0    25     1     4
 -1.5708279136948855E-01 a       485     0    25     1     5
 -1.6621633242150835E-01 a       486     0    25     1     6
  5.9760950566315620E-02 a       487     0    25     1     7
  1.3999043154327770E-01 a       488     0    25     1     8
  1.4904051957433534E-01 a       489     0    25     1     9
 -5.2809650912147572E-02 a       490     0    25     1    10
  8.3753692338923380E-02 a       491     0    25     1    11
 -2.2552042400963948E-01 a       492     0    25     1    12
 -2.4198632723636776E-01 a       493     0    25     1    13
 -1.8340893794069360E-01 a       494     0    25     1    14
 -9.1020055739539890E-02 a       495     0    25     1    15
 -8.8362746487099020E-02 a       496     0    25     1    16
 -2.4276841920433465E-01 a       497     0    25     1    17
 -7.6911107393170336E-02 a       498     0    25     1    18
 -1.9031921308848559E-01 a       499     0    25     1    19
  2.0363546658301523E-01 a       500     0    25     1    20
  1.1349316852972009E-01 a       501     0    26     1     1
  5.7684863880316878E-02 a       502     0    26     1     2
 -1.5028744946785945E-02 a       503     0    26     1     3
  7.0953163320381915E-02 a       504     0    26     1     4
 -7.0815151086614195E-02 a       505     0    26     1     5
  2.7990168028592566E-01 a       506     0    26     1     6
  3.5491042270224515E-01 a       507     0    26     1     7
 -2.2165464215690704E-02 a       508     0    26     1     8
  1.4331378672819683E-01 a       509     0    26     1     9
 -9.3186699604386414E-02 a       510     0    26     1    10
  1.0689430130172739E-01 a       511     0    26     1    11
  2.0823003096558551E-01 a       512     0    26     1    12
  1.6798243394854168E-02 a       513     0    26     1    13
  2.2118975545502501E-01 a       514     0    26     1    14
 -5.9576900152299724E-02 a       515     0    26     1    15
 -9.5425385733520413E-02 a       516     0    26     1    16
  3.1832097931213438E-01 a       517     0    26     1    17
  2.0047546777143371E-01 a       518     0    26     1    18
 -8.8663224612298669E-02 a       519     0    26     1    19
 -9.4940442271602060E-02 a       520     0    26     1    20
 -1.5959718854866428E-01 a       521     0    27     1     1
  7.8634655145683897E-03 a       522     0    27     1     2
 -1.4805062070305197E-01 a       523     0    27     1     3
  1.8998354695397862E-01 a       524     0    27     1     4
  3.1682268988272472E-01 a       525     0    27     1     5
  3.6301133350480719E-01 a       526     0    27     1     6
 -1.7308208727623273E-01 a       527     0    27     1     7
  1.1059364387000079E-01 a       528     0    27     1     8
 -2.3046438288314439E-01 a       529     0    27     1     9
 -2.1675234884304703E-01 a       530     0    27     1    10
  2.1292491630364643E-02 a       531     0    27     1    11
  7.8499691278593922E-02 a       532     0    27     1    12
 -3.3078976691698882E-02 a       533     0    27     1    13
 -2.1694733038718009E-01 a       534     0    27     1    14
  2.1890827623501624E-01 a       535     0    27     1    15
  1.1495910990580413E-01 a       536     0    27     1    16
  2.0461974032005334E-01 a       537     0    27     1    17
 -1.3521334056582432E-01 a       538     0    27     1    18
  1.5705787238551508E-01 a       539     0    27     1    19
  2.3462296059253365E-01 a       540     0    27     1    20
 -1.1115675858517846E-02 a       541     0    28     1     1
 -1.7634474195808580E-01 a       542     0    28     1     2
 -2.3972320351771406E-01 a       543     0    28     1     3
  7.1675246684982971E-04 a       544     0    28     1     4
  1.2562684712769703E-01 a       545     0    28     1     5
  1.6498467549838020E-01 a       546     0    28     1     6
  5.0197530501194354E-02 a       547     0    28     1     7
 -1.8806259325985286E-01 a       548     0    28     1     8
 -2.8339378082166855E-01 a       549     0    28     1     9
 -1.3401482157971914E-01 a       550     0    28     1    10
 -1.8029581433952918E-01 a       551     0    28     1    11
 -6.7627262059846177E-02 a       552     0    28     1    12
  6.0825666649951739E-02 a       553     0    28     1    13
  2.8546233514466879E-01 a       554     0    28     1    14
  2.4239051990384966E-01 a       555     0    28     1    15
 -5.9745862713866817E-02 a       556     0    28     1    16
  1.4587774719268032E-01 a       557     0    28     1    17
  1.0291524085972137E-01 a       558     0    28     1    18
 -4.4000482336107323E-02 a       559     0    28     1    19
 -1.5953767215413728E-01 a       560     0    28     1    20
  1.3024336065898276E-01 a       561     0    29     1     1
  1.4619178481829928E-01 a       562     0    29     1     2
 -1.3735427007755471E-01 a       563     0    29     1     3
 -1.9798352822712126E-01 a       564     0    29     1     4
 -2.2236773459334752E-01 a       565     0    29     1     5
 -1.2084147001198342E-01 a       566     0    29     1     6
  5.3422633421091131E-02 a       567     0    29     1     7
 -1.3444934284500581E-01 a       568     0    29     1     8
  2.9080242650167348E-01 a       569     0    29     1     9
  5.8946357189663082E-02 a       570     0    29     1    10
 -1.2950235631387730E-01 a       571     0    29     1    11
  1.0237401059415940E-01 a       572     0    29     1    12
  1.3448897672329499E-01 a       573     0    29     1    13
  2.5224126535918523E-01 a       574     0    29     1    14
  9.2071340705408247E-02 a       575     0    29     1    15
 -1.9621657460552677E-01 a       576     0    29     1    16
 -1.2115825046386057E-01 a       577     0    29     1    17
 -7.2584583960630571E-03 a       578     0    29     1    18
  1.0632183007614661E-02 a       579     0    29     1    19
 -9.3128399433347886E-03 a       580     0    29     1    20
  8.7566594938939327E-02 a       581     0    30     1     1
 -3.0620959283026500E-01 a       582     0    30     1     2
  2.2769928726695773E-01 a       583     0    30     1     3
  1.3348135284896284E-02 a       584     0    30     1     4
  5.9160523539755839E-03 a       585     0    30     1     5
 -2.5878148142140522E-01 a       586     0    30     1     6
 -6.7102078987613514E-02 a       587     0    30     1     7
 -2.9731469279781850E-02 a       588     0    30     1     8
 -2.1539958883137894E-01 a       589     0    30     1     9
  1.7529287957230406E-03 a       590     0    30     1    10
  1.0060421254726837E-01 a       591     0    30     1    11
 -9.5487680494605973E-02 a       592     0    30     1    12
 -1.2455243706283835E-02 a       593     0    30     1    13
 -5.0970641078351794E-02 a       594     0    30     1    14
 -3.1596829831693499E-02 a       595     0    30     1    15
 -7.9138471318699374E-02 a       596     0    30     1    16
  6.2456489687214248E-02 a       597     0    30     1    17
  2.4883537978652576E-02 a       598     0    30     1    18
  3.1168483217679278E-02 a       599     0    30     1    19
 -8.3180871138513052E-02 a       600     0    30     1    20
 -8.0286979014465631E-02 a       601     0    31     1     1
 -4.0648620130861214E-02 a       602     0    31     1     2
  2.8898231732265509E-02 a       603     0    31     1     3
 -1.8974743842469563E-01 a       604     0    31     1     4
 -1.3532471232867538E-01 a       605     0    31     1     5
 -3.3698160705545488E-01 a       606     0    31     1     6
 -2.6906217165626445E-01 a       607     0    31     1     7
  3.2185846135429036E-01 a       608     0    31     1     8
  2.6277863637076587E-01 a       609     0    31     1     9
 -1.5348065300955174E-01 a       610     0    31     1    10
  3.1040516057932765E-01 a       611     0    31     1    11
 -1.4722458108749331E-01 a       612     0    31     1    12
  2.6128835564913109E-02 a       613     0    31     1    13
  1.5482289593344831E-01 a       614     0    31     1    14
 -2.3834504419143637E-01 a       615     0    31     1    15
 -6.0076033944057222E-02 a       616     0    31     1    16
  6.0020951494920205E-02 a       617     0    31     1    17
 -3.4292106127157412E-02 a       618     0    31     1    18
  2.0010402871091368E-01 a       619     0    31     1    19
 -2.5868852897763350E-01 a       620     0    31     1    20
 -2.2703891502545634E-01 a       621     0    32     1     1
 -1.3066311347110629E-01 a       622     0    32     1     2
  2.8883286986457835E-01 a       623     0    32     1     3
  3.0659718782053447E-01 a       624     0    32     1     4
 -3.4944056876029467E-01 a       625     0    32     1     5
  5.9837876267722738E-02 a       626     0    32     1     6
 -2.6263555042006753E-01 a       627     0    32     1     7
 -1.5130497030174467E-01 a       628     0    32     1     8
  6.9286457139154239E-02 a       629     0    32     1     9
 -4.6317391722749061E-02 a       630     0    32     1    10
 -4.0748714774481703E-03 a       631     0    32     1    11
  2.0658054039489104E-01 a       632     0    32     1    12
 -9.8825658676201883E-02 a       633     0    32     1    13
 -3.8465202783138225E-01 a       634     0    32     1    14
  1.2978186254187557E-01 a       635     0    32     1    15
 -8.2013992512584802E-02 a       636     0    32     1    16
 -1.7605245760970445E-01 a       637     0    32     1    17
 -1.6980834594258204E-01 a       638     0    32     1    18
  1.6202087352765151E-02 a       639     0    32     1    19
  4.3359550550577587E-02 a       640     0    32     1    20
  2.4093316784983779E-01 a       641     0    33     1     1
 -2.6330700610388730E-01 a       642     0    33     1     2
 -2.3238423855036072E-01 a       643     0    33     1     3
  6.2559948421133842E-03 a       644     0    33     1     4
  4.1480863088128796E-02 a       645     0    33     1     5
 -1.1378566462563770E-01 a       646     0    33     1     6
 -2.7555915291723587E-01 a       647     0    33     1     7
 -4.8418381191851406E-02 a       648     0    33     1     8
 -1.8830951568800361E-01 a       649     0    33     1     9
 -1.1577617573009086E-01 a       650     0    33     1    10
  1.2710050072193712E-02 a       651     0    33     1    11
  2.2687437496268140E-01 a       652     0    33     1    12
 -1.2244912208471427E-01 a       653     0    33     1    13
  3.0875471235405177E-01 a       654     0    33     1    14
  3.3338523680765919E-01 a       655     0    33     1    15
  1.1148459442964099E-02 a       656     0    33     1    16
  8.7035380476557775E-02 a       657     0    33     1    17
  1.7675266158220954E-01 a       658     0    33     1    18
  1.0754309021346141E-01 a       659     0    33     1    19
  1.1446365050249756E-01 a       660     0    33     1    20
 -1.0934751264752682E-01 a       661     0    34     1     1
  3.3820313699195720E-01 a       662     0    34     1     2
  2.6651904287959112E-02 a       663     0    34     1     3
  1.1565172624822825E-01 a       664     0    34     1     4
 -1.3325183162639576E-01 a       665     0    34     1     5
 -1.9605281829598725E-01 a       666     0    34     1     6
 -5.1073936137217356E-02 a       667     0    34     1     7
  3.4509293070183683E-01 a       668     0    34     1     8
 -1.6086858774531898E-01 a       669     0    34     1     9
 -7.3698169198668048E-02 a       670     0    34     1    10
  2.2299232392878024E-01 a       671     0    34     1    11
  1.0197410661623681E-01 a       672     0    34     1    12
 -8.8768060518118516E-02 a       673     0    34     1    13
  9.1642185312395819E-02 a       674     0    34     1    14
  2.0473175627016424E-01 a       675     0    34     1    15
  9.6499946813034861E-03 a       676     0    34     1    16
  1.9167768008883729E-02 a       677     0    34     1    17
  9.9186127723606993E-02 a       678     0    34     1    18
  6.0990725993522468E-02 a       679     0    34     1    19
  1.3525246316302653E-01 a       680     0    34     1    20
  3.5746577890325017E-02 a       681     0    35     1     1
  1.0610246083612282E-01 a       682     0    35     1     2
 -7.7544338782606664E-02 a       683     0    35     1     3
  2.6930580180685904E-01 a       684     0    35     1     4
  1.0150508808683906E-01 a       685     0    35     1     5
 -1.5012882264798758E-01 a       686     0    35     1     6
  9.3429431985012176E-02 a       687     0    35     1     7
  1.3141474545831258E-01 a       688     0    35     1     8
  1.1862463227998005E-01 a       689     0    35     1     9
 -1.9050911671274009E-02 a       690     0    35     1    10
 -2.1117851719907865E-01 a       691     0    35     1    11
 -3.2192616781606959E-01 a       692     0    35     1    12
 -5.8607547301865265E-02 a       693     0    35     1    13
 -4.5653657409189793E-02 a       694     0    35     1    14
 -3.1759356099437791E-01 a       695     0    35     1    15
  2.4320317730138313E-01 a       696     0    35     1    16
 -8.0647762877068367E-03 a       697     0    35     1    17
  1.9239237875447751E-01 a       698     0    35     1    18
 -1.5735178167953903E-01 a       699     0    35     1    19
 -2.9466471235054087E-01 a       700     0    35     1    20
  1.5976941558247026E-01 a       701     0    36     1     1
  2.8640750369769430E-01 a       702     0    36     1     2
  3.2331380852764863E-01 a       703     0    36     1     3
 -2.7657937768193619E-01 a       704     0    36     1     4
  1.8960226742329783E-01 a       705     0    36     1     5
 -1.8035775127619397E-01 a       706     0    36     1     6
  1.7476973349777158E-01 a       707     0    36     1     7
 -1.5384184093876221E-01 a       708     0    36     1     8
  5.8956402170837710E-02 a       709     0    36     1     9
 -9.8719375504532331E-02 a       710     0    36     1    10
 -1.6033097716344172E-01 a       711     0    36     1    11
  1.4344688029785235E-01 a       712     0    36     1    12
  2.4808396066069893E-01 a       713     0    36     1    13
 -2.1083231589873328E-02 a       714     0    36     1    14
  1.2687941307527795E-01 a       715     0    36     1    15
  3.6244530399851049E-01 a       716     0    36     1    16
  6.4839166137991872E-02 a       717     0    36     1    17
  2.4178547734151869E-02 a       718     0    36     1    18
 -2.0163971309560258E-01 a       719     0    36     1    19
  1.7620614595580494E-01 a       720     0    36     1    20
 -3.2860361637637797E-01 a       721     0    37     1     1
  6.3654598236601398E-02 a       722     0    37     1     2
 -9.4368513155024827E-02 a       723     0    37     1     3
  3.4258828694054877E-01 a       724     0    37     1     4
  2.1261411039384487E-01 a       725     0    37     1     5
 -1.6769793965096416E-01 a       726     0    37     1     6
 -3.8115968876234925E-02 a       727     0    37     1     7
 -3.2057753602762812E-01 a       728     0    37     1     8
  1.2789719901143298E-01 a       729     0    37     1     9
 -1.7027295595261671E-01 a       730     0    37     1    10
 -3.5229656423791511E-01 a       731     0    37     1    11
  2.6590818010604811E-01 a       732     0    37     1    12
 -6.0014360401385664E-02 a       733     0    37     1    13
  3.0325117405485680E-01 a       734     0    37     1    14
  2.9678083383057063E-01 a       735     0    37     1    15
 -3.2413948346680987E-01 a       736     0    37     1    16
  2.4350636558659025E-01 a       737     0    37     1    17
 -2.1625334449016861E-01 a       738     0    37     1    18
 -2.5029730132741573E-01 a       739     0    37     1    19
  2.6800773067020300E-01 a       740     0    37     1    20
  1.6004674636144531E-01 a       741     0    38     1     1
  3.7507177283246312E-01 a       742     0    38     1     2
  1.2673121729273093E-01 a       743     0    38     1     3
 -4.1068692267147766E-01 a       744     0    38     1     4
  2.2448529231760064E-01 a       745     0    38     1     5
  2.1207435906920452E-01 a       746     0    38     1     6
 -4.5606321288381990E-02 a       747     0    38     1     7
  1.2459984398040472E-01 a       748     0    38     1     8
 -2.3201732707135148E-01 a       749     0    38     1     9
 -3.1110010893369663E-02 a       750     0    38     1    10
  2.9151771300439226E-02 a       751     0    38     1    11
 -2.7463338567249396E-01 a       752     0    38     1    12
  9.0064833985562167E-03 a       753     0    38     1    13
  2.2182849393296716E-01 a       754     0    38     1    14
 -3.1816184046980656E-01 a       755     0    38     1    15
 -1.1000252058189329E-01 a       756     0    38     1    16
 -5.6137756929320520E-02 a       757     0    38     1    17
  5.5942560183886922E-02 a       758     0    38     1    18
  2.3981303055573688E-01 a       759     0    38     1    19
 -3.0205169256028858E-01 a       760     0    38     1    20
 -1.9310514753739108E-01 a       761     0    39     1     1
  2.5210987207945951E-01 a       762     0    39     1     2
  9.3982922542712760E-02 a       763     0    39     1     3
  1.9882466257294582E-01 a       764     0    39     1     4
 -2.3901590538164105E-01 a       765     0    39     1     5
  2.0272652348380843E-01 a       766     0    39     1     6
 -3.4196319529410668E-01 a       767     0    39     1     7
 -3.6050218620703317E-02 a       768     0    39     1     8
 -1.9355774518798541E-01 a       769     0    39     1     9
 -2.3884326644878701E-01 a       770     0    39     1    10
 -1.7691217147251800E-01 a       771     0    39     1    11
  1.8354424056382812E-01 a       772     0    39     1    12
 -5.6877493874627975E-02 a       773     0    39     1    13
  1.9030734180755776E-01 a       774     0    39     1    14
  5.4362921281006081E-02 a       775     0    39     1    15
 -3.6644711309511457E-01 a       776     0    39     1    16
  2.6092139748649557E-01 a       777     0    39     1    17
 -3.1074696365993926E-01 a       778     0    39     1    18
 -2.1888263652252088E-01 a       779     0    39     1    19
  2.4749122967251308E-01 a       780     0    39     1    20
  9.5497302539965537E-02 a       781     0    40     1     1
  2.6780207735664561E-02 a       782     0    40     1     2
  2.4867610946338600E-01 a       783     0    40     1     3
 -3.8075195909981391E-01 a       784     0    40     1     4
  3.3054812877501472E-01 a       785     0    40     1     5
 -6.2080743312788053E-02 a       786     0    40     1     6
 -1.2729462321366758E-01 a       787     0    40     1     7
 -1.4589388925424015E-02 a       788     0    40     1     8
 -2.8415660764707878E-01 a       789     0    40     1     9
  1.9406644819237331E-01 a       790     0    40     1    10
  2.0728286409428304E-01 a       791     0    40     1    11
 -1.8205423541755256E-01 a       792     0    40     1    12
  2.2473339479375268E-01 a       793     0    40     1    13
 -1.3470240898373093E-01 a       794     0    40     1    14
 -1.2614778939348004E-01 a       795     0    40     1    15
 -2.2823857977821588E-01 a       796     0    40     1    16
 -4.6857903106160441E-02 a       797     0    40     1    17
 -2.7684074507154105E-01 a       798     0    40     1    18
  9.6337702585485074E-02 a       799     0    40     1    19
  8.1274937711068043E-02 a       800     0    40     1    20
  2.5333802544556844E-01 a       801     0    41     1     1
 -1.4651568731934481E-01 a       802     0    41     1     2
  1.2210487223858572E-01 a       803     0    41     1     3
  6.4791570796429429E-02 a       804     0    41     1     4
 -1.1722965268316728E-01 a       805     0    41     1     5
  6.8079144145445997E-02 a       806     0    41     1     6
  2.4518790395188070E-01 a       807     0    41     1     7
 -1.7269674082922212E-01 a       808     0    41     1     8
 -1.6394357155945694E-01 a       809     0    41     1     9
 -5.9227282854880423E-02 a       810     0    41     1    10
 -1.7842383304936882E-01 a       811     0    41     1    11
  2.4615618064391317E-01 a       812     0    41     1    12
 -1.4662572149929298E-01 a       813     0    41     1    13
 -1.1891352790349055E-01 a       814     0    41     1    14
 -4.3125895707869497E-02 a       815     0    41     1    15
 -2.4144597988663102E-01 a       816     0    41     1    16
 -1.1526632120355321E-01 a       817     0    41     1    17
  2.2835838614997006E-01 a       818     0    41     1    18
  1.8734399741346672E-01 a       819     0    41     1    19
 -2.8811165919937942E-01 a       820     0    41     1    20
 -4.7145600002858751E-02 a       821     0    42     1     1
 -3.1855233933267491E-01 a       822     0    42     1     2
  1.3151551484712620E-01 a       823     0    42     1     3
 -4.2248265783267243E-02 a       824     0    42     1     4
 -1.9082135192421429E-01 a       825     0    42     1     5
 -1.8503349274530392E-01 a       826     0    42     1     6
  3.3731675682699419E-01 a       827     0    42     1     7
  8.4448680935818088E-02 a       828     0    42     1     8
  2.5969177782573122E-01 a       829     0    42     1     9
 -3.3465857606713745E-01 a       830     0    42     1    10
 -6.8906967100755417E-02 a       831     0    42     1    11
  1.2669689816526430E-01 a       832     0    42     1    12
  4.8241640754044857E-01 a       833     0    42     1    13
 -7.4749643868874865E-02 a       834     0    42     1    14
 -1.1654441427727948E-02 a       835     0    42     1    15
 -3.3529252041606039E-01 a       836     0    42     1    16
 -2.6071239297291271E-01 a       837     0    42     1    17
 -4.5709753258972759E-02 a       838     0    42     1    18
 -1.5590962664635541E-01 a       839     0    42     1    19
  1.8493767479515524E-01 a       840     0    42     1    20
  6.7526521688311110E-03 a       841     0    43     1     1
 -7.8334354035526840E-02 a       842     0    43     1     2
  1.7249727132092568E-01 a       843     0    43     1     3
 -1.2075388330291748E-01 a       844     0    43     1     4
 -2.5008094915428336E-01 a       845     0    43     1     5
  5.4392091377837862E-02 a       846     0    43     1     6
  2.8896939942279637E-01 a       847     0    43     1     7
  7.8984193488676302E-02 a       848     0    43     1     8
 -8.5904145236982241E-02 a       849     0    43     1     9
  2.7393165807249115E-01 a       850     0    43     1    10
 -2.2311163751067977E-02 a       851     0    43     1    11
 -2.0379517581638331E-02 a       852     0    43     1    12
  1.3252074841525425E-02 a       853     0    43     1    13
  6.5505587820924124E-02 a       854     0    43     1    14
 -1.4917463158168501E-01 a       855     0    43     1    15
  2.0947647725589719E-01 a       856     0    43     1    16
  5.5837797831658258E-02 a       857     0    43     1    17
 -1.9329760985428596E-01 a       858     0    43     1    18
  1.5959808171312140E-01 a       859     0    43     1    19
  7.9447748262972268E-02 a       860     0    43     1    20
 -1.1166662319006208E-01 a       861     0    44     1     1
 -3.7845702581609283E-02 a       862     0    44     1     2
 -8.2276147513152695E-02 a       863     0    44     1     3
 -1.1277032300543463E-01 a       864     0    44     1     4
 -1.9753073182236586E-02 a       865     0    44     1     5
 -2.8552662363119868E-01 a       866     0    44     1     6
 -1.9933502766721881E-01 a       867     0    44     1     7
 -8.7748246518544681E-02 a       868     0    44     1     8
 -9.2515379735104881E-03 a       869     0    44     1     9
 -9.8023086605392454E-02 a       870     0    44     1    10
  5.4314820485767086E-02 a       871     0    44     1    11
  1.3594761722717114E-01 a       872     0    44     1    12
 -5.0753531787668275E-02 a       873     0    44     1    13
  1.4000683357385865E-01 a       874     0    44     1    14
  4.7011299109580948E-02 a       875     0    44     1    15
 -6.1433268030578372E-02 a       876     0    44     1    16
  8.6553236497367389E-02 a       877     0    44     1    17
 -1.2025488270412600E-01 a       878     0    44     1    18
  1.2693546804517117E-01 a       879     0    44     1    19
 -2.6374791342777041E-02 a       880     0    44     1    20
  1.2318906037582722E-01 a       881     0    45     1     1
 -1.2866586553611153E-01 a       882     0    45     1     2
  1.9184162337522548E-01 a       883     0    45     1     3
  7.0002463118531519E-02 a       884     0    45     1     4
 -3.8757259123644766E-01 a       885     0    45     1     5
 -1.5171490627935630E-01 a       886     0    45     1     6
 -9.2722759705309091E-02 a       887     0    45     1     7
  3.7770202391487276E-02 a       888     0    45     1     8
 -1.7462145982523461E-01 a       889     0    45     1     9
  2.2798139016019825E-01 a       890     0    45     1    10
  2.0151800659087510E-01 a       891     0    45     1    11
  3.7172318311750607E-02 a       892     0    45     1    12
 -2.0855650697642797E-01 a       893     0    45     1    13
 -8.7561818639369932E-02 a       894     0    45     1    14
  5.3666034337825387E-03 a       895     0    45     1    15
  7.2437863119650366E-03 a       896     0    45     1    16
 -2.1229154279362722E-01 a       897     0    45     1    17
  6.1545077604700328E-02 a       898     0    45     1    18
  1.1646572107407639E-01 a       899     0    45     1    19
 -2.0549080301159742E-01 a       900     0    45     1    20
 -1.3166088274044498E-02 a       901     0    46     1     1
  3.5860234713337447E-01 a       902     0    46     1     2
  1.2202594592151932E-01 a       903     0    46     1     3
  4.5216789937872801E-02 a       904     0    46     1     4
  1.5047023823994104E-02 a       905     0    46     1     5
  4.0311668645131575E-02 a       906     0    46     1     6
  1.5421807316246663E-01 a       907     0    46     1     7
  2.9511936796402634E-02 a       908     0    46     1     8
 -4.9483285617779489E-03 a       909     0    46     1     9
  7.4793192747960452E-02 a       910     0    46     1    10
  1.5159826598203457E-01 a       911     0    46     1    11
 -1.3664287537055392E-01 a       912     0    46     1    12
 -6.4000930368280973E-02 a       913     0    46     1    13
 -3.5821509173705635E-01 a       914     0    46     1    14
  4.3089598378033009E-03 a       915     0    46     1    15
 -1.4259784002277004E-01 a       916     0    46     1    16
  6.7719188356727009E-02 a       917     0    46     1    17
  8.6106669231007696E-02 a       918     0    46     1    18
  3.7069547754496980E-02 a       919     0    46     1    19
  4.9999942779873657E-02 a       920     0    46     1    20
  9.0465020976165475E-02 a       921     0    47     1     1
 -3.2794437340250321E-01 a       922     0    47     1     2
 -1.5628750557256221E-01 a       923     0    47     1     3
 -2.2642415968061325E-01 a       924     0    47     1     4
  2.7677190256895834E-01 a       925     0    47     1     5
 -3.0870868300741217E-01 a       926     0    47     1     6
 -1.9834644314306271E-01 a       927     0    47     1     7
  5.3802608615905856E-02 a       928     0    47     1     8
  2.0675662337951334E-02 a       929     0    47     1     9
 -2.3893976148197871E-01 a       930     0    47     1    10
  7.2339154223665367E-02 a       931     0    47     1    11
 -1.9396119822821983E-01 a       932     0    47     1    12
 -1.3575931252982429E-01 a       933     0    47     1    13
  2.0638879024492376E-01 a       934     0    47     1    14
 -4.8950026128058453E-02 a       935     0    47     1    15
 -1.1659267387525983E-01 a       936     0    47     1    16
 -1.3137184409005437E-01 a       937     0    47     1    17
 -3.0870147245652974E-01 a       938     0    47     1    18
  3.5122939323173352E-01 a       939     0    47     1    19
 -1.9880924830501967E-01 a       940     0    47     1    20
  7.8471524654927186E-03 a       941     0    48     1     1
  2.8400200915662632E-01 a       942     0    48     1     2
 -2.9307912223733590E-01 a       943     0    48     1     3
  1.6523817190848200E-01 a       944     0    48     1     4
 -7.8833435381015393E-02 a       945     0    48     1     5
  3.3089634717886585E-01 a       946     0    48     1     6
 -3.5462381048240477E-01 a       947     0    48     1     7
  8.7374814313654570E-02 a       948     0    48     1     8
  1.2946460329707912E-01 a       949     0    48     1     9
  3.9866489637027380E-02 a       950     0    48     1    10
 -9.0177504179033946E-02 a       951     0    48     1    11
  2.9013738066936101E-01 a       952     0    48     1    12
  3.5120500134365495E-01 a       953     0    48     1    13
 -1.6749944845695888E-01 a       954     0    48     1    14
 -4.2471195975933670E-02 a       955     0    48     1    15
  8.0034630742592858E-02 a       956     0    48     1    16
  3.7650505035919497E-02 a       957     0    48     1    17
  1.6267025609607663E-01 a       958     0    48     1    18
  2.9779843870863108E-03 a       959     0    48     1    19
 -2.1318436220085482E-01 a       960     0    48     1    20
  1.5877048128232613E-01 a       961     0    49     1     1
  1.3506219542509715E-01 a       962     0    49     1     2
 -1.1964533750829329E-01 a       963     0    49     1     3
 -1.7040396810241459E-01 a       964     0    49     1     4
  3.8163300379216852E-01 a       965     0    49     1     5
 -1.6366647418322871E-02 a       966     0    49     1     6
  3.4316640870840026E-01 a       967     0    49     1     7
 -2.2040208549659299E-01 a       968     0    49     1     8
 -1.9925156670796904E-01 a       969     0    49     1     9
  2.3426513189576566E-02 a       970     0    49     1    10
  2.4774500796784091E-01 a       971     0    49     1    11
  1.5269271417189204E-01 a       972     0    49     1    12
  2.1851110206729923E-01 a       973     0    49     1    13
 -6.0543921984080144E-02 a       974     0    49     1    14
  3.9513943227734404E-02 a       975     0    49     1    15
  1.1890569371651590E-01 a       976     0    49     1    16
  1.2790529445792700E-01 a       977     0    49     1    17
  2.2958643883481686E-01 a       978     0    49     1    18
 -1.2151790520085717E-01 a       979     0    49     1    19
 -1.7485791167816034E-03 a       980     0    49     1    20
 -2.5031290911521259E-01 a       981     0    50     1     1
 -1.4784187028230616E-01 a       982     0    50     1     2
 -9.8743504015104663E-02 a       983     0    50     1     3
  1.0036129894700235E-01 a       984     0    50     1     4
 -6.7257515675920004E-02 a       985     0    50     1     5
  1.9929690410740558E-01 a       986     0    50     1     6
 -2.3687827136885226E-01 a       987     0    50     1     7
  5.7319454509342400E-02 a       988     0    50     1     8
  2.2792928264760359E-01 a       989     0    50     1     9
 -1.3134153466403109E-01 a       990     0    50     1    10
 -2.1074841851821446E-01 a       991     0    50     1    11
  1.4192745120230865E-01 a       992     0    50     1    12
 -3.1099780921136555E-01 a       993     0    50     1    13
  2.6181667283175915E-02 a       994     0    50     1    14
  9.4317628615275290E-02 a       995     0    50     1    15
 -4.7309584580150311E-02 a       996     0    50     1    16
 -1.0811288689175691E-01 a       997     0    50     1    17
  2.5838611435247050E-01 a       998     0    50     1    18
  9.8459603329469111E-02 a       999     0    50     1    19
 -3.6284185547396666E-02 a      1000     0    50     1    20
  1.6035025097462499E+00 b      1001     1     1
  1.2931503218225231E+00 b      1002     1     2
  4.7531055405616396E-01 b      1003     1     3
  2.7555089956836804E-01 b      1004     1     4
  1.1669839359425966E+00 b      1005     1     5
 -9.2125014167708752E-01 b      1006     1     6
 -1.2259258676017877E+00 b      1007     1     7
  1.7697813633487866E-01 b      1008     1     8
  8.6618730408720168E-01 b      1009     1     9
  8.0530491807241200E-01 b      1010     1    10
  7.0243307101649588E-01 b      1011     1    11
  3.2788173900185924E-01 b      1012     1    12
 -6.1508010357342890E-01 b      1013     1    13
  1.4497407829636257E+00 b      1014     1    14
  1.5488319733853773E-01 b      1015     1    15
  1.1880036956962490E+00 b      1016     1    16
 -3.2056466497630581E-01 b      1017     1    17
 -3.5858527661856199E-01 b      1018     1    18
 -6.5198772378390735E-01 b      1019     1    19
  1.1435773489852847E+00 b      1020     1    20
  5.8955527854744194E-01 a      1021     1     1     2     1
  1.9838040095033975E-02 a      1022     1     1     2     2
  9.9743793635793207E-02 a      1023     1     1     2     3
  2.1138941761016322E-01 a      1024     1     1     2     4
 -5.8066718329458866E-01 a      1025     1     1     2     5
 -3.2077167812033069E-01 a      1026     1     1     2     6
 -1.6476477734033898E-01 a      1027     1     1     2     7
  5.8982590322988981E-01 a      1028     1     1     2     8
 -7.6428335165622696E-01 a      1029     1     1     2     9
 -5.3659428699095524E-01 a      1030     1     1     2    10
 -3.6890177626836235E-01 a      1031     1     1     2    11
 -5.3473180634775064E-01 a      1032     1     1     2    12
  6.4399583704448848E-01 a      1033     1     1     2    13
 -5.5653478995579919E-01 a      1034     1     1     2    14
  4.6953299055289777E-01 a      1035     1     1     2    15
 -5.3929515730894140E-01 a      1036     1     1     2    16
 -2.0708604935405270E-01 a      1037     1     1     2    17
  2.4210869623136136E-01 a      1038     1     1     2    18
  1.4549789913811265E-01 a      1039     1     1     2    19
  5.1408120327880480E-01 a      1040     1     1     2    20
 -1.1758772125613083E-01 a      1041     1     2     2     1
 -6.3817583783688603E-01 a      1042     1     2     2     2
  2.6853069106293947E-01 a      1043     1     2     2     3
 -3.4498343719662206E-01 a      1044     1     2     2     4
 -3.8941549085964623E-02 a      1045     1     2     2     5
  5.5146936918664763E-02 a      1046     1     2     2     6
 -3.9445262879995147E-01 a      1047     1     2     2     7
  3.7994848188440572E-01 a      1048     1     2     2     8
  3.6128313611899671E-01 a      1049     1     2     2     9
  4.6295635592025330E-01 a      1050     1     2     2    10
  4.4843701211639109E-01 a      1051     1     2     2    11
  4.8205454017055882E-01 a      1052     1     2     2    12
  2.4931523963824367E-01 a      1053     1     2     2    13
  5.5265618336775768E-01 a      1054     1     2     2    14
 -8.3046470951125426E-02 a      1055     1     2     2    15
  4.3098323227659546E-01 a      1056     1     2     2    16
  3.0409354038372610E-01 a      1057     1     2     2    17
 -2.8975694281677594E-01 a      1058     1     2     2    18
  6.5527987689782818E-01 a      1059     1     2     2    19
 -1.4907247649477057E-01 a      1060     1     2     2    20
  6.3972146690570753E-01 a      1061     1     3     2     1
 -4.1069144897004606E-01 a      1062     1     3     2     2
  5.8522589706649542E-01 a      1063     1     3     2     3
 -1.5208516803074115E-01 a      1064     1     3     2     4
 -3.5760077305571997E-01 a      1065     1     3     2     5
  4.4791476994902063E-01 a      1066     1     3     2     6
 -4.9049982345301868E-01 a      1067     1     3     2     7
  4.1723710921849155E-01 a      1068     1     3     2     8
 -6.0770006727328112E-03 a      1069     1     3     2     9
 -4.9154995881496188E-02 a      1070     1     3     2    10
  4.8581305454823348E-01 a      1071     1     3     2    11
  3.6498199317811408E-01 a      1072     1     3     2    12
 -9.0759224411009823E-02 a      1073     1     3     2    13
  3.9064927802755439E-01 a      1074     1     3     2    14
 -3.9820868804939058E-01 a      1075     1     3     2    15
  4.5367437634782715E-01 a      1076     1     3     2    16
  2.9419746091150767E-01 a      1077     1     3     2    17
  1.9679014953470314E-01 a      1078     1     3     2    18
  6.2074509543760245E-02 a      1079     1     3     2    19
  6.3439668359430226E-02 a      1080     1     3     2    20
  6.1901980627750430E-02 a      1081     1     4     2     1
 -3.3277958584191175E-01 a      1082     1     4     2     2
  1.7218768523387684E-01 a      1083     1     4     2     3
 -4.5732696062710959E-01 a      1084     1     4     2     4
  6.6099757991699676E-02 a      1085     1     4     2     5
 -3.1742248119599642E-01 a      1086     1     4     2     6
  4.3458008304619100E-01 a      1087     1     4     2     7
 -1.2547965731854202E-01 a      1088     1     4     2     8
 -1.7096580027285893E-01 a      1089     1     4     2     9
  3.1660692303005539E-01 a      1090     1     4     2    10
 -3.3680197136618711E-01 a      1091     1     4     2    11
 -4.6376715942876134E-01 a      1092     1     4     2    12
 -2.0154120855357671E-01 a      1093     1     4     2    13
 -2.7680863919861365E-01 a      1094     1     4     2    14
  1.2606206829878733E-01 a      1095     1     4     2    15
  1.7203967096225709E-01 a      1096     1     4     2    16
 -4.5432653178099441E-01 a      1097     1     4     2    17
 -5.5956086810725364E-02 a      1098     1     4     2    18
  1.8141844161064385E-01 a      1099     1     4     2    19
  4.5226130475202858E-01 a      1100     1     4     2    20
  2.7659817177809808E-02 a      1101     1     5     2     1
 -5.2118738836494094E-01 a      1102     1     5     2     2
  2.2650150319304466E-01 a      1103     1     5     2     3
 -6.5700002631871857E-01 a      1104     1     5     2     4
  3.0985129469087547E-01 a      1105     1     5     2     5
 -3.3438884975622046E-01 a      1106     1     5     2     6
 -2.0700461552435814E-01 a      1107     1     5     2     7
  1.9954256995828526E-01 a      1108     1     5     2     8
  1.4185361068058133E-01 a      1109     1     5     2     9
  3.4413930497956952E-01 a      1110     1     5     2    10
  4.1467766602754608E-01 a      1111     1     5     2    11
  5.2950170424139176E-01 a      1112     1     5     2    12
  4.5398721130356778E-01 a      1113     1     5     2    13
  3.7738627527612623E-01 a      1114     1     5     2    14
 -4.3463777632327777E-01 a      1115     1     5     2    15
 -1.7689529769199346E-02 a      1116     1     5     2    16
  4.4472706486895131E-01 a      1117     1     5     2    17
 -3.5416415193227702E-01 a      1118     1     5     2    18
 -2.7074957883978880E-02 a      1119     1     5     2    19
  5.0299670225465620E-01 a      1120     1     5     2    20
  3.9970822416614243E-01 a      1121     1     6     2     1
  4.8788027443236509E-01 a      1122     1     6     2     2
  3.9007973223332293E-01 a      1123     1     6     2     3
  3.6897208724073628E-02 a      1124     1     6     2     4
 -2.2848851951276286E-01 a      1125     1     6     2     5
  5.9104944664317864E-02 a      1126     1     6     2     6
 -3.5725403286291141E-01 a      1127     1     6     2     7
 -2.4683640509842072E-01 a      1128     1     6     2     8
 -1.8305015458065399E-01 a      1129     1     6     2     9
  5.9137464636017567E-01 a      1130     1     6     2    10
  2.5765437368089278E-01 a      1131     1     6     2    11
 -8.4410593470363698E-02 a      1132     1     6     2    12
  5.7231943537485813E-02 a      1133     1     6     2    13
 -3.7339239621361059E-01 a      1134     1     6     2    14
  4.5151713376087749E-01 a      1135     1     6     2    15
 -5.2834763011089948E-02 a      1136     1     6     2    16
 -3.3647968808072964E-01 a      1137     1     6     2    17
  6.4596887353794308E-01 a      1138     1     6     2    18
  5.7740303135199411E-01 a      1139     1     6     2    19
 -3.9085324998271637E-01 a      1140     1     6     2    20
  3.6562886592754022E-02 a      1141     1     7     2     1
 -4.0341756889956631E-01 a      1142     1     7     2     2
 -5.3409685584055100E-01 a      1143     1     7     2     3
  1.1438938029855744E-01 a      1144     1     7     2     4
  3.5676161006896839E-01 a      1145     1     7     2     5
  4.9569105267108043E-01 a      1146     1     7     2     6
 -2.9050651581367654E-01 a      1147     1     7     2     7
  5.0303966435199210E-01 a      1148     1     7     2     8
  5.6507164282068180E-02 a      1149     1     7     2     9
  1.2875641542348024E-01 a      1150     1     7     2    10
  5.4238886649027040E-01 a      1151     1     7     2    11
 -2.7785687687470439E-01 a      1152     1     7     2    12
 -5.7978316920306683E-01 a      1153     1     7     2    13
 -4.9843990668114341E-01 a      1154     1     7     2    14
  4.8217227977410526E-01 a      1155     1     7     2    15
 -3.3927414253493139E-02 a      1156     1     7     2    16
  2.5550111293347055E-01 a      1157     1     7     2    17
  5.9218479189473205E-01 a      1158     1     7     2    18
 -1.2797543755866117E-01 a      1159     1     7     2    19
 -4.3716607292259951E-01 a      1160     1     7     2    20
 -6.1325257672459402E-02 a      1161     1     8     2     1
  2.2711423161903244E-01 a      1162     1     8     2     2
 -5.1847081070801626E-01 a      1163     1     8     2     3
 -3.0992486846429468E-01 a      1164     1     8     2     4
 -1.5918102864751174E-01 a      1165     1     8     2     5
 -5.6679260188101876E-01 a      1166     1     8     2     6
  4.9416147531047150E-01 a      1167     1     8     2     7
  1.2032282767972373E-01 a      1168     1     8     2     8
  1.1867214824729713E-01 a      1169     1     8     2     9
  5.4637004319199922E-01 a      1170     1     8     2    10
 -1.3777111736709452E-01 a      1171     1     8     2    11
 -2.5853596704909731E-01 a      1172     1     8     2    12
  1.1634834399545939E-01 a      1173     1     8     2    13
  9.1952059098341296E-02 a      1174     1     8     2    14
  3.8768090692542850E-01 a      1175     1     8     2    15
  2.0383569428328771E-01 a      1176     1     8     2    16
  4.7475428375872408E-01 a      1177     1     8     2    17
 -5.0667225661875437E-01 a      1178     1     8     2    18
  3.3875824034566449E-01 a      1179     1     8     2    19
  2.9656986204676239E-01 a      1180     1     8     2    20
 -3.0572317235618524E-01 a      1181     1     9     2     1
  1.3928195135336116E-01 a      1182     1     9     2     2
  3.7661311143284920E-01 a      1183     1     9     2     3
  1.8665562341576591E-01 a      1184     1     9     2     4
  3.9463744458737238E-02 a      1185     1     9     2     5
  5.6153011914622919E-01 a      1186     1     9     2     6
 -1.3930158276876503E-01 a      1187     1     9     2     7
 -5.5844260917785615E-01 a      1188     1     9     2     8
 -5.9522911105827921E-02 a      1189     1     9     2     9
 -2.1984407713579007E-01 a      1190     1     9     2    10
  6.5521430323195046E-02 a      1191     1     9     2    11
 -5.4256089512571948E-01 a      1192     1     9     2    12
  1.8304842225369106E-01 a      1193     1     9     2    13
  4.7998929161924209E-01 a      1194     1     9     2    14
 -6.4318726978894417E-02 a      1195     1     9     2    15
  2.2183079460925217E-01 a      1196     1     9     2    16
 -3.7224295947363611E-01 a      1197     1     9     2    17
  4.5172630120016727E-01 a      1198     1     9     2    18
 -1.0176725497035194E-01 a      1199     1     9     2    19
 -2.7093005790352714E-01 a      1200     1     9     2    20
  3.2522805536203553E-01 a      1201     1    10     2     1
 -4.2177694828244894E-01 a      1202     1    10     2     2
 -3.9709674818197643E-01 a      1203     1    10     2     3
  2.4318814008311859E-01 a      1204     1    10     2     4
  1.5212184790803451E-01 a      1205     1    10     2     5
  1.1008535444594354E-01 a      1206     1    10     2     6
 -3.9289567078538179E-01 a      1207     1    10     2     7
  6.0540157201510802E-01 a      1208     1    10     2     8
 -4.2956019245683352E-01 a      1209     1    10     2     9
  4.7759100152211148E-01 a      1210     1    10     2    10
  6.6621428496165247E-01 a      1211     1    10     2    11
 -3.8931115854687798E-01 a      1212     1    10     2    12
 -1.4750437264259156E-01 a      1213     1    10     2    13
 -5.0683336313295600E-02 a      1214     1    10     2    14
 -3.2608276328285346E-01 a      1215     1    10     2    15
  4.5826240961302050E-01 a      1216     1    10     2    16
 -2.0800846892281977E-01 a      1217     1    10     2    17
 -1.5343250764479963E-01 a      1218     1    10     2    18
 -2.0117611128025448E-01 a      1219     1    10     2    19
  4.0647590698342251E-01 a      1220     1    10     2    20
 -5.1807237698232356E-01 a      1221     1    11     2     1
 -5.1742025072317821E-01 a      1222     1    11     2     2
 -3.6462372155072292E-01 a      1223     1    11     2     3
  4.2041292965041061E-01 a      1224     1    11     2     4
  3.6169950701293363E-01 a      1225     1    11     2     5
 -3.6190751048952130E-01 a      1226     1    11     2     6
 -7.1774842769313368E-02 a      1227     1    11     2     7
  3.5426160732537022E-02 a      1228     1    11     2     8
 -2.6540235012480429E-02 a      1229     1    11     2     9
 -4.0030936004288559E-01 a      1230     1    11     2    10
 -5.0599557186109569E-02 a      1231     1    11     2    11
 -1.2407645616640739E-01 a      1232     1    11     2    12
  4.4670733464712853E-01 a      1233     1    11     2    13
  4.6972467439938173E-02 a      1234     1    11     2    14
 -2.7655204570669462E-01 a      1235     1    11     2    15
 -1.1988602836551446E-01 a      1236     1    11     2    16
 -3.6229541658677450E-01 a      1237     1    11     2    17
 -3.2633760132878725E-01 a      1238     1    11     2    18
  5.1165704074476748E-01 a      1239     1    11     2    19
 -1.6351256490231122E-01 a      1240     1    11     2    20
  3.5838413846458211E-01 a      1241     1    12     2     1
 -9.0777934695531651E-02 a      1242     1    12     2     2
  2.2834059145031599E-01 a      1243     1    12     2     3
 -4.8027973231393628E-01 a      1244     1    12     2     4
 -2.4878371071299887E-01 a      1245     1    12     2     5
 -2.4510850003900272E-01 a      1246     1    12     2     6
  3.5064595039504237E-01 a      1247     1    12     2     7
 -2.3144934178861390E-02 a      1248     1    12     2     8
 -1.2188690443017149E-01 a      1249     1    12     2     9
 -5.8189380420940873E-01 a      1250     1    12     2    10
 -2.5417559281264535E-01 a      1251     1    12     2    11
  5.7857183708478220E-02 a      1252     1    12     2    12
 -5.8177481337726905E-02 a      1253     1    12     2    13
 -3.6044600512560081E-02 a      1254     1    12     2    14
  2.5598427990525513E-01 a      1255     1    12     2    15
 -5.8909094029794484E-01 a      1256     1    12     2    16
  1.7073724071741689E-01 a      1257     1    12     2    17
  4.2845390793186261E-01 a      1258     1    12     2    18
 -4.0276537357071074E-01 a      1259     1    12     2    19
 -3.1910593542180354E-01 a      1260     1    12     2    20
  1.6704991567879904E-01 a      1261     1    13     2     1
 -1.7252204197850823E-01 a      1262     1    13     2     2
 -4.7081487907439790E-01 a      1263     1    13     2     3
  3.9460082487947967E-02 a      1264     1    13     2     4
  3.9403115497088759E-01 a      1265     1    13     2     5
  4.6627567405899156E-01 a      1266     1    13     2     6
 -5.8147774203974700E-01 a      1267     1    13     2     7
 -1.6347262656286418E-01 a      1268     1    13     2     8
 -4.1125162905378887E-01 a      1269     1    13     2     9
  3.3529339851272499E-01 a      1270     1    13     2    10
  5.3372950329587376E-01 a      1271     1    13     2    11
 -8.8173712066257681E-02 a      1272     1    13     2    12
 -6.5598284947809804E-01 a      1273     1    13     2    13
 -5.6984189896710691E-01 a      1274     1    13     2    14
  5.9306156997764214E-01 a      1275     1    13     2    15
  4.6129248922091382E-01 a      1276     1    13     2    16
 -3.5783806925828970E-01 a      1277     1    13     2    17
  2.1511589137317719E-01 a      1278     1    13     2    18
  1.4220394177400278E-01 a      1279     1    13     2    19
 -4.7932829142156341E-01 a      1280     1    13     2    20
  4.2197240254838581E-01 a      1281     1    14     2     1
  2.0415387386620901E-01 a      1282     1    14     2     2
  4.8694849366953147E-01 a      1283     1    14     2     3
 -1.4915446598101623E-01 a      1284     1    14     2     4
  4.6882362408250061E-01 a      1285     1    14     2     5
 -4.7690274568563151E-01 a      1286     1    14     2     6
 -2.5608949516328189E-01 a      1287     1    14     2     7
 -2.7700967228003226E-01 a      1288     1    14     2     8
  4.0195763697508935E-01 a      1289     1    14     2     9
  5.0325507673918335E-01 a      1290     1    14     2    10
  2.9096920610275095E-01 a      1291     1    14     2    11
 -5.8927705710441383E-02 a      1292     1    14     2    12
  5.7734187826466488E-01 a      1293     1    14     2    13
  1.0665088252924142E-01 a      1294     1    14     2    14
  2.7358035574258799E-01 a      1295     1    14     2    15
 -1.2916874036161713E-01 a      1296     1    14     2    16
 -2.9631792079591146E-01 a      1297     1    14     2    17
 -6.3666842393160017E-01 a      1298     1    14     2    18
 -3.5666348218221294E-01 a      1299     1    14     2    19
  2.8331245408909239E-01 a      1300     1    14     2    20
  4.0790576582961369E-01 a      1301     1    15     2     1
  1.8913540207111590E-01 a      1302     1    15     2     2
  4.7805182216570019E-01 a      1303     1    15     2     3
 -3.3720087147647659E-01 a      1304     1    15     2     4
 -3.8218029145925114E-01 a      1305     1    15     2     5
 -3.2564529980142587E-01 a      1306     1    15     2     6
  1.0218698057206048E-01 a      1307     1    15     2     7
  5.9125784300154205E-01 a      1308     1    15     2     8
 -6.5078503093030635E-02 a      1309     1    15     2     9
 -8.8842378999708302E-02 a      1310     1    15     2    10
  1.0628158584449959E-01 a      1311     1    15     2    11
  2.6932147006101181E-01 a      1312     1    15     2    12
  3.7905220256390815E-01 a      1313     1    15     2    13
 -3.5393228418935985E-01 a      1314     1    15     2    14
 -4.6172540789717831E-02 a      1315     1    15     2    15
  1.7274460827788313E-01 a      1316     1    15     2    16
  4.9647598720537872E-01 a      1317     1    15     2    17
 -2.2893395791616939E-02 a      1318     1    15     2    18
  4.4917531631984348E-01 a      1319     1    15     2    19
  3.9648075113693998E-01 a      1320     1    15     2    20
  2.1826755106437234E-01 a      1321     1    16     2     1
 -3.6936157488493088E-01 a      1322     1    16     2     2
 -8.6469248400046789E-03 a      1323     1    16     2     3
 -3.7369868572327619E-01 a      1324     1    16     2     4
 -1.3498384115039352E-01 a      1325     1    16     2     5
 -4.3738900023948152E-01 a      1326     1    16     2     6
  1.9802543046221016E-01 a      1327     1    16     2     7
 -1.5921744871021995E-01 a      1328     1    16     2     8
  5.4820878056849165E-01 a      1329     1    16     2     9
  4.6054955342419157E-01 a      1330     1    16     2    10
 -4.1800507486935262E-01 a      1331     1    16     2    11
  4.1540933247779133E-01 a      1332     1    16     2    12
  6.3544134949786402E-01 a      1333     1    16     2    13
 -8.2698913000152821E-02 a      1334     1    16     2    14
 -6.3939760298239023E-01 a      1335     1    16     2    15
 -6.0669936904384580E-01 a      1336     1    16     2    16
  1.5211903411346714E-01 a      1337     1    16     2    17
 -1.7542376347564892E-01 a      1338     1    16     2    18
 -1.5151710455309386E-01 a      1339     1    16     2    19
  2.4927535638354945E-01 a      1340     1    16     2    20
  4.0996659030791271E-01 a      1341     1    17     2     1
 -4.2723267442050866E-01 a      1342     1    17     2     2
 -2.1128025551942642E-01 a      1343     1    17     2     3
  8.3751581875647674E-01 a      1344     1    17     2     4
 -4.0562305189637146E-02 a      1345     1    17     2     5
  1.0947359060718516E-01 a      1346     1    17     2     6
 -3.1814425746413366E-01 a      1347     1    17     2     7
 -3.9526630188805523E-01 a      1348     1    17     2     8
  3.3600492298191892E-01 a      1349     1    17     2     9
  2.1165860567632117E-01 a      1350     1    17     2    10
  3.4881965015832900E-01 a      1351     1    17     2    11
  2.2331379712732177E-01 a      1352     1    17     2    12
 -3.3772511652267703E-02 a      1353     1    17     2    13
 -5.2372688703508907E-01 a      1354     1    17     2    14
 -3.6180863133184404E-01 a      1355     1    17     2    15
  5.4373077620819721E-01 a      1356     1    17     2    16
  4.8502583711907465E-01 a      1357     1    17     2    17
 -4.6932313856606116E-02 a      1358     1    17     2    18
 -4.8733272199888050E-01 a      1359     1    17     2    19
 -3.0794820399940837E-01 a      1360     1    17     2    20
  6.8388843402271858E-03 a      1361     1    18     2     1
  4.0150090013509099E-01 a      1362     1    18     2     2
 -4.9376590834448525E-01 a      1363     1    18     2     3
 -1.1875878897795147E-01 a      1364     1    18     2     4
  6.3452016247244902E-01 a      1365     1    18     2     5
 -4.3913098221870850E-01 a      1366     1    18     2     6
 -2.7399487745859108E-01 a      1367     1    18     2     7
 -3.1107804029598418E-01 a      1368     1    18     2     8
  7.5145405952202904E-01 a      1369     1    18     2     9
  6.5395442211346189E-02 a      1370     1    18     2    10
  6.1962453284097807E-01 a      1371     1    18     2    11
  5.3491752143317917E-01 a      1372     1    18     2    12
 -4.8813506531068862E-01 a      1373     1    18     2    13
 -4.7190770823083550E-01 a      1374     1    18     2    14
  4.6140099271905693E-01 a      1375     1    18     2    15
  5.4758438484348726E-01 a      1376     1    18     2    16
  5.2643084514384197E-01 a      1377     1    18     2    17
 -6.3210478361213837E-02 a      1378     1    18     2    18
  7.1985004617887494E-01 a      1379     1    18     2    19
  4.7558530784912922E-01 a      1380     1    18     2    20
  2.4484120705211782E-01 a      1381     1    19     2     1
 -4.1259763368010055E-01 a      1382     1    19     2     2
  7.8176582818989260E-03 a      1383     1    19     2     3
 -1.9747239593170640E-01 a      1384     1    19     2     4
  1.5835532431200133E-01 a      1385     1    19     2     5
 -4.3583070993017015E-01 a      1386     1    19     2     6
 -1.3057752516861831E-01 a      1387     1    19     2     7
 -3.0521063758808736E-01 a      1388     1    19     2     8
  5.0110167136954809E-01 a      1389     1    19     2     9
 -3.4035629135016388E-01 a      1390     1    19     2    10
  2.2664197081274376E-01 a      1391     1    19     2    11
 -1.7835157673289179E-01 a      1392     1    19     2    12
  4.1483353405510709E-01 a      1393     1    19     2    13
 -9.3761182052409436E-02 a      1394     1    19     2    14
 -2.0856185798864646E-01 a      1395     1    19     2    15
  4.2107287063842730E-02 a      1396     1    19     2    16
 -1.3625991496301604E-01 a      1397     1    19     2    17
  1.8486949300850535E-02 a      1398     1    19     2    18
 -2.8171955862969500E-01 a      1399     1    19     2    19
 -2.8364745880371323E-01 a      1400     1    19     2    20
 -4.1913417519670537E-01 a      1401     1    20     2     1
  1.5969230135900087E-01 a      1402     1    20     2     2
 -7.2728600537145499E-02 a      1403     1    20     2     3
  7.5256746090918328E-02 a      1404     1    20     2     4
  6.8967647019497103E-01 a      1405     1    20     2     5
  4.9342168427390293E-01 a      1406     1    20     2     6
  1.6436951483773346E-01 a      1407     1    20     2     7
  1.9095610741487259E-01 a      1408     1    20     2     8
 -2.2531845259928415E-01 a      1409     1    20     2     9
  3.7231744443119602E-01 a      1410     1    20     2    10
  3.2001396002398447E-01 a      1411     1    20     2    11
 -4.1548783305284709E-01 a      1412     1    20     2    12
 -3.6315433996079416E-01 a      1413     1    20     2    13
  1.3897322037136209E-01 a      1414     1    20     2    14
 -1.6533505282831315E-01 a      1415     1    20     2    15
 -5.6275467244658750E-01 a      1416     1    20     2    16
 -1.9183490811526063E-01 a      1417     1    20     2    17
 -3.0300228490057929E-01 a      1418     1    20     2    18
 -2.8734346338986533E-01 a      1419     1    20     2    19
  5.4464888713411608E-01 a      1420     1    20     2    20
  1.1356427176502577E+00 b      1421     2     1
 -1.6591871890951981E+00 b      1422     2     2
  1.3035855488382240E+00 b      1423     2     3
 -4.8559254357294918E-01 b      1424     2     4
  1.4523344789940873E+00 b      1425     2     5
  1.0546555494709171E+00 b      1426     2     6
 -2.3065892226731541E-01 b      1427     2     7
  8.3087138712759545E-01 b      1428     2     8
 -1.3509099411862902E+00 b      1429     2     9
  2.1745311675805079E-01 b      1430     2    10
  4.2241402758963909E-01 b      1431     2    11
  1.3566075657328738E-01 b      1432     2    12
 -1.1929710661075645E+00 b      1433     2    13
 -8.8766009552752378E-01 b      1434     2    14
 -6.0205412642991751E-01 b      1435     2    15
 -7.4767387040459365E-01 b      1436     2    16
  1.1542726704908551E-01 b      1437     2    17
  1.0561416274535380E-01 b      1438     2    18
 -2.8591473402589573E-01 b      1439     2    19
 -1.3383131619672164E-01 b      1440     2    20
  1.4819609267421138E-01 a      1441     2     1     3     1
  8.3190469128077293E-01 a      1442     2     2     3     1
 -5.2794987339634414E-01 a      1443     2     3     3     1
  7.2922337515568358E-01 a      1444     2     4     3     1
 -8.5075989179867040E-01 a      1445     2     5     3     1
  1.7242045382745827E-01 a      1446     2     6     3     1
  8.7101062006352170E-01 a      1447     2     7     3     1
 -8.4054232052845301E-01 a      1448     2     8     3     1
  1.2247492287576858E+00 a      1449     2     9     3     1
  1.4930482440477656E-02 a      1450     2    10     3     1
  6.9952919386899326E-01 a      1451     2    11     3     1
  4.2753448145063810E-01 a      1452     2    12     3     1
 -4.5133508744320927E-01 a      1453     2    13     3     1
 -1.4443218618839498E-02 a      1454     2    14     3     1
 -3.8872728521260852E-03 a      1455     2    15     3     1
  6.7371124040190622E-01 a      1456     2    16     3     1
 -5.6074434127049844E-01 a      1457     2    17     3     1
 -6.5531508365459701E-01 a      1458     2    18     3     1
 -6.3406921949738043E-02 a      1459     2    19     3     1
  4.1082899822849422E-01 a      1460     2    20     3     1
 -5.5355869098850252E-01 b      1461     3     1
