################################################################################
# Neural network connection values (weights and biases).
################################################################################
# Col  Name       Description
################################################################################
# 1    connection Neural network connection value.
# 2    t          Connection type (a = weight, b = bias).
# 3    index      Index enumerating weights.
# 4    l_s        Starting point layer (end point layer for biases).
# 5    n_s        Starting point neuron in starting layer (end point neuron for biases).
# 6    l_e        End point layer.
# 7    n_e        End point neuron in end layer.
################################################################################
#                      1 2         3     4     5     6     7
#             connection t     index   l_s   n_s   l_e   n_e
############################################################
  2.9858240949475173E-01 a         1     0     1     1     1
  9.7307316863721655E-02 a         2     0     1     1     2
  2.4506264346825637E-02 a         3     0     1     1     3
  2.2907052476972151E-01 a         4     0     1     1     4
 -2.6933568794924190E-01 a         5     0     1     1     5
  3.2314169517515318E-01 a         6     0     1     1     6
  2.0100479524704551E-01 a         7     0     1     1     7
 -2.4900670433071450E-02 a         8     0     1     1     8
  8.8261185728515226E-02 a         9     0     1     1     9
  2.0410687763041380E-01 a        10     0     1     1    10
  3.1207910605152323E-01 a        11     0     1     1    11
 -1.9124907011563741E-01 a        12     0     1     1    12
  3.8445029537595338E-01 a        13     0     1     1    13
  6.6547130647693162E-03 a        14     0     1     1    14
  2.2321473991505705E-02 a        15     0     1     1    15
  6.8452370425904352E-02 a        16     0     1     1    16
 -5.3937939251713307E-02 a        17     0     1     1    17
  2.6311698694504104E-01 a        18     0     1     1    18
 -1.1127866800059633E-01 a        19     0     1     1    19
  1.8303333224882903E-01 a        20     0     1     1    20
 -2.9181470824112880E-02 a        21     0     2     1     1
 -3.3577108493710317E-02 a        22     0     2     1     2
 -1.5603974341729485E-01 a        23     0     2     1     3
 -2.3215451048842556E-01 a        24     0     2     1     4
  1.5919388263879211E-01 a        25     0     2     1     5
  1.4518098428871296E-01 a        26     0     2     1     6
  9.0908088728923461E-02 a        27     0     2     1     7
  3.1565511006568331E-01 a        28     0     2     1     8
 -9.8344963570285465E-02 a        29     0     2     1     9
  1.5103580781963477E-01 a        30     0     2     1    10
 -2.1920025526742565E-01 a        31     0     2     1    11
 -3.7191138957725450E-01 a        32     0     2     1    12
  8.9548446623703010E-02 a        33     0     2     1    13
  1.7630944199604678E-01 a        34     0     2     1    14
 -8.3101513116992140E-02 a        35     0     2     1    15
 -1.4305737726591311E-01 a        36     0     2     1    16
 -3.6042137393725679E-02 a        37     0     2     1    17
 -1.2462875097358969E-01 a        38     0     2     1    18
 -1.3217228730949449E-01 a        39     0     2     1    19
  6.8121227264823808E-02 a        40     0     2     1    20
  1.3690255754408934E-01 a        41     0     3     1     1
  7.1296734982521995E-02 a        42     0     3     1     2
  1.1143475088978672E-01 a        43     0     3     1     3
 -2.7420728621608326E-02 a        44     0     3     1     4
  3.3064239719050127E-02 a        45     0     3     1     5
  1.6469294323661260E-02 a        46     0     3     1     6
 -2.7318802576033703E-02 a        47     0     3     1     7
 -1.1752039963893400E-01 a        48     0     3     1     8
  2.0279030152598995E-01 a        49     0     3     1     9
 -1.0843882180684219E-01 a        50     0     3     1    10
  6.4379685844778572E-02 a        51     0     3     1    11
 -3.2583652544707853E-01 a        52     0     3     1    12
 -2.0929522901221018E-01 a        53     0     3     1    13
 -3.8998882277932960E-02 a        54     0     3     1    14
 -1.0414216616102914E-01 a        55     0     3     1    15
 -1.9483477048484027E-01 a        56     0     3     1    16
  9.4734140770717207E-02 a        57     0     3     1    17
  3.3078964214727551E-02 a        58     0     3     1    18
 -7.7970691737234560E-02 a        59     0     3     1    19
  1.5893568399165503E-01 a        60     0     3     1    20
 -5.3194933757777474E-01 a        61     0     4     1     1
  1.7928897274256003E-01 a        62     0     4     1     2
  4.0866724594359792E-03 a        63     0     4     1     3
 -1.8371660790556574E-01 a        64     0     4     1     4
  7.0908913814046615E-01 a        65     0     4     1     5
 -5.6493261499874359E-01 a        66     0     4     1     6
 -7.8818499358114058E-01 a        67     0     4     1     7
  7.6531022735081056E-02 a        68     0     4     1     8
 -2.8856496145867350E-01 a        69     0     4     1     9
  1.3112640219639107E-01 a        70     0     4     1    10
 -4.6191192963432315E-01 a        71     0     4     1    11
  1.4511835814710153E-01 a        72     0     4     1    12
  1.4273972565791501E-01 a        73     0     4     1    13
  4.0922348096660716E-01 a        74     0     4     1    14
 -4.1035799085480307E-01 a        75     0     4     1    15
 -1.9236153205981787E-01 a        76     0     4     1    16
 -3.3359424158364889E-02 a        77     0     4     1    17
 -2.6137762167929757E-01 a        78     0     4     1    18
  1.2932616899509175E-01 a        79     0     4     1    19
 -2.4270406615550469E-01 a        80     0     4     1    20
  4.6474925367378062E-01 a        81     0     5     1     1
 -6.2496211543081957E-02 a        82     0     5     1     2
  1.0023407006553044E-01 a        83     0     5     1     3
  5.9074044917808022E-01 a        84     0     5     1     4
 -2.2311901627785541E-01 a        85     0     5     1     5
 -3.0296218714055571E-02 a        86     0     5     1     6
  4.6108771398865225E-02 a        87     0     5     1     7
 -4.5344002776064884E-01 a        88     0     5     1     8
  1.8235309586349838E-01 a        89     0     5     1     9
 -1.2595334138624015E-02 a        90     0     5     1    10
  1.7406033212439401E-02 a        91     0     5     1    11
  2.8387296617790797E-01 a        92     0     5     1    12
 -6.2444814574602117E-02 a        93     0     5     1    13
  6.3257373438139503E-02 a        94     0     5     1    14
  7.7706335083777070E-02 a        95     0     5     1    15
 -4.5306220995771807E-02 a        96     0     5     1    16
 -1.4004341259003678E-01 a        97     0     5     1    17
  7.2772346163896724E-03 a        98     0     5     1    18
  2.4682149601084366E-01 a        99     0     5     1    19
  1.2399307680644969E-01 a       100     0     5     1    20
 -2.8295242147327099E-01 a       101     0     6     1     1
  2.6930088263055085E-01 a       102     0     6     1     2
 -1.9733056817133374E-01 a       103     0     6     1     3
  6.6666523842426356E-02 a       104     0     6     1     4
 -1.0872835265165051E-01 a       105     0     6     1     5
  3.2394917581104560E-01 a       106     0     6     1     6
  1.2415590682791043E-01 a       107     0     6     1     7
  1.0463806780370929E-01 a       108     0     6     1     8
 -3.7071865811711770E-02 a       109     0     6     1     9
  1.1347569125594015E-01 a       110     0     6     1    10
  2.3476688444428750E-01 a       111     0     6     1    11
  3.0369225075196044E-01 a       112     0     6     1    12
 -1.5432624227250882E-01 a       113     0     6     1    13
  9.4855583221762074E-03 a       114     0     6     1    14
  1.1974517871499525E-01 a       115     0     6     1    15
  1.3086693303174624E-01 a       116     0     6     1    16
 -1.4518161626458445E-01 a       117     0     6     1    17
  4.5911926732365896E-02 a       118     0     6     1    18
  8.1761765127937647E-02 a       119     0     6     1    19
  2.6707275258458774E-01 a       120     0     6     1    20
  3.4180407771312543E-01 a       121     0     7     1     1
 -1.4306688727178385E-01 a       122     0     7     1     2
  7.3805409976121550E-01 a       123     0     7     1     3
  1.0569061728290534E-01 a       124     0     7     1     4
  3.4815993858737210E-01 a       125     0     7     1     5
  1.5612996458555009E-01 a       126     0     7     1     6
  7.5760599025962172E-01 a       127     0     7     1     7
  1.7191626265769075E-01 a       128     0     7     1     8
  3.4838040769499687E-02 a       129     0     7     1     9
  3.5661672082938800E-01 a       130     0     7     1    10
  5.5705959117120296E-01 a       131     0     7     1    11
 -1.8948852141670425E-01 a       132     0     7     1    12
  3.9140965544001166E-01 a       133     0     7     1    13
 -4.1524326861843947E-01 a       134     0     7     1    14
  8.2283123739510022E-01 a       135     0     7     1    15
 -3.2136009742895922E-03 a       136     0     7     1    16
 -7.3856617823449067E-01 a       137     0     7     1    17
 -4.6380626043413620E-01 a       138     0     7     1    18
 -3.2048599661261551E-01 a       139     0     7     1    19
 -3.7474492754203292E-01 a       140     0     7     1    20
 -3.3819957730562573E-02 a       141     0     8     1     1
  3.0218684271439417E-01 a       142     0     8     1     2
 -3.2711340572357285E-02 a       143     0     8     1     3
 -3.2927328849223469E-01 a       144     0     8     1     4
  3.1905071762640624E-01 a       145     0     8     1     5
  7.4049299002062835E-02 a       146     0     8     1     6
  1.4734206031883557E-01 a       147     0     8     1     7
 -1.6054801348724926E-01 a       148     0     8     1     8
  3.8899533549380139E-01 a       149     0     8     1     9
 -3.0755518736373355E-01 a       150     0     8     1    10
 -1.1608896420876301E-01 a       151     0     8     1    11
  1.3277671335018837E-01 a       152     0     8     1    12
 -1.4051751587227587E-01 a       153     0     8     1    13
 -1.5161969487920285E-01 a       154     0     8     1    14
  2.3752417117695890E-01 a       155     0     8     1    15
  2.3686382214022153E-01 a       156     0     8     1    16
  8.9626449869247934E-02 a       157     0     8     1    17
 -1.9860457678362986E-01 a       158     0     8     1    18
 -7.2591077354556402E-02 a       159     0     8     1    19
  8.3523728752615295E-02 a       160     0     8     1    20
  1.0863482938543764E-01 a       161     0     9     1     1
  8.5437909071244211E-02 a       162     0     9     1     2
  2.2737789481552403E-02 a       163     0     9     1     3
 -6.0333739796219138E-03 a       164     0     9     1     4
  8.9313178911148330E-02 a       165     0     9     1     5
 -9.9944275281604711E-02 a       166     0     9     1     6
 -2.4578017852347664E-01 a       167     0     9     1     7
  3.4577592205806217E-02 a       168     0     9     1     8
  1.6547369929341413E-01 a       169     0     9     1     9
  2.2201309730866470E-01 a       170     0     9     1    10
 -1.9240213887013002E-01 a       171     0     9     1    11
 -1.1280406232906443E-01 a       172     0     9     1    12
  3.2573925319617458E-01 a       173     0     9     1    13
  9.2887400450738553E-02 a       174     0     9     1    14
 -2.9504474658144913E-02 a       175     0     9     1    15
  1.5359701132614961E-01 a       176     0     9     1    16
 -2.4023846130593932E-01 a       177     0     9     1    17
 -2.5643705325329208E-01 a       178     0     9     1    18
 -3.2335352606457340E-01 a       179     0     9     1    19
  8.7810729676129171E-02 a       180     0     9     1    20
 -4.5917555803578847E-01 a       181     0    10     1     1
  5.0691814793239787E-01 a       182     0    10     1     2
 -1.0432787472893801E-01 a       183     0    10     1     3
 -2.4452615632751126E-01 a       184     0    10     1     4
 -7.4915862077064299E-02 a       185     0    10     1     5
 -9.1714645503919029E-02 a       186     0    10     1     6
 -7.9679286867863397E-01 a       187     0    10     1     7
  4.9867731524668696E-01 a       188     0    10     1     8
 -1.7406526004113998E-01 a       189     0    10     1     9
 -1.3196470594629872E-01 a       190     0    10     1    10
 -2.3178548361511958E-01 a       191     0    10     1    11
  4.0362217849111198E-01 a       192     0    10     1    12
 -1.8828070192700727E-01 a       193     0    10     1    13
  5.0500029615191055E-01 a       194     0    10     1    14
 -7.4402529197444978E-01 a       195     0    10     1    15
  1.2732000673090346E-01 a       196     0    10     1    16
  1.6270689113687131E-01 a       197     0    10     1    17
 -1.0573061743083724E-01 a       198     0    10     1    18
 -1.0364961071063507E-01 a       199     0    10     1    19
  9.9229539008384160E-03 a       200     0    10     1    20
 -1.9827903561317975E-01 a       201     0    11     1     1
  8.0862869599410067E-03 a       202     0    11     1     2
 -3.0996616706142466E-01 a       203     0    11     1     3
  8.0632153379811264E-02 a       204     0    11     1     4
 -1.1688272865437781E-01 a       205     0    11     1     5
  3.8145523370254154E-02 a       206     0    11     1     6
 -2.1660738689662082E-01 a       207     0    11     1     7
 -2.1234082492817889E-02 a       208     0    11     1     8
  5.9675236067386573E-03 a       209     0    11     1     9
  3.1467593501540253E-01 a       210     0    11     1    10
 -1.1121360041228111E-01 a       211     0    11     1    11
 -2.8499554087192982E-02 a       212     0    11     1    12
 -8.6891083050277054E-02 a       213     0    11     1    13
  1.1855695814113344E-01 a       214     0    11     1    14
 -3.6326860211703860E-01 a       215     0    11     1    15
 -1.7600820623419989E-02 a       216     0    11     1    16
 -7.5908343010387125E-03 a       217     0    11     1    17
 -7.3329348647949974E-02 a       218     0    11     1    18
  2.8063980054479515E-01 a       219     0    11     1    19
  3.9423231605236508E-01 a       220     0    11     1    20
 -3.2566218574379779E-01 a       221     0    12     1     1
  3.4950223039789716E-02 a       222     0    12     1     2
 -3.6432422160915758E-04 a       223     0    12     1     3
 -4.7980685421348750E-02 a       224     0    12     1     4
  5.7483615029268409E-02 a       225     0    12     1     5
  1.4245212175783717E-01 a       226     0    12     1     6
  1.0734178117143528E-02 a       227     0    12     1     7
 -7.3764180247044590E-03 a       228     0    12     1     8
 -4.4312943187691488E-02 a       229     0    12     1     9
  9.4357348927421925E-02 a       230     0    12     1    10
  3.1035251340152653E-01 a       231     0    12     1    11
  2.4159071118608538E-01 a       232     0    12     1    12
  4.1706043407129752E-02 a       233     0    12     1    13
  1.1344239852670893E-01 a       234     0    12     1    14
  2.1145387058519083E-01 a       235     0    12     1    15
 -2.4329529264344768E-01 a       236     0    12     1    16
  1.1608997007470187E-01 a       237     0    12     1    17
  3.5887790220120626E-02 a       238     0    12     1    18
  6.0542562740626582E-02 a       239     0    12     1    19
  1.0417741855843141E-01 a       240     0    12     1    20
  3.3615918788742288E-01 a       241     0    13     1     1
 -5.7208647186599675E-03 a       242     0    13     1     2
  2.5552341389479483E-01 a       243     0    13     1     3
  3.2679525037899032E-01 a       244     0    13     1     4
  1.8051784187647674E-01 a       245     0    13     1     5
  9.3585448027791659E-02 a       246     0    13     1     6
  5.8828603449534744E-01 a       247     0    13     1     7
  1.1855943277540520E-01 a       248     0    13     1     8
 -1.2896632490039606E-01 a       249     0    13     1     9
 -5.2755884872048533E-02 a       250     0    13     1    10
  6.7301717586898652E-02 a       251     0    13     1    11
 -3.3584334769326823E-01 a       252     0    13     1    12
  2.7092668659867247E-01 a       253     0    13     1    13
  8.2662700934020061E-02 a       254     0    13     1    14
  6.2982073185239029E-01 a       255     0    13     1    15
 -5.7215760706875875E-02 a       256     0    13     1    16
 -3.8546389813307130E-01 a       257     0    13     1    17
  9.6311089253848639E-02 a       258     0    13     1    18
 -1.9741381012461079E-01 a       259     0    13     1    19
 -6.7189732140477219E-03 a       260     0    13     1    20
  1.5851476652416974E-01 a       261     0    14     1     1
 -3.0984989457986822E-01 a       262     0    14     1     2
  6.7416111873637344E-02 a       263     0    14     1     3
  3.6708808423036854E-01 a       264     0    14     1     4
  7.0562518478591019E-02 a       265     0    14     1     5
 -1.8217254279227371E-01 a       266     0    14     1     6
  1.9795479426113397E-01 a       267     0    14     1     7
 -2.6821588566314647E-01 a       268     0    14     1     8
  2.5217400863826661E-01 a       269     0    14     1     9
 -1.0759659241565034E-01 a       270     0    14     1    10
 -2.0397881836968129E-01 a       271     0    14     1    11
  7.7671566129444036E-02 a       272     0    14     1    12
 -1.2891654731709734E-01 a       273     0    14     1    13
 -8.6166701252658989E-02 a       274     0    14     1    14
  1.5825404308561336E-01 a       275     0    14     1    15
 -1.1326417269862729E-01 a       276     0    14     1    16
  1.4379805761213738E-01 a       277     0    14     1    17
  3.9009689931682407E-03 a       278     0    14     1    18
  2.1307196384812788E-01 a       279     0    14     1    19
  1.2298734907785797E-02 a       280     0    14     1    20
 -3.0708469631817992E-02 a       281     0    15     1     1
  7.9203115914031896E-02 a       282     0    15     1     2
  1.0252726710569354E-01 a       283     0    15     1     3
 -3.5678788929495900E-02 a       284     0    15     1     4
  3.4125355455672406E-02 a       285     0    15     1     5
  3.1411059084569697E-02 a       286     0    15     1     6
  2.3529789724706613E-02 a       287     0    15     1     7
  2.1183471609817239E-01 a       288     0    15     1     8
  1.8613566200164147E-01 a       289     0    15     1     9
  9.3235311677399887E-02 a       290     0    15     1    10
 -3.4596442749121312E-02 a       291     0    15     1    11
 -1.8769338927671902E-01 a       292     0    15     1    12
 -1.6924422119344826E-01 a       293     0    15     1    13
 -5.3044425940124686E-02 a       294     0    15     1    14
 -1.4203094115060447E-01 a       295     0    15     1    15
  4.9549725657531102E-02 a       296     0    15     1    16
 -1.6961649736223172E-01 a       297     0    15     1    17
 -7.4456494888058500E-02 a       298     0    15     1    18
 -1.1854437088913418E-01 a       299     0    15     1    19
  1.0473983380839758E-01 a       300     0    15     1    20
 -4.2088770408089921E-01 a       301     0    16     1     1
  2.4888732594773633E-02 a       302     0    16     1     2
  2.9735723298453401E-03 a       303     0    16     1     3
 -1.6460823952144532E-01 a       304     0    16     1     4
 -1.2933502281518153E-01 a       305     0    16     1     5
 -1.4548453640537343E-01 a       306     0    16     1     6
 -4.9907336295365029E-01 a       307     0    16     1     7
  3.5060743971467750E-01 a       308     0    16     1     8
  1.4227736677853238E-03 a       309     0    16     1     9
  1.0482463860887992E-02 a       310     0    16     1    10
 -2.4349088272255298E-01 a       311     0    16     1    11
  2.0010384303075199E-01 a       312     0    16     1    12
 -3.0252949652210842E-01 a       313     0    16     1    13
  7.4791005427886215E-01 a       314     0    16     1    14
 -2.6267153058614956E-01 a       315     0    16     1    15
 -3.1823056099552709E-02 a       316     0    16     1    16
  2.2683899957588019E-01 a       317     0    16     1    17
 -2.3036793336884676E-01 a       318     0    16     1    18
  3.8710003706263693E-02 a       319     0    16     1    19
 -3.0510242007336147E-01 a       320     0    16     1    20
 -4.4458110080068509E-02 a       321     0    17     1     1
 -1.2248391723527630E-01 a       322     0    17     1     2
 -1.6140722179513733E-01 a       323     0    17     1     3
  3.0482465883169008E-01 a       324     0    17     1     4
 -1.0395230655775103E-01 a       325     0    17     1     5
  1.7845962803199211E-01 a       326     0    17     1     6
 -1.9590785321776407E-02 a       327     0    17     1     7
 -6.8482639130403269E-02 a       328     0    17     1     8
 -8.8542318338124704E-02 a       329     0    17     1     9
  7.1655484148551968E-02 a       330     0    17     1    10
 -3.1639386886882853E-01 a       331     0    17     1    11
 -1.8564891316082810E-01 a       332     0    17     1    12
  1.7814613222320388E-01 a       333     0    17     1    13
 -3.3680712024117959E-01 a       334     0    17     1    14
 -2.2334485744638016E-01 a       335     0    17     1    15
  2.3157960072644801E-01 a       336     0    17     1    16
  6.7887867209300554E-02 a       337     0    17     1    17
  2.9739505049253237E-03 a       338     0    17     1    18
  1.4103465153933703E-01 a       339     0    17     1    19
  7.7043860131262631E-02 a       340     0    17     1    20
  5.7556748935719227E-03 a       341     0    18     1     1
 -7.9284016048831576E-02 a       342     0    18     1     2
 -2.1994846902864438E-02 a       343     0    18     1     3
 -3.9335848237449282E-02 a       344     0    18     1     4
 -1.4397792889239692E-02 a       345     0    18     1     5
  4.0233803821303343E-03 a       346     0    18     1     6
  2.2864097711240119E-02 a       347     0    18     1     7
  5.0988273821992509E-02 a       348     0    18     1     8
 -2.6047931866596008E-01 a       349     0    18     1     9
  2.3673273638767946E-02 a       350     0    18     1    10
 -1.2642021412861058E-02 a       351     0    18     1    11
 -6.2950661215751255E-02 a       352     0    18     1    12
  1.3786973154836879E-01 a       353     0    18     1    13
  2.6037404383803442E-01 a       354     0    18     1    14
 -7.8582601130549462E-03 a       355     0    18     1    15
  1.0845775184455861E-02 a       356     0    18     1    16
  5.2446936922032436E-02 a       357     0    18     1    17
 -8.9852531085337486E-02 a       358     0    18     1    18
  1.2070820538414537E-01 a       359     0    18     1    19
 -1.1239589222792845E-01 a       360     0    18     1    20
  1.4399759666011475E-01 a       361     0    19     1     1
  5.2054573504709378E-02 a       362     0    19     1     2
  1.2191001799633339E-01 a       363     0    19     1     3
 -7.1971450392740083E-02 a       364     0    19     1     4
  2.7249518904569242E-01 a       365     0    19     1     5
  8.4049669073975222E-02 a       366     0    19     1     6
  2.5787466242745899E-01 a       367     0    19     1     7
 -6.2448327307525767E-02 a       368     0    19     1     8
  1.2555684925255298E-01 a       369     0    19     1     9
 -1.1577331677938951E-01 a       370     0    19     1    10
  1.9964266805677361E-01 a       371     0    19     1    11
 -5.9943531163352548E-02 a       372     0    19     1    12
 -1.7200009006636360E-01 a       373     0    19     1    13
 -4.2385182627832002E-02 a       374     0    19     1    14
  4.1161877882410108E-01 a       375     0    19     1    15
 -2.0223091463394730E-01 a       376     0    19     1    16
 -9.9331309571482021E-02 a       377     0    19     1    17
  1.3416572243567895E-01 a       378     0    19     1    18
 -3.8284734497918049E-01 a       379     0    19     1    19
  1.2024201631281402E-01 a       380     0    19     1    20
  1.2029430479725349E-01 a       381     0    20     1     1
 -8.4208920132112397E-02 a       382     0    20     1     2
 -3.5273002150461842E-02 a       383     0    20     1     3
  1.0443581097622402E-01 a       384     0    20     1     4
  7.5954378546702561E-02 a       385     0    20     1     5
  9.6994531810150136E-02 a       386     0    20     1     6
  1.2808984977823426E-01 a       387     0    20     1     7
 -4.0990706488991870E-02 a       388     0    20     1     8
 -6.5532765319291308E-02 a       389     0    20     1     9
 -6.0034345183266752E-02 a       390     0    20     1    10
  5.0520042853103457E-02 a       391     0    20     1    11
  8.0240556069223617E-02 a       392     0    20     1    12
  7.0174326676033724E-02 a       393     0    20     1    13
 -1.1296916337562832E-01 a       394     0    20     1    14
 -1.4678054511670718E-01 a       395     0    20     1    15
  1.3882550308985470E-01 a       396     0    20     1    16
  4.2428852006725637E-03 a       397     0    20     1    17
  1.9863500849947288E-01 a       398     0    20     1    18
  2.7112488045254729E-01 a       399     0    20     1    19
  1.6454855888009090E-01 a       400     0    20     1    20
 -1.5267454478683617E-01 a       401     0    21     1     1
  2.3083953268480673E-03 a       402     0    21     1     2
 -4.9084109347844872E-02 a       403     0    21     1     3
 -8.7277179124148591E-02 a       404     0    21     1     4
 -2.6180489682356180E-02 a       405     0    21     1     5
  2.2453593514944539E-03 a       406     0    21     1     6
  5.0428094028099030E-02 a       407     0    21     1     7
  4.6726916910740414E-02 a       408     0    21     1     8
  1.1572369737349796E-01 a       409     0    21     1     9
 -5.3832457760707157E-02 a       410     0    21     1    10
  1.1499434752377814E-01 a       411     0    21     1    11
 -4.7828893330153020E-02 a       412     0    21     1    12
  4.5051568560969334E-02 a       413     0    21     1    13
 -1.7445727078578624E-01 a       414     0    21     1    14
 -6.6692765057565051E-02 a       415     0    21     1    15
 -2.3196273624265015E-01 a       416     0    21     1    16
 -3.2187036979581848E-02 a       417     0    21     1    17
  3.0881220766836037E-02 a       418     0    21     1    18
  6.2328576852465137E-02 a       419     0    21     1    19
 -2.1340703044956172E-03 a       420     0    21     1    20
 -2.1393409934384203E-01 a       421     0    22     1     1
  2.9166212963167722E-03 a       422     0    22     1     2
 -4.7863074557574596E-02 a       423     0    22     1     3
  5.0257224264694186E-02 a       424     0    22     1     4
 -1.9146257832089422E-01 a       425     0    22     1     5
 -2.5097695409042475E-01 a       426     0    22     1     6
 -1.5474623682850949E-01 a       427     0    22     1     7
  9.3468596130245024E-02 a       428     0    22     1     8
 -5.6261215302317390E-02 a       429     0    22     1     9
  1.9991457964219519E-01 a       430     0    22     1    10
 -1.9088750159357668E-01 a       431     0    22     1    11
 -7.6967882938817775E-02 a       432     0    22     1    12
 -5.7648938579096830E-02 a       433     0    22     1    13
  3.0317371672836230E-01 a       434     0    22     1    14
 -1.3979608166062554E-01 a       435     0    22     1    15
  1.3901073632384908E-02 a       436     0    22     1    16
  3.5466967114719132E-02 a       437     0    22     1    17
 -1.6879280448007353E-01 a       438     0    22     1    18
  1.1199497656826178E-01 a       439     0    22     1    19
 -2.7859078644550412E-02 a       440     0    22     1    20
 -2.7312033004236722E-02 a       441     0    23     1     1
 -3.0048371541167979E-02 a       442     0    23     1     2
 -3.8851739900493017E-02 a       443     0    23     1     3
  2.0580106487968369E-01 a       444     0    23     1     4
 -2.2380578639165066E-01 a       445     0    23     1     5
  1.5378974698843985E-02 a       446     0    23     1     6
 -1.1582323886543890E-01 a       447     0    23     1     7
 -3.5544324063229441E-04 a       448     0    23     1     8
  3.6802799978181318E-02 a       449     0    23     1     9
  8.7339084675952888E-02 a       450     0    23     1    10
 -1.4957589230805446E-01 a       451     0    23     1    11
 -6.5902011018766828E-03 a       452     0    23     1    12
  2.3677841953969914E-01 a       453     0    23     1    13
 -3.1218794557242974E-01 a       454     0    23     1    14
  9.5489874466922448E-02 a       455     0    23     1    15
 -3.3929827940928005E-02 a       456     0    23     1    16
 -2.7752056122548101E-02 a       457     0    23     1    17
 -8.7930840757254075E-02 a       458     0    23     1    18
 -1.4368841155619244E-01 a       459     0    23     1    19
 -1.0179504818800562E-01 a       460     0    23     1    20
 -8.7934980099889370E-02 a       461     0    24     1     1
 -2.7960732963382097E-03 a       462     0    24     1     2
  1.1449753163476441E-01 a       463     0    24     1     3
 -1.1783468384754256E-02 a       464     0    24     1     4
  9.4542728202294146E-02 a       465     0    24     1     5
 -2.4421034734922357E-02 a       466     0    24     1     6
 -7.0107847731733897E-02 a       467     0    24     1     7
  8.6833312036444565E-02 a       468     0    24     1     8
  2.2142664192214959E-01 a       469     0    24     1     9
 -7.6885050233444358E-02 a       470     0    24     1    10
  3.8441568459145252E-02 a       471     0    24     1    11
 -9.4190416752674991E-02 a       472     0    24     1    12
 -2.9123445639684742E-01 a       473     0    24     1    13
  6.3923121302921285E-02 a       474     0    24     1    14
  2.5253768500507957E-02 a       475     0    24     1    15
 -1.2698787266959849E-01 a       476     0    24     1    16
  5.5819546162103467E-02 a       477     0    24     1    17
  2.8244866506863989E-02 a       478     0    24     1    18
 -1.2042554017480149E-01 a       479     0    24     1    19
  2.8652040269262349E-02 a       480     0    24     1    20
 -9.1738529899411225E-02 a       481     0    25     1     1
 -2.3983282547472415E-01 a       482     0    25     1     2
  9.5985805214720998E-02 a       483     0    25     1     3
 -6.0426662718914602E-03 a       484     0    25     1     4
  1.5836878276130439E-01 a       485     0    25     1     5
  2.4852093825666308E-01 a       486     0    25     1     6
  9.4313920391523212E-02 a       487     0    25     1     7
  1.4827242043189554E-01 a       488     0    25     1     8
  3.4178258768245928E-02 a       489     0    25     1     9
 -1.4697496660315068E-01 a       490     0    25     1    10
 -5.8771497121940415E-02 a       491     0    25     1    11
 -9.0802472215575063E-03 a       492     0    25     1    12
 -8.3340057167564943E-02 a       493     0    25     1    13
  7.3417165745932475E-02 a       494     0    25     1    14
  2.0378395045969891E-01 a       495     0    25     1    15
 -1.9248985385629308E-01 a       496     0    25     1    16
  5.4468842129200695E-02 a       497     0    25     1    17
  1.5512399342813787E-01 a       498     0    25     1    18
 -4.2156500102916317E-03 a       499     0    25     1    19
 -1.1670116944095731E-01 a       500     0    25     1    20
  8.0720201315349044E-02 a       501     0    26     1     1
  4.8703472995513163E-02 a       502     0    26     1     2
 -2.3887255616795104E-02 a       503     0    26     1     3
 -1.8924125381896573E-01 a       504     0    26     1     4
  6.5607629191005795E-02 a       505     0    26     1     5
 -1.0651639564475826E-02 a       506     0    26     1     6
  9.0518726971018898E-02 a       507     0    26     1     7
 -5.7974484145025797E-02 a       508     0    26     1     8
 -3.2725756111260779E-01 a       509     0    26     1     9
 -1.5404369477548097E-01 a       510     0    26     1    10
  2.0133092125523036E-01 a       511     0    26     1    11
  5.4611853154889867E-02 a       512     0    26     1    12
  1.2049358099226440E-01 a       513     0    26     1    13
  2.6009198360940185E-02 a       514     0    26     1    14
 -2.3289305289022189E-01 a       515     0    26     1    15
  9.9243106491731473E-02 a       516     0    26     1    16
  3.8162895538454027E-02 a       517     0    26     1    17
  5.9990418062111861E-02 a       518     0    26     1    18
  2.6275759918232916E-01 a       519     0    26     1    19
  1.0520456759134370E-01 a       520     0    26     1    20
  3.4892914395311100E-02 a       521     0    27     1     1
 -1.2264366822882809E-01 a       522     0    27     1     2
 -9.7574970293120511E-02 a       523     0    27     1     3
  6.5018329145224762E-02 a       524     0    27     1     4
 -4.2336479118004658E-02 a       525     0    27     1     5
  9.1323196989197122E-02 a       526     0    27     1     6
  8.7720910650708583E-02 a       527     0    27     1     7
  5.7230351645412722E-02 a       528     0    27     1     8
 -3.3480160225563016E-01 a       529     0    27     1     9
  1.9434348529410939E-01 a       530     0    27     1    10
 -1.4072036408093624E-01 a       531     0    27     1    11
  7.7937031088435763E-02 a       532     0    27     1    12
  2.4316205882403877E-01 a       533     0    27     1    13
  9.4895571850592830E-02 a       534     0    27     1    14
  3.8195109438849281E-02 a       535     0    27     1    15
  2.6257332785816789E-01 a       536     0    27     1    16
 -7.8853494972654745E-02 a       537     0    27     1    17
 -7.6881190721487233E-02 a       538     0    27     1    18
  3.2493547179792019E-02 a       539     0    27     1    19
 -5.4710862732621886E-02 a       540     0    27     1    20
  2.8874905305724952E-02 a       541     0    28     1     1
  1.7461812434778370E-01 a       542     0    28     1     2
 -9.7336039627362661E-03 a       543     0    28     1     3
 -7.6576762659000736E-02 a       544     0    28     1     4
 -4.6507383180731110E-02 a       545     0    28     1     5
 -1.8679404048475323E-01 a       546     0    28     1     6
  3.8035543943262536E-02 a       547     0    28     1     7
 -4.1975741526450366E-02 a       548     0    28     1     8
 -4.4249072576763047E-02 a       549     0    28     1     9
  7.3486875050218545E-02 a       550     0    28     1    10
  1.2736405124001143E-01 a       551     0    28     1    11
  2.1586459948218693E-02 a       552     0    28     1    12
 -4.5082525888600705E-02 a       553     0    28     1    13
 -7.3801453892927069E-02 a       554     0    28     1    14
 -1.5389037337243414E-01 a       555     0    28     1    15
  1.0004827755277456E-03 a       556     0    28     1    16
 -5.6860479068188634E-02 a       557     0    28     1    17
 -8.2096320829290872E-02 a       558     0    28     1    18
 -2.0003105601565908E-02 a       559     0    28     1    19
  1.1108015180646447E-01 a       560     0    28     1    20
  8.9343267087282865E-02 a       561     0    29     1     1
 -7.2237576189533262E-02 a       562     0    29     1     2
 -4.7260187024011871E-02 a       563     0    29     1     3
  1.7150003091051180E-01 a       564     0    29     1     4
 -3.6962336010204877E-02 a       565     0    29     1     5
  4.1155287090721485E-02 a       566     0    29     1     6
  2.9552713463546270E-03 a       567     0    29     1     7
  1.5361033113999658E-02 a       568     0    29     1     8
  1.3855376879441117E-01 a       569     0    29     1     9
  6.8498502603324629E-02 a       570     0    29     1    10
 -1.0773761696009276E-01 a       571     0    29     1    11
 -1.8767549451184759E-01 a       572     0    29     1    12
  3.2633021471894660E-03 a       573     0    29     1    13
 -1.3948521201184208E-01 a       574     0    29     1    14
 -5.7616040682209123E-02 a       575     0    29     1    15
  1.1141483006195216E-01 a       576     0    29     1    16
 -1.7090550000504464E-02 a       577     0    29     1    17
 -4.7482565495894948E-03 a       578     0    29     1    18
 -2.8292523715264705E-02 a       579     0    29     1    19
 -8.1037240913170605E-02 a       580     0    29     1    20
 -8.6711723642288699E-02 a       581     0    30     1     1
  7.7357425888973676E-04 a       582     0    30     1     2
 -7.0830311437019775E-03 a       583     0    30     1     3
  8.9714663537949855E-03 a       584     0    30     1     4
 -1.7147527533187382E-02 a       585     0    30     1     5
 -4.6327563231867451E-02 a       586     0    30     1     6
  4.5812352932348893E-02 a       587     0    30     1     7
  8.9718908974891640E-02 a       588     0    30     1     8
  1.1838723042063197E-01 a       589     0    30     1     9
 -8.0982759691213532E-02 a       590     0    30     1    10
  6.9072922543543830E-02 a       591     0    30     1    11
 -1.7536989477416268E-01 a       592     0    30     1    12
 -1.0952750175200369E-01 a       593     0    30     1    13
 -9.5765996397343747E-02 a       594     0    30     1    14
 -1.4417852974055032E-01 a       595     0    30     1    15
 -1.9441454655406085E-01 a       596     0    30     1    16
  2.3797251299663362E-02 a       597     0    30     1    17
  6.6270005523205652E-02 a       598     0    30     1    18
  4.2535483918308907E-02 a       599     0    30     1    19
  7.7211884946012138E-02 a       600     0    30     1    20
  1.7686890129060226E-01 a       601     0    31     1     1
 -8.0512295174353113E-02 a       602     0    31     1     2
 -6.5188449966828854E-01 a       603     0    31     1     3
  1.4675582095777964E-01 a       604     0    31     1     4
 -6.0666644194916397E-01 a       605     0    31     1     5
 -2.5001097782701659E-01 a       606     0    31     1     6
  2.5430938609745984E-01 a       607     0    31     1     7
 -5.3010368435500532E-01 a       608     0    31     1     8
  2.5177854336936445E-01 a       609     0    31     1     9
 -6.5762978050278909E-01 a       610     0    31     1    10
 -1.1936240070143592E-01 a       611     0    31     1    11
 -2.8087271696398480E-01 a       612     0    31     1    12
 -1.4552122693503650E-01 a       613     0    31     1    13
  9.8934258709944856E-01 a       614     0    31     1    14
  2.2885758197396047E-02 a       615     0    31     1    15
 -1.2378153447833161E-01 a       616     0    31     1    16
  4.6426475588273719E-01 a       617     0    31     1    17
 -1.4381065448192695E-02 a       618     0    31     1    18
 -3.2973989799886955E-01 a       619     0    31     1    19
  1.6099035016357663E-01 a       620     0    31     1    20
  3.0507939999702610E-01 a       621     0    32     1     1
 -1.2797834390499474E-01 a       622     0    32     1     2
  4.6202792179262686E-01 a       623     0    32     1     3
  3.2817762313328214E-01 a       624     0    32     1     4
  5.4795496051864589E-01 a       625     0    32     1     5
  4.4365526076158007E-01 a       626     0    32     1     6
 -5.3479032995186006E-02 a       627     0    32     1     7
  2.0848243914130160E-01 a       628     0    32     1     8
 -3.1341674552492749E-01 a       629     0    32     1     9
 -6.8853190527149541E-02 a       630     0    32     1    10
 -2.8903524995146479E-01 a       631     0    32     1    11
  2.0493297220476156E-01 a       632     0    32     1    12
  2.0167364920812195E-01 a       633     0    32     1    13
 -6.3627202819173878E-01 a       634     0    32     1    14
  3.1035249662991682E-01 a       635     0    32     1    15
  7.0785846937605632E-02 a       636     0    32     1    16
 -5.2441942806302910E-01 a       637     0    32     1    17
 -3.3808778113953980E-01 a       638     0    32     1    18
  4.6906896998774167E-01 a       639     0    32     1    19
  2.3897420014588361E-01 a       640     0    32     1    20
  8.0140555121301638E-02 a       641     0    33     1     1
 -1.7848046258797174E-02 a       642     0    33     1     2
 -3.1346090859734589E-02 a       643     0    33     1     3
 -6.1693912239082639E-02 a       644     0    33     1     4
  1.0238874881564659E-01 a       645     0    33     1     5
  1.0302533213786688E-01 a       646     0    33     1     6
 -2.1463069438165023E-02 a       647     0    33     1     7
 -2.5767182601576044E-01 a       648     0    33     1     8
  4.0204028581423307E-01 a       649     0    33     1     9
  2.0722822783116596E-01 a       650     0    33     1    10
 -1.1071810968054434E-01 a       651     0    33     1    11
  1.4270519694999009E-02 a       652     0    33     1    12
 -2.7782405217994599E-01 a       653     0    33     1    13
 -6.8023449483908816E-02 a       654     0    33     1    14
 -7.2123457854485387E-02 a       655     0    33     1    15
 -2.4256088285427774E-01 a       656     0    33     1    16
  3.9893028619483739E-02 a       657     0    33     1    17
 -1.8481844123049077E-01 a       658     0    33     1    18
 -1.5930550678710984E-01 a       659     0    33     1    19
 -4.2980422388018685E-01 a       660     0    33     1    20
 -2.1376014489183981E-01 a       661     0    34     1     1
 -2.3563646147530226E-01 a       662     0    34     1     2
 -1.3923253494781435E-01 a       663     0    34     1     3
 -1.0317995290798150E-01 a       664     0    34     1     4
 -8.3730665169624519E-02 a       665     0    34     1     5
 -2.2844122361190131E-01 a       666     0    34     1     6
  1.9481921287785306E-01 a       667     0    34     1     7
  1.9435783962855207E-02 a       668     0    34     1     8
 -4.4874446688461300E-02 a       669     0    34     1     9
  1.6674202343019229E-01 a       670     0    34     1    10
  1.2467096860151500E-01 a       671     0    34     1    11
 -1.2687956585227231E-01 a       672     0    34     1    12
 -5.0446514581727601E-02 a       673     0    34     1    13
 -7.6444835599893207E-02 a       674     0    34     1    14
 -3.4091163350715242E-01 a       675     0    34     1    15
  2.6307346153774322E-02 a       676     0    34     1    16
  8.7779580967204868E-02 a       677     0    34     1    17
  4.4527282081688863E-01 a       678     0    34     1    18
 -1.5201558773978974E-01 a       679     0    34     1    19
 -8.4275305612545592E-02 a       680     0    34     1    20
 -1.8944945235299426E-01 a       681     0    35     1     1
 -2.4353393653967439E-01 a       682     0    35     1     2
 -1.7767632371967748E-01 a       683     0    35     1     3
 -1.1978930748542742E-01 a       684     0    35     1     4
 -1.1971117764486108E-01 a       685     0    35     1     5
  2.2997673011184441E-01 a       686     0    35     1     6
 -8.4893987529326018E-02 a       687     0    35     1     7
  9.9748861536359798E-02 a       688     0    35     1     8
  1.5275849630910060E-01 a       689     0    35     1     9
  1.0595951151677491E-02 a       690     0    35     1    10
  5.2834687873572492E-03 a       691     0    35     1    11
 -1.8257798493560756E-01 a       692     0    35     1    12
  3.0039928224145590E-01 a       693     0    35     1    13
 -1.7974475935102999E-01 a       694     0    35     1    14
 -6.3821099305830381E-02 a       695     0    35     1    15
  1.2500391866721156E-01 a       696     0    35     1    16
  1.3058404939376519E-01 a       697     0    35     1    17
  7.8383022236366215E-02 a       698     0    35     1    18
 -3.5068669756893218E-02 a       699     0    35     1    19
  2.6136467002331737E-01 a       700     0    35     1    20
  3.8987304888284821E-02 a       701     0    36     1     1
 -1.0126431247856608E-01 a       702     0    36     1     2
  6.2186622255532752E-02 a       703     0    36     1     3
 -1.2182548675577529E-01 a       704     0    36     1     4
  1.8713298862928934E-01 a       705     0    36     1     5
 -2.0527428863326402E-01 a       706     0    36     1     6
  1.1121275328993149E-01 a       707     0    36     1     7
 -6.5542645977256023E-02 a       708     0    36     1     8
  9.2332766028642654E-02 a       709     0    36     1     9
  3.7782638622805211E-02 a       710     0    36     1    10
  8.3686453944138317E-02 a       711     0    36     1    11
 -4.3995347912180932E-02 a       712     0    36     1    12
  2.9855619914995168E-01 a       713     0    36     1    13
 -1.3427404764006459E-01 a       714     0    36     1    14
 -1.0166710964738468E-01 a       715     0    36     1    15
  2.8546658176373990E-01 a       716     0    36     1    16
  4.0048977141271029E-02 a       717     0    36     1    17
  9.9672497604622490E-02 a       718     0    36     1    18
 -8.7073937585614658E-02 a       719     0    36     1    19
  2.4568926557387766E-01 a       720     0    36     1    20
 -3.1374950129374246E-02 a       721     0    37     1     1
 -6.9538523907317851E-02 a       722     0    37     1     2
  3.1473103766653004E-01 a       723     0    37     1     3
 -4.1143545268126419E-01 a       724     0    37     1     4
  1.5032397042660980E-01 a       725     0    37     1     5
  3.0441742848764899E-02 a       726     0    37     1     6
 -6.8925859756850938E-01 a       727     0    37     1     7
  2.1243368551812167E-01 a       728     0    37     1     8
  2.9686451531075803E-01 a       729     0    37     1     9
  6.6760740634360072E-01 a       730     0    37     1    10
 -1.4683779119686469E-01 a       731     0    37     1    11
  5.4223786636525426E-02 a       732     0    37     1    12
  2.8962846902719788E-02 a       733     0    37     1    13
 -3.9778760421970072E-01 a       734     0    37     1    14
 -1.5702029816623933E-01 a       735     0    37     1    15
 -1.8228369598127420E-01 a       736     0    37     1    16
 -9.0276583334189198E-02 a       737     0    37     1    17
 -1.8200082890865646E-01 a       738     0    37     1    18
  1.7346930289334123E-01 a       739     0    37     1    19
 -1.7393629445296507E-01 a       740     0    37     1    20
 -3.8133712011470350E-01 a       741     0    38     1     1
 -1.4730229858388269E-01 a       742     0    38     1     2
  2.3208674885419976E-02 a       743     0    38     1     3
 -5.3869452861186932E-02 a       744     0    38     1     4
 -2.1336442365567626E-01 a       745     0    38     1     5
 -2.9589804461610518E-02 a       746     0    38     1     6
  5.6905632033650577E-01 a       747     0    38     1     7
 -5.4886285057278283E-01 a       748     0    38     1     8
  2.5422868069915039E-01 a       749     0    38     1     9
  3.2328277975472219E-02 a       750     0    38     1    10
  4.4771184075250714E-01 a       751     0    38     1    11
  3.4607171067076986E-01 a       752     0    38     1    12
  2.1070181201155028E-01 a       753     0    38     1    13
  1.9513074485559673E-01 a       754     0    38     1    14
 -2.7383638378770923E-02 a       755     0    38     1    15
 -2.5792053466475739E-01 a       756     0    38     1    16
  4.4169732547874291E-01 a       757     0    38     1    17
  5.5682604776331457E-01 a       758     0    38     1    18
 -3.0682051590487575E-01 a       759     0    38     1    19
 -3.8224307873109331E-01 a       760     0    38     1    20
  1.0090483200039916E-02 a       761     0    39     1     1
 -3.7560207969480564E-02 a       762     0    39     1     2
 -1.7796723153720446E-02 a       763     0    39     1     3
 -2.1183420296324577E-02 a       764     0    39     1     4
 -7.4306906812569629E-02 a       765     0    39     1     5
 -2.5714268985357852E-01 a       766     0    39     1     6
 -8.9664437354518733E-02 a       767     0    39     1     7
  3.4685833482521211E-01 a       768     0    39     1     8
 -3.0774056356519519E-01 a       769     0    39     1     9
 -1.2121706437575447E-01 a       770     0    39     1    10
  3.8236814553490532E-02 a       771     0    39     1    11
 -7.1239166663703071E-03 a       772     0    39     1    12
  1.0665225890248710E-01 a       773     0    39     1    13
  3.7452669631469593E-01 a       774     0    39     1    14
  1.5086489425953528E-01 a       775     0    39     1    15
  2.8481036883114857E-01 a       776     0    39     1    16
 -4.2793497028495275E-02 a       777     0    39     1    17
 -8.3769577361200984E-02 a       778     0    39     1    18
 -3.2672580615381058E-01 a       779     0    39     1    19
  1.0455282009235618E-01 a       780     0    39     1    20
  7.3078865648796426E-02 a       781     0    40     1     1
  3.2828171763233149E-01 a       782     0    40     1     2
  4.3623082422728381E-02 a       783     0    40     1     3
 -8.8748575530144785E-02 a       784     0    40     1     4
  4.2689866604840990E-02 a       785     0    40     1     5
 -3.8860779606537256E-02 a       786     0    40     1     6
 -3.3631254152086382E-01 a       787     0    40     1     7
  2.6815005114903334E-01 a       788     0    40     1     8
 -9.7978663208774186E-02 a       789     0    40     1     9
  2.7710495940214252E-02 a       790     0    40     1    10
 -1.0089218185700223E-01 a       791     0    40     1    11
 -1.2505148380150322E-01 a       792     0    40     1    12
  1.4343322781858514E-01 a       793     0    40     1    13
  2.9497396877837520E-02 a       794     0    40     1    14
  8.4309922744275657E-03 a       795     0    40     1    15
 -5.7464117337063796E-02 a       796     0    40     1    16
  1.4550737186901547E-01 a       797     0    40     1    17
 -5.6510913334280009E-02 a       798     0    40     1    18
  3.6229916667312773E-01 a       799     0    40     1    19
  1.4097656284950391E-01 a       800     0    40     1    20
  1.2034162352525594E-01 a       801     0    41     1     1
  9.8312149097369156E-02 a       802     0    41     1     2
 -2.6199851237264420E-02 a       803     0    41     1     3
  9.8894221171051441E-02 a       804     0    41     1     4
 -5.6590503115576645E-04 a       805     0    41     1     5
 -1.0793695530805826E-01 a       806     0    41     1     6
  5.7376798795516049E-02 a       807     0    41     1     7
 -4.9243856740758200E-02 a       808     0    41     1     8
  6.4938805331676674E-02 a       809     0    41     1     9
 -8.8238891254169713E-02 a       810     0    41     1    10
  3.1179507937801630E-02 a       811     0    41     1    11
 -5.6729857163675020E-02 a       812     0    41     1    12
 -1.2102184468775586E-01 a       813     0    41     1    13
  1.4384089398580330E-01 a       814     0    41     1    14
 -4.7542628554292615E-02 a       815     0    41     1    15
 -2.4166080703419213E-01 a       816     0    41     1    16
 -7.5512773890633225E-02 a       817     0    41     1    17
  4.1470428742486604E-01 a       818     0    41     1    18
  2.2565180566099741E-01 a       819     0    41     1    19
 -1.0117397698583365E-01 a       820     0    41     1    20
  8.6122902819414215E-03 a       821     0    42     1     1
  1.9263884116570809E-01 a       822     0    42     1     2
 -1.6942117753961564E-01 a       823     0    42     1     3
 -3.7510479998500379E-02 a       824     0    42     1     4
  9.3564534391309448E-02 a       825     0    42     1     5
  1.3042059898927336E-01 a       826     0    42     1     6
  2.1129065513644237E-02 a       827     0    42     1     7
 -8.6476973412146843E-02 a       828     0    42     1     8
 -3.1349613398317383E-01 a       829     0    42     1     9
 -2.3467248821835515E-01 a       830     0    42     1    10
  2.3392764300180802E-01 a       831     0    42     1    11
 -1.8027221646020081E-01 a       832     0    42     1    12
 -9.0089213527052681E-02 a       833     0    42     1    13
  2.6331802641199331E-02 a       834     0    42     1    14
 -2.4425054040153826E-01 a       835     0    42     1    15
  1.7897822371178823E-01 a       836     0    42     1    16
 -1.7821588170937633E-01 a       837     0    42     1    17
 -1.9540535802358741E-01 a       838     0    42     1    18
  1.5004428474853410E-01 a       839     0    42     1    19
 -1.5579008353319709E-01 a       840     0    42     1    20
 -2.8350960424974353E-01 a       841     0    43     1     1
  1.9023456948437442E-01 a       842     0    43     1     2
 -2.9160121711627784E-01 a       843     0    43     1     3
 -2.0530248776450569E-01 a       844     0    43     1     4
 -2.9159800883261450E-01 a       845     0    43     1     5
  3.1687843066178506E-01 a       846     0    43     1     6
 -9.1965190331207980E-02 a       847     0    43     1     7
  4.1604925683879579E-01 a       848     0    43     1     8
 -3.3351237308635083E-03 a       849     0    43     1     9
  8.7224746992280597E-02 a       850     0    43     1    10
  2.3760638860564096E-01 a       851     0    43     1    11
 -1.4047271082124171E-01 a       852     0    43     1    12
 -6.1636523602773741E-01 a       853     0    43     1    13
 -2.8304715638736766E-01 a       854     0    43     1    14
 -1.9458431995935152E-02 a       855     0    43     1    15
  8.2010695973955314E-02 a       856     0    43     1    16
  8.6249654228751110E-02 a       857     0    43     1    17
  3.6244496641797970E-02 a       858     0    43     1    18
 -8.6267493297625703E-02 a       859     0    43     1    19
 -2.8104409023443810E-01 a       860     0    43     1    20
 -8.6548410077292998E-02 a       861     0    44     1     1
 -3.1341651749226074E-01 a       862     0    44     1     2
  2.6689276684134322E-01 a       863     0    44     1     3
  4.5959222920369264E-01 a       864     0    44     1     4
 -5.1512443058202170E-02 a       865     0    44     1     5
 -3.3431893664899470E-01 a       866     0    44     1     6
  3.6579162561747258E-01 a       867     0    44     1     7
 -7.7415625015318068E-02 a       868     0    44     1     8
 -3.0223278586802138E-01 a       869     0    44     1     9
  1.6613900221208452E-01 a       870     0    44     1    10
  6.6435075462411312E-03 a       871     0    44     1    11
 -1.8977215279244300E-02 a       872     0    44     1    12
  2.7271568981741734E-01 a       873     0    44     1    13
  5.0283672507631851E-03 a       874     0    44     1    14
 -3.7370877403551528E-01 a       875     0    44     1    15
 -1.9552237261915617E-01 a       876     0    44     1    16
 -1.1801077637668311E-02 a       877     0    44     1    17
  1.1327416392204592E-02 a       878     0    44     1    18
  2.1871447646464903E-01 a       879     0    44     1    19
  9.7127562472513630E-03 a       880     0    44     1    20
  1.2003009526986280E-01 a       881     0    45     1     1
  4.6835488505566771E-02 a       882     0    45     1     2
  1.3122143930453387E-02 a       883     0    45     1     3
 -3.5199472623294070E-01 a       884     0    45     1     4
 -1.2157277345797175E-02 a       885     0    45     1     5
 -8.7154505177525834E-02 a       886     0    45     1     6
  1.2726416091695755E-01 a       887     0    45     1     7
  2.0865938031477471E-01 a       888     0    45     1     8
 -1.9319781631012939E-01 a       889     0    45     1     9
  1.6821919468344591E-03 a       890     0    45     1    10
  2.5510420015628105E-01 a       891     0    45     1    11
 -1.7850208722536198E-01 a       892     0    45     1    12
 -1.8414616894149496E-01 a       893     0    45     1    13
 -5.3429266398409662E-02 a       894     0    45     1    14
 -2.7936242109272263E-01 a       895     0    45     1    15
 -1.9017050456383206E-02 a       896     0    45     1    16
  1.2971379416827813E-01 a       897     0    45     1    17
  1.7213825153791709E-01 a       898     0    45     1    18
  1.5211144652933153E-01 a       899     0    45     1    19
  3.3488380072198104E-01 a       900     0    45     1    20
 -5.7768571578927848E-02 a       901     0    46     1     1
  2.1355729200061413E-01 a       902     0    46     1     2
 -4.9678804116111731E-02 a       903     0    46     1     3
 -3.0449269359942710E-01 a       904     0    46     1     4
 -8.0264526083493534E-02 a       905     0    46     1     5
  3.3851059963335185E-02 a       906     0    46     1     6
 -2.0025894288164289E-01 a       907     0    46     1     7
  5.1034326190093682E-02 a       908     0    46     1     8
  1.7096959180135599E-01 a       909     0    46     1     9
 -4.4138357603392617E-02 a       910     0    46     1    10
  6.5226222525354441E-02 a       911     0    46     1    11
  8.0097478598701852E-02 a       912     0    46     1    12
 -3.8645948415754972E-02 a       913     0    46     1    13
 -1.7883317539293220E-01 a       914     0    46     1    14
  1.3945512078606861E-02 a       915     0    46     1    15
 -4.6549032581800446E-04 a       916     0    46     1    16
  8.1104157285447093E-02 a       917     0    46     1    17
  4.6683876443151466E-02 a       918     0    46     1    18
  4.3616773208792772E-02 a       919     0    46     1    19
 -1.9039758213647404E-01 a       920     0    46     1    20
 -2.4029632185455688E-01 a       921     0    47     1     1
 -7.4591519282733748E-02 a       922     0    47     1     2
 -5.7270875547268445E-02 a       923     0    47     1     3
  1.6499907488847645E-01 a       924     0    47     1     4
 -1.0138037327185587E-01 a       925     0    47     1     5
 -7.4132423667500932E-02 a       926     0    47     1     6
 -2.8097341577543747E-04 a       927     0    47     1     7
  1.0031394587857774E-01 a       928     0    47     1     8
  6.3791011662779049E-02 a       929     0    47     1     9
 -4.0058923274566581E-02 a       930     0    47     1    10
 -2.6605304824273000E-02 a       931     0    47     1    11
 -1.7699461556037032E-02 a       932     0    47     1    12
  2.1048643809085937E-01 a       933     0    47     1    13
 -3.9876681998595009E-02 a       934     0    47     1    14
  9.1490213450531502E-02 a       935     0    47     1    15
 -7.9528863757160437E-02 a       936     0    47     1    16
 -1.0402670962455932E-01 a       937     0    47     1    17
 -5.5165836046125453E-02 a       938     0    47     1    18
 -2.1504717079562044E-02 a       939     0    47     1    19
 -5.4354629634246088E-04 a       940     0    47     1    20
  1.3517447333668733E-01 a       941     0    48     1     1
  1.3204656789159541E-01 a       942     0    48     1     2
  6.3384294424067802E-02 a       943     0    48     1     3
  9.1803578286680700E-03 a       944     0    48     1     4
 -4.4433769688473547E-02 a       945     0    48     1     5
 -6.2375175542257910E-02 a       946     0    48     1     6
 -2.7430563246864386E-03 a       947     0    48     1     7
 -2.4305557523196849E-02 a       948     0    48     1     8
  9.9211690830796825E-02 a       949     0    48     1     9
  1.3205804397507251E-01 a       950     0    48     1    10
 -1.0617887406925558E-01 a       951     0    48     1    11
 -2.5200135727801130E-02 a       952     0    48     1    12
 -2.0812900976813181E-01 a       953     0    48     1    13
  1.6597002627552718E-02 a       954     0    48     1    14
  1.1082445705013206E-03 a       955     0    48     1    15
 -3.1431617072404994E-01 a       956     0    48     1    16
 -6.9861622460150848E-03 a       957     0    48     1    17
  7.5460354895321713E-02 a       958     0    48     1    18
  1.3542321568281174E-01 a       959     0    48     1    19
 -1.9471265418871750E-01 a       960     0    48     1    20
 -1.9652685024121513E-01 a       961     0    49     1     1
 -3.0276173580215504E-01 a       962     0    49     1     2
  2.2121542035063280E-01 a       963     0    49     1     3
 -1.9629277187890637E-01 a       964     0    49     1     4
  2.8290909374470113E-01 a       965     0    49     1     5
 -1.4518306825947358E-01 a       966     0    49     1     6
  3.0531580345949294E-01 a       967     0    49     1     7
  3.8956303851990504E-02 a       968     0    49     1     8
  2.1714878553175243E-01 a       969     0    49     1     9
 -3.1695147006450514E-01 a       970     0    49     1    10
  3.9754573945761995E-01 a       971     0    49     1    11
  3.0233362232719215E-02 a       972     0    49     1    12
 -1.9835247360743630E-01 a       973     0    49     1    13
 -1.4746146991165115E-02 a       974     0    49     1    14
 -4.6754456817563496E-02 a       975     0    49     1    15
  2.7503983656059498E-02 a       976     0    49     1    16
  2.7077494799636254E-02 a       977     0    49     1    17
 -3.1064653376179729E-01 a       978     0    49     1    18
  1.0106819920669535E-01 a       979     0    49     1    19
 -2.7971193371418755E-02 a       980     0    49     1    20
  4.5938079790750275E-01 a       981     0    50     1     1
  2.5394781591762805E-01 a       982     0    50     1     2
 -5.5510231138627952E-01 a       983     0    50     1     3
 -2.3030345945843320E-01 a       984     0    50     1     4
 -3.4650958880195482E-01 a       985     0    50     1     5
  3.1023716319037692E-01 a       986     0    50     1     6
 -1.6958734822570723E-01 a       987     0    50     1     7
  1.9515218435062912E-01 a       988     0    50     1     8
 -4.8362968990905625E-01 a       989     0    50     1     9
 -3.4651818737036144E-01 a       990     0    50     1    10
  4.9252707637705674E-03 a       991     0    50     1    11
 -3.5544027758125624E-01 a       992     0    50     1    12
 -2.8702095205279410E-01 a       993     0    50     1    13
 -5.9213650984520527E-01 a       994     0    50     1    14
  4.0779338758314249E-01 a       995     0    50     1    15
 -3.9045477995812435E-02 a       996     0    50     1    16
 -4.5190784047362369E-02 a       997     0    50     1    17
  5.5867702547999809E-01 a       998     0    50     1    18
 -1.6747650770683900E-01 a       999     0    50     1    19
 -3.1450679691298743E-02 a      1000     0    50     1    20
  2.4842255125265160E-02 a      1001     0    51     1     1
 -4.4635847781647829E-02 a      1002     0    51     1     2
  1.0234241890130100E-01 a      1003     0    51     1     3
  1.3454597484952310E-01 a      1004     0    51     1     4
  3.0792005508313264E-02 a      1005     0    51     1     5
  7.3987058354158378E-02 a      1006     0    51     1     6
  1.0715863762699706E-02 a      1007     0    51     1     7
  3.7532244516773228E-02 a      1008     0    51     1     8
  1.8642672948933775E-01 a      1009     0    51     1     9
  4.9123509976184872E-02 a      1010     0    51     1    10
 -1.5785864911487649E-01 a      1011     0    51     1    11
  2.2127383685662024E-02 a      1012     0    51     1    12
 -7.2922319880265804E-02 a      1013     0    51     1    13
 -1.0180695198530976E-01 a      1014     0    51     1    14
 -7.4394371925995503E-02 a      1015     0    51     1    15
 -1.8134135161575035E-01 a      1016     0    51     1    16
  5.4868048803950652E-02 a      1017     0    51     1    17
  1.3288531066878909E-01 a      1018     0    51     1    18
  3.9059335935784326E-02 a      1019     0    51     1    19
  1.6098346138428185E-01 a      1020     0    51     1    20
  1.0682010151572373E-01 a      1021     0    52     1     1
 -1.2374247927101657E-01 a      1022     0    52     1     2
  4.0184294448800284E-02 a      1023     0    52     1     3
  1.3117683462253860E-01 a      1024     0    52     1     4
 -7.7357836696858112E-02 a      1025     0    52     1     5
 -5.2407008467819392E-02 a      1026     0    52     1     6
  2.4633224394913519E-01 a      1027     0    52     1     7
 -1.4916732386994194E-01 a      1028     0    52     1     8
 -1.4627004763956541E-01 a      1029     0    52     1     9
 -1.6939815755678229E-02 a      1030     0    52     1    10
 -8.0205333005253954E-02 a      1031     0    52     1    11
  5.9909513323694152E-02 a      1032     0    52     1    12
  6.8740730582472279E-02 a      1033     0    52     1    13
  8.8931113913865198E-02 a      1034     0    52     1    14
 -5.8581279081686137E-02 a      1035     0    52     1    15
  2.2599502092365076E-01 a      1036     0    52     1    16
 -2.8075996982262208E-01 a      1037     0    52     1    17
 -2.1132132699670933E-01 a      1038     0    52     1    18
 -1.0543709049857879E-01 a      1039     0    52     1    19
 -2.3956698526735789E-03 a      1040     0    52     1    20
 -1.0091150439465130E-01 a      1041     0    53     1     1
 -1.9719323343333178E-01 a      1042     0    53     1     2
  1.5775403789645107E-02 a      1043     0    53     1     3
  1.1740626225513856E-01 a      1044     0    53     1     4
 -1.6951668590268914E-03 a      1045     0    53     1     5
  2.2213905323406230E-01 a      1046     0    53     1     6
  1.8898324298964356E-01 a      1047     0    53     1     7
  5.2113990743399598E-02 a      1048     0    53     1     8
 -6.2550906919453947E-02 a      1049     0    53     1     9
 -8.3133339458871414E-02 a      1050     0    53     1    10
 -3.5194391748086730E-02 a      1051     0    53     1    11
 -1.6794295036125625E-01 a      1052     0    53     1    12
 -1.9560932811490589E-01 a      1053     0    53     1    13
 -9.4701376475461382E-02 a      1054     0    53     1    14
 -1.4207183109213707E-02 a      1055     0    53     1    15
  1.6751193253187890E-01 a      1056     0    53     1    16
  5.6309070959326434E-02 a      1057     0    53     1    17
 -3.1146136958635695E-01 a      1058     0    53     1    18
  4.4066038630664703E-02 a      1059     0    53     1    19
 -5.4906306985920549E-02 a      1060     0    53     1    20
  1.4266140571870586E-01 a      1061     0    54     1     1
 -4.8546893438094436E-02 a      1062     0    54     1     2
  1.3522678070223715E-01 a      1063     0    54     1     3
  1.5688166377996021E-01 a      1064     0    54     1     4
 -1.6728070393043153E-03 a      1065     0    54     1     5
  1.2322001295534525E-02 a      1066     0    54     1     6
  4.3198426664021149E-02 a      1067     0    54     1     7
  9.2403290815699382E-02 a      1068     0    54     1     8
 -3.8501648666408671E-02 a      1069     0    54     1     9
  4.8397542436656345E-02 a      1070     0    54     1    10
 -3.3717092885338945E-01 a      1071     0    54     1    11
  1.4092281634665285E-01 a      1072     0    54     1    12
  6.8847918492156629E-02 a      1073     0    54     1    13
  1.9393212432853268E-01 a      1074     0    54     1    14
  1.6973084198730265E-01 a      1075     0    54     1    15
 -6.8384302313871423E-02 a      1076     0    54     1    16
  1.9617425025838096E-02 a      1077     0    54     1    17
  1.4908794543258769E-01 a      1078     0    54     1    18
 -9.3336222266609134E-02 a      1079     0    54     1    19
  2.4675148953998957E-01 a      1080     0    54     1    20
 -1.9556483812568018E-01 b      1081     1     1
  3.3705364965545458E-02 b      1082     1     2
  3.3471246457934895E-01 b      1083     1     3
  6.3434753938177602E-01 b      1084     1     4
  1.4457149488777543E+00 b      1085     1     5
  1.4869292925393154E+00 b      1086     1     6
 -3.5868781848548736E-01 b      1087     1     7
 -5.2584556891688269E-02 b      1088     1     8
  1.2244882376281148E+00 b      1089     1     9
  1.2272177487781255E+00 b      1090     1    10
  1.6242484248033634E-01 b      1091     1    11
  8.6496789884772149E-02 b      1092     1    12
  1.2817839901244794E+00 b      1093     1    13
  8.9473378608174892E-02 b      1094     1    14
 -2.4106954669497144E-01 b      1095     1    15
  1.4493211542118558E+00 b      1096     1    16
  1.0651789956199531E+00 b      1097     1    17
 -1.5072522069123493E+00 b      1098     1    18
 -1.0538034069069691E+00 b      1099     1    19
  1.6906108074531639E-01 b      1100     1    20
  2.3570680253480800E-01 a      1101     1     1     2     1
 -3.7531415920150135E-01 a      1102     1     1     2     2
  1.7231803695827597E-02 a      1103     1     1     2     3
  5.0887276402237636E-01 a      1104     1     1     2     4
  8.1990492341425650E-02 a      1105     1     1     2     5
  4.4700213702365021E-01 a      1106     1     1     2     6
  1.4554707479722279E-01 a      1107     1     1     2     7
 -4.5026738835493012E-02 a      1108     1     1     2     8
 -3.8908035002316638E-01 a      1109     1     1     2     9
 -3.0377706228249324E-01 a      1110     1     1     2    10
 -4.5435601515089402E-01 a      1111     1     1     2    11
  5.9173286868060848E-01 a      1112     1     1     2    12
 -7.1431709594103410E-01 a      1113     1     1     2    13
  1.0620131043377688E-01 a      1114     1     1     2    14
  3.7569167608693077E-01 a      1115     1     1     2    15
  1.5352393431808045E-01 a      1116     1     1     2    16
 -4.3185531328663895E-01 a      1117     1     1     2    17
 -4.5162865542726127E-01 a      1118     1     1     2    18
  4.9078082004303175E-01 a      1119     1     1     2    19
 -3.4227584293991997E-01 a      1120     1     1     2    20
 -4.6177456044178561E-01 a      1121     1     2     2     1
  8.2571882584286327E-02 a      1122     1     2     2     2
  4.7848587834191125E-01 a      1123     1     2     2     3
 -1.8052461401149048E-01 a      1124     1     2     2     4
  2.6403629320934446E-01 a      1125     1     2     2     5
 -3.7425464496882660E-01 a      1126     1     2     2     6
 -3.9129807997388216E-02 a      1127     1     2     2     7
 -3.2585200947746978E-01 a      1128     1     2     2     8
  4.5799894157490095E-01 a      1129     1     2     2     9
 -3.1789091984022061E-01 a      1130     1     2     2    10
  2.5503038347161183E-01 a      1131     1     2     2    11
 -4.0010024934094590E-01 a      1132     1     2     2    12
  7.0966932086005297E-01 a      1133     1     2     2    13
  2.2961387891275140E-01 a      1134     1     2     2    14
 -1.3088767395394296E-01 a      1135     1     2     2    15
  5.0400775924683683E-01 a      1136     1     2     2    16
  5.6757710048742838E-01 a      1137     1     2     2    17
 -4.1856025494104576E-01 a      1138     1     2     2    18
 -6.3194283677674012E-01 a      1139     1     2     2    19
 -2.6003608961157171E-01 a      1140     1     2     2    20
  1.1925074869293967E-01 a      1141     1     3     2     1
 -4.2921533502155279E-01 a      1142     1     3     2     2
 -2.3126994632496919E-01 a      1143     1     3     2     3
 -2.8603646236561053E-01 a      1144     1     3     2     4
 -7.7699033216785596E-01 a      1145     1     3     2     5
  4.9240786059519570E-01 a      1146     1     3     2     6
  6.4921840473502856E-01 a      1147     1     3     2     7
 -4.1349109784657012E-01 a      1148     1     3     2     8
 -3.6585589285418568E-01 a      1149     1     3     2     9
 -3.7984547591269876E-03 a      1150     1     3     2    10
  1.9035329460142458E-01 a      1151     1     3     2    11
  1.8595257213359900E-01 a      1152     1     3     2    12
  3.1375710394479162E-01 a      1153     1     3     2    13
  4.9392953332517342E-01 a      1154     1     3     2    14
 -1.0169439610678738E-01 a      1155     1     3     2    15
  2.8220379423286712E-01 a      1156     1     3     2    16
  3.6245255568708745E-01 a      1157     1     3     2    17
  5.0505932207685367E-01 a      1158     1     3     2    18
  5.7714834809658078E-01 a      1159     1     3     2    19
  4.3904167291233679E-03 a      1160     1     3     2    20
 -3.0878460965753061E-02 a      1161     1     4     2     1
  1.1306370998266607E-01 a      1162     1     4     2     2
 -3.2043620525334715E-01 a      1163     1     4     2     3
  8.2541566013433321E-02 a      1164     1     4     2     4
  2.0604501023800034E-01 a      1165     1     4     2     5
 -2.2611664496878188E-02 a      1166     1     4     2     6
 -1.9653271064330374E-01 a      1167     1     4     2     7
 -6.1946427897078371E-01 a      1168     1     4     2     8
 -5.3062536253431181E-01 a      1169     1     4     2     9
 -1.6491522324761848E-01 a      1170     1     4     2    10
 -7.6490484910189657E-02 a      1171     1     4     2    11
 -1.4027450636310879E-01 a      1172     1     4     2    12
 -4.7868711873491682E-01 a      1173     1     4     2    13
  5.9523676431979677E-01 a      1174     1     4     2    14
 -1.0265674535543211E-01 a      1175     1     4     2    15
  6.6147793339986860E-01 a      1176     1     4     2    16
 -1.1431616920105964E-01 a      1177     1     4     2    17
 -1.6484682076510654E-01 a      1178     1     4     2    18
 -8.7550402444279390E-02 a      1179     1     4     2    19
  4.1892522339811650E-01 a      1180     1     4     2    20
 -5.6991384650574917E-01 a      1181     1     5     2     1
 -1.7046868110631705E-01 a      1182     1     5     2     2
 -3.5636034511312326E-01 a      1183     1     5     2     3
  3.0993786155354580E-01 a      1184     1     5     2     4
  3.0636007532959159E-01 a      1185     1     5     2     5
  2.9759955294846574E-01 a      1186     1     5     2     6
 -3.3966422094998405E-01 a      1187     1     5     2     7
  1.6339665231657230E-01 a      1188     1     5     2     8
 -3.2385901441364007E-01 a      1189     1     5     2     9
  4.5799319183461951E-01 a      1190     1     5     2    10
  4.2736042241166206E-01 a      1191     1     5     2    11
  5.6438687537642107E-01 a      1192     1     5     2    12
  3.6547722366740326E-01 a      1193     1     5     2    13
  2.7885758211776474E-01 a      1194     1     5     2    14
  2.6073316755771003E-04 a      1195     1     5     2    15
 -1.3875638542054150E-01 a      1196     1     5     2    16
 -3.7155499645902329E-01 a      1197     1     5     2    17
 -4.6628294949759186E-01 a      1198     1     5     2    18
  2.1068017253310639E-01 a      1199     1     5     2    19
  1.1658444988150544E-01 a      1200     1     5     2    20
  3.1807870451132708E-01 a      1201     1     6     2     1
  4.4501772270880541E-01 a      1202     1     6     2     2
  1.6908236197098483E-01 a      1203     1     6     2     3
  3.2752493142161598E-01 a      1204     1     6     2     4
 -6.5217341215007829E-02 a      1205     1     6     2     5
 -3.4900694456553499E-01 a      1206     1     6     2     6
 -4.7230631702660086E-01 a      1207     1     6     2     7
  1.0334308108776466E-01 a      1208     1     6     2     8
 -2.4541576482686206E-01 a      1209     1     6     2     9
  2.7711803098079901E-01 a      1210     1     6     2    10
  1.3412755278619837E-01 a      1211     1     6     2    11
  3.1090685595740913E-01 a      1212     1     6     2    12
  3.8124105270964609E-01 a      1213     1     6     2    13
  6.2202303437591910E-01 a      1214     1     6     2    14
 -8.6477662818207846E-02 a      1215     1     6     2    15
  3.6817745296584448E-01 a      1216     1     6     2    16
  3.2170033262450257E-02 a      1217     1     6     2    17
  8.0585911436878918E-02 a      1218     1     6     2    18
 -4.1320291399151915E-01 a      1219     1     6     2    19
  4.2521250214231154E-01 a      1220     1     6     2    20
  6.2400506917571075E-01 a      1221     1     7     2     1
  1.8695902044087786E-02 a      1222     1     7     2     2
 -4.9349535809787126E-01 a      1223     1     7     2     3
  2.3485870338829920E-01 a      1224     1     7     2     4
 -6.2885243475287411E-01 a      1225     1     7     2     5
  3.3380969512890374E-01 a      1226     1     7     2     6
  4.2418971155416879E-01 a      1227     1     7     2     7
 -3.7208430154807411E-02 a      1228     1     7     2     8
 -3.4222441227608291E-01 a      1229     1     7     2     9
  3.2833770990716632E-01 a      1230     1     7     2    10
  2.0106358924944367E-01 a      1231     1     7     2    11
 -4.1544322952280116E-01 a      1232     1     7     2    12
  8.5917139990065983E-01 a      1233     1     7     2    13
  1.1222644878614117E-01 a      1234     1     7     2    14
 -1.0689823182879721E-02 a      1235     1     7     2    15
  5.4180052107734869E-02 a      1236     1     7     2    16
 -9.3696067428018753E-02 a      1237     1     7     2    17
  4.6911754182266940E-01 a      1238     1     7     2    18
 -3.7811362559537237E-01 a      1239     1     7     2    19
  5.9171835164879705E-01 a      1240     1     7     2    20
 -4.1140592400704679E-01 a      1241     1     8     2     1
 -1.9534064707955240E-01 a      1242     1     8     2     2
  2.3516585960105002E-01 a      1243     1     8     2     3
  2.1437688474728769E-01 a      1244     1     8     2     4
  2.5822620589862078E-01 a      1245     1     8     2     5
  3.2404499196186604E-01 a      1246     1     8     2     6
  5.6247729719914286E-01 a      1247     1     8     2     7
  2.9313469723962449E-01 a      1248     1     8     2     8
  1.5719997411646546E-02 a      1249     1     8     2     9
 -3.8761388822929793E-01 a      1250     1     8     2    10
 -2.8267666475946619E-02 a      1251     1     8     2    11
  2.8783716358603706E-01 a      1252     1     8     2    12
 -3.8229654510453424E-02 a      1253     1     8     2    13
  8.1396995236742056E-02 a      1254     1     8     2    14
 -6.7027374661005445E-02 a      1255     1     8     2    15
 -5.0387985821796677E-01 a      1256     1     8     2    16
 -2.3986567975041911E-01 a      1257     1     8     2    17
 -1.0330162495448863E-02 a      1258     1     8     2    18
 -2.2602336178222787E-01 a      1259     1     8     2    19
 -6.2742889722584172E-01 a      1260     1     8     2    20
 -1.5391975654877046E-01 a      1261     1     9     2     1
  1.1675101142468146E-01 a      1262     1     9     2     2
  2.8118660884141050E-01 a      1263     1     9     2     3
 -2.5361514016908074E-02 a      1264     1     9     2     4
  4.7501877177517179E-02 a      1265     1     9     2     5
  6.0329117679196209E-01 a      1266     1     9     2     6
  3.0235544932101110E-01 a      1267     1     9     2     7
  4.7108332559980648E-01 a      1268     1     9     2     8
 -3.8801470136733818E-01 a      1269     1     9     2     9
  2.4255730420310301E-01 a      1270     1     9     2    10
 -3.0921327714557661E-01 a      1271     1     9     2    11
 -2.3714289002035960E-01 a      1272     1     9     2    12
  2.2152746640342477E-01 a      1273     1     9     2    13
 -1.7324332113086721E-01 a      1274     1     9     2    14
  5.0638089273026110E-01 a      1275     1     9     2    15
 -1.8703599096228093E-01 a      1276     1     9     2    16
  3.2258762132638630E-01 a      1277     1     9     2    17
 -2.6973143337739219E-01 a      1278     1     9     2    18
 -2.9119716075972529E-01 a      1279     1     9     2    19
 -2.7044162528724136E-01 a      1280     1     9     2    20
 -7.7149960720829927E-02 a      1281     1    10     2     1
  1.4820652197810300E-01 a      1282     1    10     2     2
  6.3180476624435274E-03 a      1283     1    10     2     3
 -3.2053478190698803E-01 a      1284     1    10     2     4
 -9.3603824363120883E-02 a      1285     1    10     2     5
 -2.9536674327983681E-01 a      1286     1    10     2     6
  8.8860541777219942E-02 a      1287     1    10     2     7
  1.8383933870091454E-01 a      1288     1    10     2     8
 -6.6733001555038682E-02 a      1289     1    10     2     9
  4.3767843699103270E-01 a      1290     1    10     2    10
  5.3638694592770508E-01 a      1291     1    10     2    11
  1.8982569572974731E-02 a      1292     1    10     2    12
 -1.6084191514134680E-01 a      1293     1    10     2    13
  3.6786259444386310E-01 a      1294     1    10     2    14
 -2.6027305617848168E-01 a      1295     1    10     2    15
  4.3488826650964113E-01 a      1296     1    10     2    16
  3.7259528016427529E-01 a      1297     1    10     2    17
 -4.0804644881576174E-01 a      1298     1    10     2    18
 -3.4719572299295842E-01 a      1299     1    10     2    19
 -1.5077713028700754E-01 a      1300     1    10     2    20
 -8.0544855279696320E-02 a      1301     1    11     2     1
  1.1938227833450664E-01 a      1302     1    11     2     2
  4.6582234414482049E-01 a      1303     1    11     2     3
 -5.1565613011135422E-02 a      1304     1    11     2     4
 -2.7364705541412204E-01 a      1305     1    11     2     5
  2.6711355515322173E-02 a      1306     1    11     2     6
  4.3329384777767188E-01 a      1307     1    11     2     7
 -3.8856834285638069E-03 a      1308     1    11     2     8
 -2.7205886958270226E-01 a      1309     1    11     2     9
 -1.4512390024719907E-01 a      1310     1    11     2    10
 -2.9387115667267300E-01 a      1311     1    11     2    11
 -7.4466033676823052E-03 a      1312     1    11     2    12
 -4.7426627278983885E-01 a      1313     1    11     2    13
  4.0738978501725376E-01 a      1314     1    11     2    14
 -3.6005845453442692E-01 a      1315     1    11     2    15
 -5.0765899133248449E-01 a      1316     1    11     2    16
 -5.6463513860994297E-01 a      1317     1    11     2    17
 -5.5334945652839851E-01 a      1318     1    11     2    18
 -1.9784349484133940E-01 a      1319     1    11     2    19
 -5.4063411775633827E-02 a      1320     1    11     2    20
  1.2562891893845032E-01 a      1321     1    12     2     1
  3.0382003867626445E-01 a      1322     1    12     2     2
 -8.1225206218253088E-01 a      1323     1    12     2     3
  1.5622434383175493E-01 a      1324     1    12     2     4
  5.6503588338801614E-01 a      1325     1    12     2     5
  1.0933755079842356E-01 a      1326     1    12     2     6
  6.2496328177575400E-01 a      1327     1    12     2     7
  2.0586184230706592E-01 a      1328     1    12     2     8
 -3.3641514575574333E-01 a      1329     1    12     2     9
  2.3064571575857989E-01 a      1330     1    12     2    10
 -5.7509607078298763E-01 a      1331     1    12     2    11
  1.0094465020768746E-01 a      1332     1    12     2    12
 -9.3624347963980736E-03 a      1333     1    12     2    13
 -4.0633334698543033E-01 a      1334     1    12     2    14
  4.7443519973021142E-01 a      1335     1    12     2    15
 -5.0114251239398144E-01 a      1336     1    12     2    16
 -4.1132263605757696E-01 a      1337     1    12     2    17
  4.6106613510530442E-01 a      1338     1    12     2    18
 -1.0605789802657883E-01 a      1339     1    12     2    19
  1.9255592616983871E-01 a      1340     1    12     2    20
 -1.1725338934644489E-01 a      1341     1    13     2     1
  6.3704565471914082E-02 a      1342     1    13     2     2
  5.1072108367374514E-01 a      1343     1    13     2     3
 -2.2178516899380388E-01 a      1344     1    13     2     4
  3.6504711881275942E-01 a      1345     1    13     2     5
 -1.6358430920035522E-01 a      1346     1    13     2     6
 -2.2620705798749551E-02 a      1347     1    13     2     7
 -4.6939314198313870E-01 a      1348     1    13     2     8
  2.6348988835279386E-01 a      1349     1    13     2     9
  5.7253108571604017E-01 a      1350     1    13     2    10
  4.7938421423060484E-01 a      1351     1    13     2    11
 -2.2369788189050102E-01 a      1352     1    13     2    12
  4.3281066387212858E-01 a      1353     1    13     2    13
  6.7604759646479384E-01 a      1354     1    13     2    14
 -6.0704048339666294E-01 a      1355     1    13     2    15
  6.5642288717464869E-01 a      1356     1    13     2    16
  3.9275803161081441E-01 a      1357     1    13     2    17
  2.4877756021069902E-01 a      1358     1    13     2    18
 -4.1341156208798696E-01 a      1359     1    13     2    19
  5.4876996375936093E-01 a      1360     1    13     2    20
 -6.3362487178647808E-01 a      1361     1    14     2     1
  3.6800925226744796E-01 a      1362     1    14     2     2
  4.2689598680021934E-01 a      1363     1    14     2     3
 -5.7609723298142101E-01 a      1364     1    14     2     4
 -1.7239378896759439E-01 a      1365     1    14     2     5
  3.7405121766975497E-01 a      1366     1    14     2     6
  1.4132883142173874E-02 a      1367     1    14     2     7
 -1.4929169219035154E-01 a      1368     1    14     2     8
 -3.9269221290179129E-01 a      1369     1    14     2     9
 -3.9699366568940947E-01 a      1370     1    14     2    10
  2.9356410021006923E-01 a      1371     1    14     2    11
 -3.9849474784592565E-01 a      1372     1    14     2    12
  3.8416777991986478E-01 a      1373     1    14     2    13
 -3.0155693641385073E-01 a      1374     1    14     2    14
 -2.9929369228647495E-01 a      1375     1    14     2    15
 -1.0205128313256061E-01 a      1376     1    14     2    16
  4.2431796670026306E-02 a      1377     1    14     2    17
 -6.5528431785368968E-01 a      1378     1    14     2    18
 -6.8176994096708921E-01 a      1379     1    14     2    19
  2.0100416349116526E-01 a      1380     1    14     2    20
  5.6991810910201057E-01 a      1381     1    15     2     1
 -5.8303255672253107E-01 a      1382     1    15     2     2
  3.2565374593063456E-01 a      1383     1    15     2     3
  5.0985083737450387E-01 a      1384     1    15     2     4
 -8.7190030628220150E-01 a      1385     1    15     2     5
  1.3380826923540262E-01 a      1386     1    15     2     6
  1.7168286206562561E-01 a      1387     1    15     2     7
 -2.6505224717949344E-01 a      1388     1    15     2     8
  1.0658195936718633E-01 a      1389     1    15     2     9
 -5.3138212475343871E-01 a      1390     1    15     2    10
  2.0088670008526574E-01 a      1391     1    15     2    11
  5.7030487114832239E-02 a      1392     1    15     2    12
 -1.3940454419847975E-01 a      1393     1    15     2    13
  6.9335961113335687E-01 a      1394     1    15     2    14
  3.8879960768825667E-01 a      1395     1    15     2    15
 -5.3960209331907250E-01 a      1396     1    15     2    16
 -2.8799046267271045E-01 a      1397     1    15     2    17
 -4.7655048609969686E-01 a      1398     1    15     2    18
  2.1232546072913375E-01 a      1399     1    15     2    19
 -5.1721258570806694E-01 a      1400     1    15     2    20
 -2.6695058828187224E-01 a      1401     1    16     2     1
 -3.8933832097641452E-01 a      1402     1    16     2     2
 -2.3903259614533356E-01 a      1403     1    16     2     3
  3.0846446769231545E-01 a      1404     1    16     2     4
 -1.7421213583872341E-01 a      1405     1    16     2     5
 -4.2077874358059714E-01 a      1406     1    16     2     6
  6.0941095639623036E-02 a      1407     1    16     2     7
  4.8119938091395481E-01 a      1408     1    16     2     8
  6.8252773643302356E-01 a      1409     1    16     2     9
  4.0039409984917002E-01 a      1410     1    16     2    10
 -4.5625704940472084E-01 a      1411     1    16     2    11
 -1.8912385500115675E-01 a      1412     1    16     2    12
  4.0526378832785703E-01 a      1413     1    16     2    13
  3.3070780253160947E-01 a      1414     1    16     2    14
  3.3522140002481399E-01 a      1415     1    16     2    15
 -7.9189598583878446E-02 a      1416     1    16     2    16
  4.2761903208462826E-01 a      1417     1    16     2    17
 -5.4948974514885979E-02 a      1418     1    16     2    18
  5.1854727788756107E-03 a      1419     1    16     2    19
  5.9030806291520876E-01 a      1420     1    16     2    20
  2.3899752125178791E-01 a      1421     1    17     2     1
 -3.9776595348017885E-01 a      1422     1    17     2     2
  7.2411287304784522E-02 a      1423     1    17     2     3
 -4.6998351182463394E-01 a      1424     1    17     2     4
  5.2331431397083517E-01 a      1425     1    17     2     5
 -7.1860847780751913E-02 a      1426     1    17     2     6
  3.1310494162959690E-01 a      1427     1    17     2     7
 -5.5633002024770051E-01 a      1428     1    17     2     8
 -2.2394817371990053E-01 a      1429     1    17     2     9
  4.8034253324331855E-01 a      1430     1    17     2    10
 -3.8175202549614518E-01 a      1431     1    17     2    11
 -4.8220875084893089E-01 a      1432     1    17     2    12
 -1.0562094663688300E-01 a      1433     1    17     2    13
 -1.8014466064653512E-01 a      1434     1    17     2    14
 -4.7209005216469524E-01 a      1435     1    17     2    15
 -2.1796033546184082E-01 a      1436     1    17     2    16
 -3.5606496878518462E-01 a      1437     1    17     2    17
  2.3357095949807893E-01 a      1438     1    17     2    18
 -1.2778588261471346E-01 a      1439     1    17     2    19
 -8.8012214021351551E-02 a      1440     1    17     2    20
  5.7947932170970662E-01 a      1441     1    18     2     1
  2.4151736662004197E-01 a      1442     1    18     2     2
  1.8846412686544226E-01 a      1443     1    18     2     3
  1.0198081470075207E-02 a      1444     1    18     2     4
  8.2252437331467986E-03 a      1445     1    18     2     5
  2.0809883185081426E-01 a      1446     1    18     2     6
  6.7255355163883968E-01 a      1447     1    18     2     7
  2.8848316069530058E-02 a      1448     1    18     2     8
 -5.2553902246939888E-01 a      1449     1    18     2     9
  1.2770347604857951E-01 a      1450     1    18     2    10
 -4.1228715126079296E-01 a      1451     1    18     2    11
 -3.6372483060180316E-01 a      1452     1    18     2    12
 -5.7677969818399299E-01 a      1453     1    18     2    13
  1.9056195911769669E-01 a      1454     1    18     2    14
  3.6555485402444998E-01 a      1455     1    18     2    15
 -1.6564288710311106E-01 a      1456     1    18     2    16
 -5.0991955212668683E-01 a      1457     1    18     2    17
  1.9237582615475751E-01 a      1458     1    18     2    18
 -5.4829081967680393E-01 a      1459     1    18     2    19
 -4.9633069398186774E-01 a      1460     1    18     2    20
  1.1806125080560716E-01 a      1461     1    19     2     1
 -2.4943431547327380E-01 a      1462     1    19     2     2
 -3.4043267805275401E-01 a      1463     1    19     2     3
 -2.5218449593088688E-01 a      1464     1    19     2     4
  4.7084386843703774E-01 a      1465     1    19     2     5
  5.6068008703815075E-01 a      1466     1    19     2     6
  2.1500428026830304E-01 a      1467     1    19     2     7
  5.1757727632780604E-01 a      1468     1    19     2     8
 -1.1986564237093071E-01 a      1469     1    19     2     9
  6.3123748733201157E-01 a      1470     1    19     2    10
 -3.3178623377203298E-01 a      1471     1    19     2    11
  4.1424675061984462E-01 a      1472     1    19     2    12
 -2.0026809759571498E-01 a      1473     1    19     2    13
  7.1641514519651853E-02 a      1474     1    19     2    14
  6.9263053675129216E-01 a      1475     1    19     2    15
 -4.7260512935015653E-01 a      1476     1    19     2    16
 -3.3103916119780791E-01 a      1477     1    19     2    17
 -3.4594297281244407E-01 a      1478     1    19     2    18
 -5.3643231061711330E-02 a      1479     1    19     2    19
 -4.5800470954122369E-01 a      1480     1    19     2    20
  1.0013243047887592E-01 a      1481     1    20     2     1
  1.8667734061598304E-01 a      1482     1    20     2     2
 -5.7910128650277282E-01 a      1483     1    20     2     3
  3.8484476518586536E-01 a      1484     1    20     2     4
 -2.3348259257430015E-01 a      1485     1    20     2     5
 -6.9414506641169571E-01 a      1486     1    20     2     6
 -2.2599099765829095E-01 a      1487     1    20     2     7
  6.2627209602683587E-01 a      1488     1    20     2     8
  4.9722553112209800E-01 a      1489     1    20     2     9
 -1.9663513954378320E-01 a      1490     1    20     2    10
  4.2431345479516790E-02 a      1491     1    20     2    11
 -3.3497767199333828E-01 a      1492     1    20     2    12
  1.4021010638447092E-02 a      1493     1    20     2    13
  1.6453888049028040E-01 a      1494     1    20     2    14
  5.6754739594852655E-01 a      1495     1    20     2    15
  2.6393238662858926E-01 a      1496     1    20     2    16
 -3.8440152427300101E-01 a      1497     1    20     2    17
  1.9376498092579136E-01 a      1498     1    20     2    18
 -2.1371836175888589E-01 a      1499     1    20     2    19
  4.9975849636983427E-01 a      1500     1    20     2    20
  1.0783405790611951E-01 b      1501     2     1
  5.2417014871600709E-01 b      1502     2     2
  4.3754518757480637E-01 b      1503     2     3
 -1.6683473144066758E+00 b      1504     2     4
  1.0894825668918162E+00 b      1505     2     5
  3.0165721271183082E-01 b      1506     2     6
 -5.8014059118376282E-01 b      1507     2     7
 -4.4566350024867146E-01 b      1508     2     8
  1.3955344485521786E+00 b      1509     2     9
  1.4419306891033232E+00 b      1510     2    10
  1.2212699059369949E+00 b      1511     2    11
  6.5352875708136993E-01 b      1512     2    12
  2.3672178866147187E-01 b      1513     2    13
 -7.2001503967493818E-01 b      1514     2    14
 -3.8642417479027968E-01 b      1515     2    15
  1.2806435979922008E+00 b      1516     2    16
  7.3779703514072326E-01 b      1517     2    17
  6.0337719428127184E-02 b      1518     2    18
 -1.3805136455118347E-01 b      1519     2    19
 -1.2975594731735007E-01 b      1520     2    20
  5.1459732839430328E-01 a      1521     2     1     3     1
 -6.4460414221970386E-01 a      1522     2     2     3     1
  4.8895671381449179E-02 a      1523     2     3     3     1
  9.2553117153735265E-01 a      1524     2     4     3     1
  6.1683516364981184E-01 a      1525     2     5     3     1
 -2.3820140560365166E-01 a      1526     2     6     3     1
 -2.8342099946822435E-01 a      1527     2     7     3     1
 -8.7953426630794640E-02 a      1528     2     8     3     1
 -6.6401066735279834E-01 a      1529     2     9     3     1
 -8.5099113597390252E-01 a      1530     2    10     3     1
 -7.1968021227042334E-01 a      1531     2    11     3     1
 -3.3795654910429679E-01 a      1532     2    12     3     1
 -1.4207569651118168E+00 a      1533     2    13     3     1
 -6.2491236729165811E-01 a      1534     2    14     3     1
 -3.9145657403869294E-01 a      1535     2    15     3     1
 -1.1011086588066232E+00 a      1536     2    16     3     1
 -1.2052778705574114E+00 a      1537     2    17     3     1
  1.3459287066164763E-02 a      1538     2    18     3     1
 -3.8673644826609116E-01 a      1539     2    19     3     1
 -1.7114789136516478E-01 a      1540     2    20     3     1
  7.6994945595222034E-02 b      1541     3     1
