################################################################################
# Neural network connection values (weights and biases).
################################################################################
# Col  Name       Description
################################################################################
# 1    connection Neural network connection value.
# 2    t          Connection type (a = weight, b = bias).
# 3    index      Index enumerating weights.
# 4    l_s        Starting point layer (end point layer for biases).
# 5    n_s        Starting point neuron in starting layer (end point neuron for biases).
# 6    l_e        End point layer.
# 7    n_e        End point neuron in end layer.
################################################################################
#                      1 2         3     4     5     6     7
#             connection t     index   l_s   n_s   l_e   n_e
############################################################
  2.1781749673072937E-01 a         1     0     1     1     1
 -1.1042464244725961E-01 a         2     0     1     1     2
  2.5267295960652447E-01 a         3     0     1     1     3
 -2.6524490111889804E-01 a         4     0     1     1     4
  8.2687979829619326E-02 a         5     0     1     1     5
 -1.8805821300645129E-01 a         6     0     1     1     6
  3.3748529630089091E-01 a         7     0     1     1     7
  5.7770730033562989E-01 a         8     0     1     1     8
 -1.2793395059932444E-01 a         9     0     1     1     9
  2.4438334578758619E-01 a        10     0     1     1    10
  2.2512740724221969E-01 a        11     0     1     1    11
  9.9896649993073794E-02 a        12     0     1     1    12
 -4.2899495273092746E-02 a        13     0     1     1    13
 -4.4672713279733206E-01 a        14     0     1     1    14
  3.7588913613431335E-01 a        15     0     1     1    15
 -1.1142843553400066E-01 a        16     0     1     1    16
 -8.9248803230582818E-02 a        17     0     1     1    17
  6.7651946216698872E-02 a        18     0     1     1    18
 -1.5013419634799581E-02 a        19     0     1     1    19
 -3.1174448108294919E-02 a        20     0     1     1    20
  8.8205148283426755E-03 a        21     0     2     1     1
 -5.3323711367281677E-03 a        22     0     2     1     2
  4.1937807609839055E-02 a        23     0     2     1     3
  9.4882528349626835E-02 a        24     0     2     1     4
 -4.1193356685260286E-02 a        25     0     2     1     5
  1.5569095514458758E-01 a        26     0     2     1     6
 -2.2023566570352290E-01 a        27     0     2     1     7
  2.3169628551247840E-02 a        28     0     2     1     8
 -1.5768935387113114E-01 a        29     0     2     1     9
 -2.5211539751387191E-01 a        30     0     2     1    10
  7.3870184635348987E-02 a        31     0     2     1    11
  1.8868934839719190E-01 a        32     0     2     1    12
  2.0001504930781545E-02 a        33     0     2     1    13
  8.5789123947908261E-02 a        34     0     2     1    14
 -2.5118847886349394E-01 a        35     0     2     1    15
 -2.3874647020387652E-01 a        36     0     2     1    16
 -4.3912152674995097E-02 a        37     0     2     1    17
  1.2592758640586418E-01 a        38     0     2     1    18
  9.0150040303644846E-02 a        39     0     2     1    19
 -3.2642567499627984E-01 a        40     0     2     1    20
  1.2814945510418477E-01 a        41     0     3     1     1
  3.0687756464673205E-01 a        42     0     3     1     2
 -4.7345787026106180E-02 a        43     0     3     1     3
  3.0257746764299576E-01 a        44     0     3     1     4
 -1.3775696208578461E-01 a        45     0     3     1     5
 -1.1498225509607272E-01 a        46     0     3     1     6
 -8.9564077205981137E-03 a        47     0     3     1     7
  1.8024366784467938E-01 a        48     0     3     1     8
 -3.0415184617249815E-02 a        49     0     3     1     9
 -7.5122199944676171E-02 a        50     0     3     1    10
  9.6601320681156774E-02 a        51     0     3     1    11
 -3.0679948434964377E-01 a        52     0     3     1    12
  2.2698964144968269E-02 a        53     0     3     1    13
 -1.4072286041389068E-01 a        54     0     3     1    14
  2.0842137803202987E-01 a        55     0     3     1    15
  1.6153703398349445E-01 a        56     0     3     1    16
  2.0361166174856923E-01 a        57     0     3     1    17
 -1.9629002820231234E-01 a        58     0     3     1    18
 -1.7890518720945092E-01 a        59     0     3     1    19
  5.6294423525646585E-02 a        60     0     3     1    20
 -2.7393909544811686E-02 a        61     0     4     1     1
 -3.5069187955778743E-02 a        62     0     4     1     2
 -2.7376101729679686E-01 a        63     0     4     1     3
  1.9944540632739127E-01 a        64     0     4     1     4
 -1.3728546099659100E-01 a        65     0     4     1     5
 -5.0177115160592567E-01 a        66     0     4     1     6
 -3.5133339551017967E-01 a        67     0     4     1     7
  9.5056462166911715E-02 a        68     0     4     1     8
 -3.5511867229805055E-01 a        69     0     4     1     9
 -3.8416077979892155E-01 a        70     0     4     1    10
 -4.1444475638958345E-01 a        71     0     4     1    11
 -1.5301597691333155E-01 a        72     0     4     1    12
  6.3920050535401767E-03 a        73     0     4     1    13
  6.8872013635326523E-01 a        74     0     4     1    14
 -2.8816596647631681E-01 a        75     0     4     1    15
 -9.0090825021375665E-01 a        76     0     4     1    16
 -2.0934224211326791E-02 a        77     0     4     1    17
 -5.3882472666237513E-01 a        78     0     4     1    18
 -3.5072077856237277E-01 a        79     0     4     1    19
  1.0849334361298060E-01 a        80     0     4     1    20
 -1.6094166332235338E-01 a        81     0     5     1     1
 -7.6136063945688573E-02 a        82     0     5     1     2
  3.6761643362368657E-01 a        83     0     5     1     3
 -1.1311536607324343E-01 a        84     0     5     1     4
  8.0806226517367546E-02 a        85     0     5     1     5
  3.0287943935270523E-01 a        86     0     5     1     6
  3.3818187239438369E-01 a        87     0     5     1     7
  2.3573968974328485E-01 a        88     0     5     1     8
  3.8547303346256140E-01 a        89     0     5     1     9
  1.0097728528551986E-01 a        90     0     5     1    10
 -2.3040869448094421E-02 a        91     0     5     1    11
 -7.2322868116262040E-02 a        92     0     5     1    12
  2.6345390555884901E-01 a        93     0     5     1    13
 -3.9320721867238284E-02 a        94     0     5     1    14
  4.7094555895902618E-01 a        95     0     5     1    15
  4.4762156678107956E-01 a        96     0     5     1    16
 -3.4388484854380903E-02 a        97     0     5     1    17
 -1.9812110280641018E-01 a        98     0     5     1    18
  1.2510725746714629E-01 a        99     0     5     1    19
  3.2976382322195942E-02 a       100     0     5     1    20
  3.4693611377468053E-01 a       101     0     6     1     1
 -2.2368466171604948E-01 a       102     0     6     1     2
  4.5681023416962840E-02 a       103     0     6     1     3
 -2.7755672851733593E-01 a       104     0     6     1     4
  2.6937042953830315E-01 a       105     0     6     1     5
  5.8197475606263552E-02 a       106     0     6     1     6
 -4.4803072431212745E-02 a       107     0     6     1     7
  6.2682078373873518E-02 a       108     0     6     1     8
  2.0105035443633019E-02 a       109     0     6     1     9
  2.5807873483419269E-01 a       110     0     6     1    10
 -1.2980848907281409E-01 a       111     0     6     1    11
  2.2993663789269442E-01 a       112     0     6     1    12
  6.7605199433460758E-02 a       113     0     6     1    13
  2.1237075120036036E-01 a       114     0     6     1    14
 -1.7566526307570249E-02 a       115     0     6     1    15
 -1.3032507457805262E-01 a       116     0     6     1    16
 -8.3638201456439465E-02 a       117     0     6     1    17
  2.2352985448129359E-02 a       118     0     6     1    18
  9.8256127986823330E-02 a       119     0     6     1    19
 -2.7603824207982219E-01 a       120     0     6     1    20
  4.0356526779010471E-01 a       121     0     7     1     1
 -3.7309103823328077E-01 a       122     0     7     1     2
  5.3773754312795286E-01 a       123     0     7     1     3
  1.4296658272601764E-01 a       124     0     7     1     4
 -2.1564545676640720E-01 a       125     0     7     1     5
  1.4325190100420085E-01 a       126     0     7     1     6
  2.0615000507196457E-01 a       127     0     7     1     7
 -1.5025067622042845E-01 a       128     0     7     1     8
  6.2110977148424840E-01 a       129     0     7     1     9
  7.7598752536674831E-01 a       130     0     7     1    10
  4.5914331812191972E-01 a       131     0     7     1    11
  2.6394436242623243E-01 a       132     0     7     1    12
  5.9028921198969686E-01 a       133     0     7     1    13
  5.3152846375004385E-02 a       134     0     7     1    14
 -6.8622730570863421E-03 a       135     0     7     1    15
 -3.6614001093339420E-02 a       136     0     7     1    16
 -2.1598413122215906E-01 a       137     0     7     1    17
  1.0104222881248384E-01 a       138     0     7     1    18
  3.0679076897402024E-01 a       139     0     7     1    19
 -4.9699555961459080E-01 a       140     0     7     1    20
 -2.0004561028739470E-01 a       141     0     8     1     1
 -5.1742980960085679E-02 a       142     0     8     1     2
 -3.2148781869775661E-01 a       143     0     8     1     3
  1.2648333653534871E-01 a       144     0     8     1     4
  3.0813447327118393E-01 a       145     0     8     1     5
 -2.4771046516602188E-01 a       146     0     8     1     6
  4.7945796671029314E-02 a       147     0     8     1     7
  1.2298371307293091E-01 a       148     0     8     1     8
  2.1982993866857520E-01 a       149     0     8     1     9
  3.7825505721539628E-05 a       150     0     8     1    10
 -2.3936162041224840E-02 a       151     0     8     1    11
  2.5303950788585200E-01 a       152     0     8     1    12
  3.3293076620598067E-01 a       153     0     8     1    13
  6.4142550532445886E-02 a       154     0     8     1    14
  3.5897376376885517E-03 a       155     0     8     1    15
  2.0392500583644398E-02 a       156     0     8     1    16
  2.4597116392628376E-01 a       157     0     8     1    17
  5.1033639295182918E-02 a       158     0     8     1    18
 -1.5165101834917757E-01 a       159     0     8     1    19
  3.3253661764039283E-01 a       160     0     8     1    20
 -5.3889030394132847E-03 a       161     0     9     1     1
  2.9854575236072606E-01 a       162     0     9     1     2
 -3.0126266555310605E-01 a       163     0     9     1     3
 -2.3274140631968759E-01 a       164     0     9     1     4
 -3.5067585722433778E-02 a       165     0     9     1     5
 -1.1753718575864623E-01 a       166     0     9     1     6
  2.1418147759854764E-01 a       167     0     9     1     7
  2.2368628119309533E-01 a       168     0     9     1     8
  1.9378452468764457E-01 a       169     0     9     1     9
 -1.4456836483652061E-01 a       170     0     9     1    10
 -1.3991797716029980E-01 a       171     0     9     1    11
 -2.8961149938646730E-01 a       172     0     9     1    12
  5.1790141079166997E-02 a       173     0     9     1    13
 -5.7326659895432078E-02 a       174     0     9     1    14
 -2.4136977477634866E-01 a       175     0     9     1    15
 -2.4178649048811049E-01 a       176     0     9     1    16
  3.5469935641460594E-02 a       177     0     9     1    17
  2.9681701292519574E-01 a       178     0     9     1    18
  3.4013990074663941E-01 a       179     0     9     1    19
 -7.0893298744369670E-02 a       180     0     9     1    20
 -7.5317797789941368E-02 a       181     0    10     1     1
 -9.8700255021243535E-03 a       182     0    10     1     2
  2.1353343662224480E-01 a       183     0    10     1     3
  1.0358275373033081E-01 a       184     0    10     1     4
 -5.3306631872538646E-03 a       185     0    10     1     5
 -6.1476693382920244E-01 a       186     0    10     1     6
 -2.8700585720563865E-01 a       187     0    10     1     7
 -1.5566721160432395E-01 a       188     0    10     1     8
  1.2232110126214067E-01 a       189     0    10     1     9
 -8.6955120070960834E-01 a       190     0    10     1    10
 -3.0490331107444751E-01 a       191     0    10     1    11
 -1.6509466288123958E-01 a       192     0    10     1    12
  2.1678065148432191E-01 a       193     0    10     1    13
  5.5911850817728481E-02 a       194     0    10     1    14
  1.5825181505621999E-01 a       195     0    10     1    15
 -7.9572948479897643E-01 a       196     0    10     1    16
 -3.6188759018225514E-01 a       197     0    10     1    17
 -4.1118795271943676E-01 a       198     0    10     1    18
 -3.6845469826487864E-01 a       199     0    10     1    19
  6.4321987891242357E-03 a       200     0    10     1    20
 -3.2743318191097354E-01 a       201     0    11     1     1
  2.5243875708860752E-01 a       202     0    11     1     2
 -3.1477665745689876E-01 a       203     0    11     1     3
 -4.5757258622418771E-02 a       204     0    11     1     4
 -2.1543312460986352E-02 a       205     0    11     1     5
  1.2377944164494545E-01 a       206     0    11     1     6
 -1.8005772817486873E-01 a       207     0    11     1     7
  2.2879316737957864E-01 a       208     0    11     1     8
  1.4413500522422651E-02 a       209     0    11     1     9
 -1.5205641844466533E-01 a       210     0    11     1    10
  4.8635707510412227E-02 a       211     0    11     1    11
  2.3756471043030564E-01 a       212     0    11     1    12
  4.0701564128342846E-02 a       213     0    11     1    13
 -1.6576557699955927E-01 a       214     0    11     1    14
  2.7027599677632824E-01 a       215     0    11     1    15
 -8.7731507159726871E-02 a       216     0    11     1    16
 -2.3633149965155698E-01 a       217     0    11     1    17
  5.1216647825582202E-03 a       218     0    11     1    18
 -9.1899438233343900E-02 a       219     0    11     1    19
  1.4183781761172837E-01 a       220     0    11     1    20
  1.6336114146009609E-01 a       221     0    12     1     1
 -1.8599426758443727E-01 a       222     0    12     1     2
 -5.0994597439908307E-02 a       223     0    12     1     3
  1.3524810606072857E-02 a       224     0    12     1     4
 -8.5693260576782462E-02 a       225     0    12     1     5
 -2.7876069822383576E-01 a       226     0    12     1     6
 -1.8542043869904892E-01 a       227     0    12     1     7
  1.4900881723139065E-02 a       228     0    12     1     8
  2.3811859888141329E-01 a       229     0    12     1     9
  2.0824565346465487E-01 a       230     0    12     1    10
  4.4646099566039668E-02 a       231     0    12     1    11
  1.1694375678656431E-01 a       232     0    12     1    12
 -7.6767630986134094E-02 a       233     0    12     1    13
  3.3786321056960673E-02 a       234     0    12     1    14
 -1.5832710425636135E-01 a       235     0    12     1    15
  1.2602404348497969E-02 a       236     0    12     1    16
  1.0031421341195974E-01 a       237     0    12     1    17
 -3.2238442365572578E-01 a       238     0    12     1    18
 -2.0932468350347938E-01 a       239     0    12     1    19
 -1.2745139858098767E-01 a       240     0    12     1    20
 -1.2144920532510392E-03 a       241     0    13     1     1
  1.7255136525151238E-01 a       242     0    13     1     2
  2.8175873646200911E-01 a       243     0    13     1     3
 -4.5232581407480245E-02 a       244     0    13     1     4
 -1.6173169170679630E-01 a       245     0    13     1     5
 -2.5818739191156063E-02 a       246     0    13     1     6
  9.5870134706082036E-02 a       247     0    13     1     7
  1.8688809434306602E-01 a       248     0    13     1     8
  2.7437831471075007E-03 a       249     0    13     1     9
  6.1822056670180081E-01 a       250     0    13     1    10
  4.4237965032843368E-01 a       251     0    13     1    11
 -2.1347901513047565E-02 a       252     0    13     1    12
  2.2948932381686785E-01 a       253     0    13     1    13
  2.5901616288460882E-01 a       254     0    13     1    14
 -1.3605362678466296E-01 a       255     0    13     1    15
  1.3806448585744693E-01 a       256     0    13     1    16
 -1.0793764254291570E-01 a       257     0    13     1    17
 -2.1758496621010873E-01 a       258     0    13     1    18
  3.4478122840423575E-01 a       259     0    13     1    19
 -1.5271532410634162E-01 a       260     0    13     1    20
 -1.1139591638550442E-01 a       261     0    14     1     1
  1.4677428585557040E-01 a       262     0    14     1     2
 -1.7995350558441289E-01 a       263     0    14     1     3
  3.0372704227079800E-01 a       264     0    14     1     4
  1.7100623001861590E-02 a       265     0    14     1     5
 -2.5895776037919016E-01 a       266     0    14     1     6
  3.1819300488299729E-01 a       267     0    14     1     7
 -2.7980763659901153E-01 a       268     0    14     1     8
  2.9521938658143004E-01 a       269     0    14     1     9
 -2.9162329004300283E-02 a       270     0    14     1    10
 -2.1026600362478337E-01 a       271     0    14     1    11
 -9.7104809671445622E-02 a       272     0    14     1    12
 -1.5604182304214903E-01 a       273     0    14     1    13
 -1.2272744425923102E-01 a       274     0    14     1    14
 -1.9838004161741085E-02 a       275     0    14     1    15
  2.4043833007040338E-01 a       276     0    14     1    16
 -2.3312991840352745E-01 a       277     0    14     1    17
  1.9630773632392909E-01 a       278     0    14     1    18
  2.7598921405434702E-02 a       279     0    14     1    19
 -1.2153704800911913E-01 a       280     0    14     1    20
  2.6892051898274300E-01 a       281     0    15     1     1
  2.1355273542152889E-01 a       282     0    15     1     2
  1.4019693195826194E-01 a       283     0    15     1     3
 -9.2713831431727768E-03 a       284     0    15     1     4
 -1.0608546929497743E-01 a       285     0    15     1     5
 -1.5277446724628158E-01 a       286     0    15     1     6
  1.0791421479866084E-01 a       287     0    15     1     7
 -2.7445609761329226E-01 a       288     0    15     1     8
 -2.2362217047486418E-02 a       289     0    15     1     9
  3.2626287636301444E-03 a       290     0    15     1    10
 -1.5032015230415163E-01 a       291     0    15     1    11
  6.9611203723850004E-02 a       292     0    15     1    12
  2.6406974750768603E-01 a       293     0    15     1    13
 -1.0860673547481188E-01 a       294     0    15     1    14
  3.4469148155216861E-01 a       295     0    15     1    15
 -2.3072956039779088E-01 a       296     0    15     1    16
  1.5040488571495353E-01 a       297     0    15     1    17
 -3.1047758047985236E-02 a       298     0    15     1    18
  1.4948184791610455E-01 a       299     0    15     1    19
 -1.8256163786113436E-01 a       300     0    15     1    20
  2.4407475873432538E-01 a       301     0    16     1     1
 -3.7097275194293100E-01 a       302     0    16     1     2
  1.4941615838491562E-01 a       303     0    16     1     3
 -5.2097662556141275E-02 a       304     0    16     1     4
 -6.0342263499612324E-02 a       305     0    16     1     5
 -7.8904157357741242E-02 a       306     0    16     1     6
 -2.7466047134924253E-02 a       307     0    16     1     7
  1.2774210507506720E-01 a       308     0    16     1     8
 -1.9107878700570299E-01 a       309     0    16     1     9
 -5.9846178511929393E-01 a       310     0    16     1    10
 -3.7104545872197953E-01 a       311     0    16     1    11
  2.3855295351687841E-01 a       312     0    16     1    12
  1.4361642458530072E-01 a       313     0    16     1    13
 -9.7226098903417033E-02 a       314     0    16     1    14
  3.3776758316130195E-02 a       315     0    16     1    15
 -2.6324416365408221E-01 a       316     0    16     1    16
 -6.3213737588345559E-02 a       317     0    16     1    17
 -5.5713025537909411E-01 a       318     0    16     1    18
 -2.2650357152960249E-01 a       319     0    16     1    19
  9.5334158041125425E-02 a       320     0    16     1    20
 -1.2604879027017044E-01 a       321     0    17     1     1
  8.5927629062638525E-02 a       322     0    17     1     2
 -4.2159037600408572E-01 a       323     0    17     1     3
 -1.2882363021856205E-01 a       324     0    17     1     4
  4.7519623466157851E-01 a       325     0    17     1     5
  1.1262609055108007E-03 a       326     0    17     1     6
 -1.7627309631374716E-01 a       327     0    17     1     7
  1.2546588656120791E-01 a       328     0    17     1     8
 -5.0415765372795976E-02 a       329     0    17     1     9
  6.9405541559927536E-02 a       330     0    17     1    10
  2.3085509384325581E-01 a       331     0    17     1    11
 -1.2858688002701707E-01 a       332     0    17     1    12
 -4.7560008786247422E-02 a       333     0    17     1    13
  1.3562039391199074E-01 a       334     0    17     1    14
 -1.2640254213185007E-01 a       335     0    17     1    15
  6.3478419593394286E-02 a       336     0    17     1    16
 -3.4759243255757039E-01 a       337     0    17     1    17
  3.8557898183491912E-01 a       338     0    17     1    18
 -9.9626194140565130E-02 a       339     0    17     1    19
  2.9120363750343642E-01 a       340     0    17     1    20
  1.8826000390283218E-01 a       341     0    18     1     1
 -2.8643245386752534E-02 a       342     0    18     1     2
  2.1173647852443758E-01 a       343     0    18     1     3
  8.9406622021541440E-02 a       344     0    18     1     4
 -2.1724645728037412E-02 a       345     0    18     1     5
  1.2498145966432014E-01 a       346     0    18     1     6
 -1.4238082783537723E-01 a       347     0    18     1     7
 -3.9886512232832044E-02 a       348     0    18     1     8
 -7.1875964058354710E-02 a       349     0    18     1     9
  6.7931488807834325E-02 a       350     0    18     1    10
 -1.6045874282149256E-01 a       351     0    18     1    11
  3.3329494166098289E-02 a       352     0    18     1    12
  1.9785687079794931E-02 a       353     0    18     1    13
  2.1785519652101867E-01 a       354     0    18     1    14
 -1.7891830104131359E-01 a       355     0    18     1    15
  3.6785334017574486E-02 a       356     0    18     1    16
 -3.5561487464177283E-02 a       357     0    18     1    17
  3.9272835819730720E-02 a       358     0    18     1    18
 -3.3296117279516868E-01 a       359     0    18     1    19
  1.5856857597104469E-02 a       360     0    18     1    20
 -2.6535828601835631E-02 a       361     0    19     1     1
  2.3225056480284546E-02 a       362     0    19     1     2
  1.9917626065013863E-01 a       363     0    19     1     3
 -9.9687598580511707E-03 a       364     0    19     1     4
  2.4987707966107450E-01 a       365     0    19     1     5
  3.9605210599264133E-02 a       366     0    19     1     6
 -7.4991784672054029E-02 a       367     0    19     1     7
 -3.4644358434469624E-01 a       368     0    19     1     8
  3.8579147399591535E-02 a       369     0    19     1     9
  3.7477814054764802E-01 a       370     0    19     1    10
  1.4194527517047564E-01 a       371     0    19     1    11
 -3.8106513954231630E-01 a       372     0    19     1    12
  2.6137925935477341E-01 a       373     0    19     1    13
  2.4364043718529929E-01 a       374     0    19     1    14
  2.0070615699228227E-02 a       375     0    19     1    15
  1.0619013534063416E-01 a       376     0    19     1    16
  3.2921985419388189E-01 a       377     0    19     1    17
 -3.2519413482402748E-01 a       378     0    19     1    18
  3.3461252307673883E-01 a       379     0    19     1    19
 -3.9429142563511904E-01 a       380     0    19     1    20
 -1.4189388563124530E-01 a       381     0    20     1     1
 -8.7815757707595588E-02 a       382     0    20     1     2
 -2.0720187889901454E-01 a       383     0    20     1     3
  6.2938790430577221E-02 a       384     0    20     1     4
 -2.1906532504052606E-01 a       385     0    20     1     5
  4.1987545353364922E-02 a       386     0    20     1     6
  1.9464774950638095E-01 a       387     0    20     1     7
 -2.7415283725276358E-02 a       388     0    20     1     8
  2.4400086004942606E-01 a       389     0    20     1     9
  3.6609231740770708E-02 a       390     0    20     1    10
 -1.0129858532136812E-01 a       391     0    20     1    11
  2.9359070713287860E-02 a       392     0    20     1    12
 -1.3193379495090937E-01 a       393     0    20     1    13
  1.2308523202901113E-02 a       394     0    20     1    14
  1.0759772803146894E-02 a       395     0    20     1    15
  1.8100782737111056E-02 a       396     0    20     1    16
 -1.9583418862492408E-01 a       397     0    20     1    17
  3.3177483057119217E-01 a       398     0    20     1    18
 -1.0480309641224625E-01 a       399     0    20     1    19
  7.7366944544391178E-02 a       400     0    20     1    20
 -1.6044265754559014E-01 a       401     0    21     1     1
  2.8248466365480696E-01 a       402     0    21     1     2
 -7.2687976528315143E-02 a       403     0    21     1     3
 -3.0663628981131005E-02 a       404     0    21     1     4
 -2.4180833834625057E-01 a       405     0    21     1     5
  8.0064466784004459E-02 a       406     0    21     1     6
  8.3695091478921554E-02 a       407     0    21     1     7
 -4.0436774282891795E-02 a       408     0    21     1     8
 -1.3811099197762797E-01 a       409     0    21     1     9
 -8.0680791904391060E-03 a       410     0    21     1    10
  1.3476135482114177E-01 a       411     0    21     1    11
 -2.1283556752297475E-01 a       412     0    21     1    12
  6.0579531220023061E-02 a       413     0    21     1    13
 -1.9364936953364064E-02 a       414     0    21     1    14
 -6.6301489557612614E-02 a       415     0    21     1    15
 -1.0727509849682375E-01 a       416     0    21     1    16
 -2.7239906851068368E-01 a       417     0    21     1    17
 -2.2059468795544218E-01 a       418     0    21     1    18
  1.4055039591040175E-01 a       419     0    21     1    19
 -1.5720443168729281E-01 a       420     0    21     1    20
  1.3857131619893598E-01 a       421     0    22     1     1
  1.4674547490659218E-02 a       422     0    22     1     2
  1.5757757523341791E-02 a       423     0    22     1     3
  1.5367669005495482E-01 a       424     0    22     1     4
 -2.6520881526820145E-01 a       425     0    22     1     5
  1.0523288903207863E-01 a       426     0    22     1     6
  9.5304185875455555E-02 a       427     0    22     1     7
  8.2256183566935037E-02 a       428     0    22     1     8
 -1.6406830681076381E-01 a       429     0    22     1     9
 -9.6199567694490395E-02 a       430     0    22     1    10
 -2.5690899864389266E-01 a       431     0    22     1    11
 -1.3520600598294505E-01 a       432     0    22     1    12
  1.1045248473722288E-01 a       433     0    22     1    13
 -1.0054632965513600E-01 a       434     0    22     1    14
 -1.8173373261902662E-01 a       435     0    22     1    15
 -2.0195094098426877E-01 a       436     0    22     1    16
  1.2903232329582978E-01 a       437     0    22     1    17
 -2.6708939429171819E-01 a       438     0    22     1    18
 -1.0046472262204049E-01 a       439     0    22     1    19
  2.8073737380886171E-01 a       440     0    22     1    20
 -1.0594728034650169E-01 a       441     0    23     1     1
  3.1268479355596951E-01 a       442     0    23     1     2
 -1.4105276107397949E-01 a       443     0    23     1     3
 -1.5659582538582590E-02 a       444     0    23     1     4
  1.6347292948425848E-01 a       445     0    23     1     5
 -2.2318949701123270E-01 a       446     0    23     1     6
 -1.3719604225242371E-01 a       447     0    23     1     7
  2.9766995340417640E-01 a       448     0    23     1     8
 -9.5732715300806251E-02 a       449     0    23     1     9
 -4.7134655760249229E-02 a       450     0    23     1    10
  2.6615959081155327E-01 a       451     0    23     1    11
 -1.3576113259538408E-01 a       452     0    23     1    12
 -2.4183171730428665E-01 a       453     0    23     1    13
 -7.4897678358474232E-02 a       454     0    23     1    14
 -1.4512146069126429E-02 a       455     0    23     1    15
  6.5583992283646128E-02 a       456     0    23     1    16
 -3.6970324989507131E-01 a       457     0    23     1    17
  3.4554756722665469E-01 a       458     0    23     1    18
 -8.1657910300868955E-02 a       459     0    23     1    19
  5.4365702847017285E-02 a       460     0    23     1    20
  2.4306652875497242E-01 a       461     0    24     1     1
  5.1595765314728426E-02 a       462     0    24     1     2
 -8.4430199386460614E-03 a       463     0    24     1     3
 -6.2462815561822510E-02 a       464     0    24     1     4
  1.0730827699728016E-01 a       465     0    24     1     5
  7.9797009427140964E-02 a       466     0    24     1     6
 -2.0531951059926664E-02 a       467     0    24     1     7
 -9.4935165813547745E-02 a       468     0    24     1     8
 -3.1403103647956121E-02 a       469     0    24     1     9
  1.0915292716099603E-01 a       470     0    24     1    10
 -1.9814977408775905E-01 a       471     0    24     1    11
 -7.0092004666975670E-03 a       472     0    24     1    12
  1.4029110363142439E-01 a       473     0    24     1    13
 -5.4406728959517224E-02 a       474     0    24     1    14
  9.0034417314523482E-02 a       475     0    24     1    15
  2.2199113072368043E-03 a       476     0    24     1    16
  3.2716072639731690E-02 a       477     0    24     1    17
  1.0203730540083904E-01 a       478     0    24     1    18
  2.0843716690121260E-02 a       479     0    24     1    19
  9.0788808865657308E-02 a       480     0    24     1    20
  4.9193197351689276E-02 a       481     0    25     1     1
 -3.8339474204257373E-02 a       482     0    25     1     2
  4.2814254475837879E-02 a       483     0    25     1     3
 -2.3016954741881469E-02 a       484     0    25     1     4
  1.3870222262256707E-01 a       485     0    25     1     5
  1.1425882522979224E-02 a       486     0    25     1     6
 -1.0284610255118236E-01 a       487     0    25     1     7
 -9.7471499509568392E-04 a       488     0    25     1     8
  8.7367562974081089E-02 a       489     0    25     1     9
  1.0595221114602260E-01 a       490     0    25     1    10
  4.1034064176415468E-02 a       491     0    25     1    11
  3.9561948344048359E-01 a       492     0    25     1    12
  1.3593091647436951E-02 a       493     0    25     1    13
  2.3789063656528470E-02 a       494     0    25     1    14
  1.3551986390311748E-02 a       495     0    25     1    15
  9.2905429741512405E-02 a       496     0    25     1    16
  8.5970508571083779E-02 a       497     0    25     1    17
 -1.5393344237961368E-01 a       498     0    25     1    18
 -4.3378003453945636E-02 a       499     0    25     1    19
 -3.3331391808899563E-01 a       500     0    25     1    20
  3.9633372975819779E-02 a       501     0    26     1     1
 -1.9989993814964879E-01 a       502     0    26     1     2
 -2.6703418780309653E-02 a       503     0    26     1     3
 -1.3509390649713360E-01 a       504     0    26     1     4
 -1.0763282741443671E-01 a       505     0    26     1     5
 -2.8784253414409027E-02 a       506     0    26     1     6
  1.3808243052477451E-01 a       507     0    26     1     7
 -2.1836584977472687E-01 a       508     0    26     1     8
 -8.6810378658693788E-03 a       509     0    26     1     9
 -3.0047150859353063E-02 a       510     0    26     1    10
 -1.2690387761691287E-02 a       511     0    26     1    11
  2.6330711432113629E-01 a       512     0    26     1    12
  4.7095849041458790E-02 a       513     0    26     1    13
 -6.9034204138121516E-02 a       514     0    26     1    14
  1.6152169290876120E-01 a       515     0    26     1    15
  6.1070249545625462E-03 a       516     0    26     1    16
 -2.0260148254611701E-01 a       517     0    26     1    17
  8.0461309442050155E-02 a       518     0    26     1    18
  1.8422848974066069E-01 a       519     0    26     1    19
  1.6123969553194237E-01 a       520     0    26     1    20
 -1.4192044243395935E-01 a       521     0    27     1     1
 -1.9771716586387178E-01 a       522     0    27     1     2
  1.5227045084852958E-01 a       523     0    27     1     3
  1.5810780671779176E-01 a       524     0    27     1     4
  4.7809081632601835E-02 a       525     0    27     1     5
 -1.3603501307962939E-02 a       526     0    27     1     6
 -1.1288885059409592E-02 a       527     0    27     1     7
  7.2282428459905582E-02 a       528     0    27     1     8
  1.2108486990693799E-02 a       529     0    27     1     9
 -1.2753205787406091E-01 a       530     0    27     1    10
  1.0447886456573738E-01 a       531     0    27     1    11
  7.4838176234284154E-02 a       532     0    27     1    12
 -1.0654546401378365E-01 a       533     0    27     1    13
  1.3261099529816411E-01 a       534     0    27     1    14
  2.5083157702633393E-03 a       535     0    27     1    15
  2.4929545234410030E-02 a       536     0    27     1    16
  1.5405892370839103E-01 a       537     0    27     1    17
 -1.5317658363524725E-01 a       538     0    27     1    18
 -2.6420308490381426E-02 a       539     0    27     1    19
 -7.3109594069794157E-02 a       540     0    27     1    20
 -2.6488720349301748E-02 a       541     0    28     1     1
 -1.4046960302629022E-01 a       542     0    28     1     2
 -1.5303645457129497E-02 a       543     0    28     1     3
 -1.2717194270826291E-02 a       544     0    28     1     4
  3.4495703726736493E-02 a       545     0    28     1     5
  3.0237672210080016E-02 a       546     0    28     1     6
  5.8668871364023857E-02 a       547     0    28     1     7
 -4.9696049648233979E-02 a       548     0    28     1     8
 -8.7367953013579803E-04 a       549     0    28     1     9
  1.2057085865879604E-02 a       550     0    28     1    10
 -4.5808330449085125E-02 a       551     0    28     1    11
 -2.0339051598960187E-01 a       552     0    28     1    12
  1.0872835529649873E-01 a       553     0    28     1    13
 -1.9332318640767971E-02 a       554     0    28     1    14
  9.7435312917479137E-03 a       555     0    28     1    15
 -4.0479411791945266E-02 a       556     0    28     1    16
 -2.1809360521199056E-02 a       557     0    28     1    17
 -1.9983334109738651E-01 a       558     0    28     1    18
  1.0713167190389739E-01 a       559     0    28     1    19
  1.3118538630355908E-01 a       560     0    28     1    20
 -1.0096539151343310E-01 a       561     0    29     1     1
  1.4491207100464248E-01 a       562     0    29     1     2
  3.4598130117449895E-02 a       563     0    29     1     3
 -8.9920888543820271E-02 a       564     0    29     1     4
 -5.6270574057655448E-03 a       565     0    29     1     5
 -4.8408491719241054E-02 a       566     0    29     1     6
 -6.4863535143942871E-02 a       567     0    29     1     7
  1.5836265522565973E-01 a       568     0    29     1     8
 -1.4453752848744755E-01 a       569     0    29     1     9
 -7.1867950925439544E-02 a       570     0    29     1    10
  1.0351395254845733E-01 a       571     0    29     1    11
  2.7853954165664531E-02 a       572     0    29     1    12
 -1.8714495574737613E-01 a       573     0    29     1    13
 -5.3752735714584178E-03 a       574     0    29     1    14
 -8.5498584787009987E-02 a       575     0    29     1    15
  3.9431755529691368E-03 a       576     0    29     1    16
  1.8885148205744168E-01 a       577     0    29     1    17
  3.1624959136032488E-01 a       578     0    29     1    18
 -5.0235484849066245E-02 a       579     0    29     1    19
  8.0376436101417623E-03 a       580     0    29     1    20
  8.1032591767348158E-02 a       581     0    30     1     1
  1.5962030214033435E-01 a       582     0    30     1     2
 -6.1394761520113576E-02 a       583     0    30     1     3
 -1.1062388571323738E-01 a       584     0    30     1     4
 -8.3607191697870259E-02 a       585     0    30     1     5
  3.4959129911808232E-02 a       586     0    30     1     6
  2.5290951934994293E-04 a       587     0    30     1     7
 -1.1259217593245610E-01 a       588     0    30     1     8
 -9.7999786129180935E-02 a       589     0    30     1     9
  1.5145867015617734E-01 a       590     0    30     1    10
 -6.8940473650149922E-02 a       591     0    30     1    11
 -1.2333694095521557E-01 a       592     0    30     1    12
  1.1813794258753696E-01 a       593     0    30     1    13
 -3.5740134525938064E-02 a       594     0    30     1    14
 -4.9050052163869581E-02 a       595     0    30     1    15
 -5.7384194340500017E-02 a       596     0    30     1    16
 -4.6384647837270400E-02 a       597     0    30     1    17
 -3.9550465545171963E-02 a       598     0    30     1    18
 -1.3083383609170293E-02 a       599     0    30     1    19
  4.3097754895018069E-02 a       600     0    30     1    20
  2.9031356113522211E-01 a       601     0    31     1     1
 -6.0765060508198417E-02 a       602     0    31     1     2
 -1.7942155845005731E-01 a       603     0    31     1     3
  5.7965864721571655E-02 a       604     0    31     1     4
  2.4802714952044427E-01 a       605     0    31     1     5
  5.2663442883676903E-01 a       606     0    31     1     6
  2.4420834519323975E-01 a       607     0    31     1     7
  1.5008910407273607E-01 a       608     0    31     1     8
  4.2210886000681985E-01 a       609     0    31     1     9
 -3.8021393995215613E-01 a       610     0    31     1    10
 -4.8494360473037934E-01 a       611     0    31     1    11
  2.1549072391603119E-01 a       612     0    31     1    12
 -4.8529428455333939E-01 a       613     0    31     1    13
  4.2147612965552655E-01 a       614     0    31     1    14
  3.3771777851502205E-01 a       615     0    31     1    15
  1.3759894354512847E+00 a       616     0    31     1    16
 -4.8512881670130353E-01 a       617     0    31     1    17
 -3.6110750512010759E-01 a       618     0    31     1    18
 -2.1020523737927488E-01 a       619     0    31     1    19
  7.4319395186320872E-02 a       620     0    31     1    20
 -7.3187701259166141E-02 a       621     0    32     1     1
 -3.9673392802698348E-01 a       622     0    32     1     2
 -1.0651989037843049E-01 a       623     0    32     1     3
  5.9932303758291512E-02 a       624     0    32     1     4
 -1.3149793428476503E-01 a       625     0    32     1     5
  3.5766247061153590E-02 a       626     0    32     1     6
 -3.0934236135009718E-01 a       627     0    32     1     7
 -1.4140855849174908E-01 a       628     0    32     1     8
  2.3779803678712766E-01 a       629     0    32     1     9
  7.4067848612196197E-01 a       630     0    32     1    10
  2.3577975086256786E-01 a       631     0    32     1    11
 -1.6740814696969336E-01 a       632     0    32     1    12
  7.9227481225883856E-01 a       633     0    32     1    13
 -4.1434696910052882E-01 a       634     0    32     1    14
 -5.0361595714196816E-01 a       635     0    32     1    15
 -5.2783670178631137E-01 a       636     0    32     1    16
 -8.0642676355039911E-02 a       637     0    32     1    17
  1.4363300299879811E-01 a       638     0    32     1    18
 -1.8229549496491043E-01 a       639     0    32     1    19
 -1.9544682934864629E-01 a       640     0    32     1    20
 -1.4097539713964355E-01 a       641     0    33     1     1
 -2.8498526971900007E-01 a       642     0    33     1     2
  3.9276282392972584E-01 a       643     0    33     1     3
 -1.8779558739630969E-03 a       644     0    33     1     4
  1.4150228838289380E-01 a       645     0    33     1     5
  2.9185610654272276E-01 a       646     0    33     1     6
  1.3585812820682519E-01 a       647     0    33     1     7
 -1.2578662134301274E-01 a       648     0    33     1     8
 -2.9052595508222939E-01 a       649     0    33     1     9
 -1.0652111083273935E-01 a       650     0    33     1    10
 -1.7552171066616676E-01 a       651     0    33     1    11
 -1.0429681406925867E-01 a       652     0    33     1    12
  1.7786664426069174E-01 a       653     0    33     1    13
  2.9673988638202442E-01 a       654     0    33     1    14
  1.5827738742541070E-01 a       655     0    33     1    15
 -1.0469383938231284E-01 a       656     0    33     1    16
  2.8323782179563849E-02 a       657     0    33     1    17
 -2.8130403583100094E-01 a       658     0    33     1    18
  2.4000282390309916E-01 a       659     0    33     1    19
 -1.2066270871822454E-01 a       660     0    33     1    20
  1.5970608081206780E-01 a       661     0    34     1     1
 -8.2567655330891984E-02 a       662     0    34     1     2
  2.0707352187747166E-01 a       663     0    34     1     3
 -2.2392080151291387E-02 a       664     0    34     1     4
 -1.0181412314929131E-01 a       665     0    34     1     5
  1.4775600044162013E-01 a       666     0    34     1     6
  1.8682142546935684E-01 a       667     0    34     1     7
 -1.4153976404553087E-01 a       668     0    34     1     8
 -1.2967125354662923E-01 a       669     0    34     1     9
 -1.3085174300764865E-01 a       670     0    34     1    10
 -4.2351727615442918E-02 a       671     0    34     1    11
 -6.9806012946692905E-02 a       672     0    34     1    12
 -4.1312305469867122E-01 a       673     0    34     1    13
  3.6242330171216648E-02 a       674     0    34     1    14
 -1.1522706539931163E-02 a       675     0    34     1    15
  1.2303366781268416E-01 a       676     0    34     1    16
 -1.4679489735910037E-01 a       677     0    34     1    17
 -2.9175498528219209E-02 a       678     0    34     1    18
 -4.2347595334092469E-01 a       679     0    34     1    19
 -4.7401842828582744E-02 a       680     0    34     1    20
 -4.5503641626610254E-02 a       681     0    35     1     1
  1.6426940322162256E-01 a       682     0    35     1     2
 -1.3000562660880863E-01 a       683     0    35     1     3
  1.0353531198917733E-01 a       684     0    35     1     4
  2.2389782335726541E-02 a       685     0    35     1     5
  1.8154945933468288E-02 a       686     0    35     1     6
 -1.7004164108960781E-01 a       687     0    35     1     7
 -2.7392660468961938E-01 a       688     0    35     1     8
  2.8338479412952512E-02 a       689     0    35     1     9
  1.3190056891893551E-01 a       690     0    35     1    10
  1.5141463321160144E-02 a       691     0    35     1    11
 -1.4549546317944823E-01 a       692     0    35     1    12
  4.7644352102415924E-03 a       693     0    35     1    13
  1.1822888313964812E-01 a       694     0    35     1    14
 -3.8530757794770033E-02 a       695     0    35     1    15
 -1.0895762225169810E-02 a       696     0    35     1    16
 -2.0061535277214046E-01 a       697     0    35     1    17
  2.9936593143488788E-02 a       698     0    35     1    18
 -2.2601551192933225E-01 a       699     0    35     1    19
 -7.2326807562826209E-02 a       700     0    35     1    20
  1.8424186056450589E-01 a       701     0    36     1     1
 -2.5495767084639204E-01 a       702     0    36     1     2
  2.0048941245245624E-01 a       703     0    36     1     3
  2.4367881225200450E-01 a       704     0    36     1     4
 -1.1102423252782560E-01 a       705     0    36     1     5
 -1.8087711802145529E-01 a       706     0    36     1     6
  2.8209960087664693E-01 a       707     0    36     1     7
 -1.0360335887707509E-01 a       708     0    36     1     8
 -2.6116180391262328E-01 a       709     0    36     1     9
 -9.4554603429284331E-02 a       710     0    36     1    10
  6.3887060884560397E-04 a       711     0    36     1    11
 -1.9786451535163921E-01 a       712     0    36     1    12
 -3.3011770961066528E-02 a       713     0    36     1    13
  8.2698232569873922E-02 a       714     0    36     1    14
  1.8275020143747425E-01 a       715     0    36     1    15
 -9.3541135355475619E-03 a       716     0    36     1    16
 -2.4841859667671601E-01 a       717     0    36     1    17
 -1.7071594539875719E-02 a       718     0    36     1    18
  1.0473053908522630E-01 a       719     0    36     1    19
  2.1781160405323630E-01 a       720     0    36     1    20
  4.5220364218119646E-02 a       721     0    37     1     1
  5.1004520058564505E-02 a       722     0    37     1     2
 -3.1906176095871619E-01 a       723     0    37     1     3
 -5.2324268524911088E-01 a       724     0    37     1     4
 -4.4149496496859647E-01 a       725     0    37     1     5
 -5.8338147848834965E-01 a       726     0    37     1     6
 -5.8887303136808244E-01 a       727     0    37     1     7
 -1.0046435653504303E-01 a       728     0    37     1     8
 -2.5715750926848518E-01 a       729     0    37     1     9
  1.6605645366629973E-01 a       730     0    37     1    10
  1.3880881458172245E-01 a       731     0    37     1    11
 -2.4779055181704862E-01 a       732     0    37     1    12
 -1.2659100687651409E-01 a       733     0    37     1    13
 -2.7325543986384254E-01 a       734     0    37     1    14
  3.9794915786857905E-02 a       735     0    37     1    15
 -7.9895215885950044E-01 a       736     0    37     1    16
  4.4258245169636251E-01 a       737     0    37     1    17
 -1.0944425430916392E-02 a       738     0    37     1    18
 -4.6571971671239631E-01 a       739     0    37     1    19
 -1.0767812777185153E-01 a       740     0    37     1    20
  2.2354313749446580E-01 a       741     0    38     1     1
  3.1059900775453719E-01 a       742     0    38     1     2
  1.5671093719828091E-01 a       743     0    38     1     3
 -2.0467818939885166E-01 a       744     0    38     1     4
 -2.8986260679507664E-01 a       745     0    38     1     5
 -1.7241074843857407E-01 a       746     0    38     1     6
  6.0711512352659081E-01 a       747     0    38     1     7
 -1.3852212825142653E-02 a       748     0    38     1     8
 -2.9888373182285233E-01 a       749     0    38     1     9
 -2.3891986283495187E-01 a       750     0    38     1    10
 -1.0386761262046093E-01 a       751     0    38     1    11
 -1.0456826211992424E-02 a       752     0    38     1    12
 -8.7030234995143518E-01 a       753     0    38     1    13
 -7.8710346952436394E-02 a       754     0    38     1    14
  4.8563818452312002E-01 a       755     0    38     1    15
  6.4707138215968218E-01 a       756     0    38     1    16
  3.1377512671228558E-01 a       757     0    38     1    17
 -7.6748171341168153E-02 a       758     0    38     1    18
  3.9757775261120204E-01 a       759     0    38     1    19
 -1.5526407377128301E-01 a       760     0    38     1    20
  1.1572277759285034E-01 a       761     0    39     1     1
 -2.2559138116133338E-02 a       762     0    39     1     2
 -4.7520611446831937E-02 a       763     0    39     1     3
 -3.2725260002154422E-02 a       764     0    39     1     4
  9.5405173577388577E-02 a       765     0    39     1     5
  2.6806971692896298E-01 a       766     0    39     1     6
 -2.0640634477452574E-01 a       767     0    39     1     7
  4.0303997272555053E-01 a       768     0    39     1     8
 -3.0959343301844322E-01 a       769     0    39     1     9
  1.8200512744520229E-02 a       770     0    39     1    10
  2.3203481230733014E-01 a       771     0    39     1    11
 -1.3277614875770904E-01 a       772     0    39     1    12
 -3.3907740556343970E-02 a       773     0    39     1    13
 -9.9211499465748879E-02 a       774     0    39     1    14
 -1.7175849379162178E-01 a       775     0    39     1    15
 -1.0368001083374775E-01 a       776     0    39     1    16
  2.7502411775892155E-03 a       777     0    39     1    17
 -3.9409513859223028E-01 a       778     0    39     1    18
  2.5989671469475381E-02 a       779     0    39     1    19
  2.6094248778570700E-01 a       780     0    39     1    20
 -1.6584376235149720E-01 a       781     0    40     1     1
  1.8821921242558290E-01 a       782     0    40     1     2
 -1.5696915070677198E-01 a       783     0    40     1     3
  1.4880316190527418E-01 a       784     0    40     1     4
  6.3202553537893308E-02 a       785     0    40     1     5
  1.5098399433226278E-01 a       786     0    40     1     6
 -3.5933014454340390E-01 a       787     0    40     1     7
 -1.1511796081805210E-01 a       788     0    40     1     8
 -4.1018618982440347E-01 a       789     0    40     1     9
 -2.0499313696249080E-01 a       790     0    40     1    10
  1.7386763393424839E-01 a       791     0    40     1    11
 -6.8068234705628117E-02 a       792     0    40     1    12
  3.3804642764434301E-01 a       793     0    40     1    13
 -2.4377933915865416E-02 a       794     0    40     1    14
  9.8720616833823840E-02 a       795     0    40     1    15
 -3.1161043884931572E-01 a       796     0    40     1    16
  7.0056015857407131E-02 a       797     0    40     1    17
  8.9389745238915339E-02 a       798     0    40     1    18
  2.4930929963950743E-01 a       799     0    40     1    19
  8.7652592752450978E-02 a       800     0    40     1    20
  3.1166885347269069E-02 a       801     0    41     1     1
  5.4017199022959400E-02 a       802     0    41     1     2
 -5.9563427047564198E-02 a       803     0    41     1     3
  1.7281653528812094E-01 a       804     0    41     1     4
 -1.0903236456397585E-02 a       805     0    41     1     5
 -1.9946791879332809E-01 a       806     0    41     1     6
  8.3311658487579210E-02 a       807     0    41     1     7
 -2.5334443235097970E-01 a       808     0    41     1     8
  1.3555995419115474E-01 a       809     0    41     1     9
  6.0164860650783580E-02 a       810     0    41     1    10
 -2.4758067507670928E-01 a       811     0    41     1    11
 -3.1965609354935259E-01 a       812     0    41     1    12
 -3.9520521045015394E-01 a       813     0    41     1    13
 -5.7203385272391001E-02 a       814     0    41     1    14
 -1.7597047602552357E-01 a       815     0    41     1    15
  1.1419587486363485E-01 a       816     0    41     1    16
 -8.0805130809589967E-02 a       817     0    41     1    17
  1.1626780090150507E-01 a       818     0    41     1    18
 -1.3987524320732270E-01 a       819     0    41     1    19
  8.4015578835066218E-02 a       820     0    41     1    20
  6.1292295382185016E-02 a       821     0    42     1     1
 -2.7742624020723871E-02 a       822     0    42     1     2
 -2.1575569454908020E-02 a       823     0    42     1     3
  1.4727656522969093E-01 a       824     0    42     1     4
 -5.4542803670227950E-02 a       825     0    42     1     5
  4.1525339887013339E-02 a       826     0    42     1     6
 -1.2680799378704039E-01 a       827     0    42     1     7
  6.6515897881351095E-03 a       828     0    42     1     8
  7.8197884453713340E-02 a       829     0    42     1     9
  1.0030721488203967E-01 a       830     0    42     1    10
 -6.1681160478315997E-02 a       831     0    42     1    11
  1.6285737791774199E-01 a       832     0    42     1    12
  1.3312388546924625E-01 a       833     0    42     1    13
 -9.3145368212550539E-02 a       834     0    42     1    14
 -1.0308787010112233E-01 a       835     0    42     1    15
  5.3402653851476176E-02 a       836     0    42     1    16
 -2.1952472042576418E-01 a       837     0    42     1    17
  1.9742604769516434E-02 a       838     0    42     1    18
 -1.2350272050017443E-01 a       839     0    42     1    19
 -9.7564988894061358E-02 a       840     0    42     1    20
 -2.9127243622436705E-01 a       841     0    43     1     1
 -7.6936114406535361E-02 a       842     0    43     1     2
 -2.0301585238951275E-01 a       843     0    43     1     3
  6.6020393755429368E-02 a       844     0    43     1     4
  2.0052420181909794E-02 a       845     0    43     1     5
  1.2256298585819329E-02 a       846     0    43     1     6
 -3.6167215074380288E-01 a       847     0    43     1     7
  2.6949716156232550E-01 a       848     0    43     1     8
 -2.3802861462927996E-01 a       849     0    43     1     9
  4.0075084935620897E-02 a       850     0    43     1    10
  1.5046036234838166E-03 a       851     0    43     1    11
 -2.8112945305944814E-01 a       852     0    43     1    12
  9.9923215727299772E-02 a       853     0    43     1    13
  5.4647529071626955E-01 a       854     0    43     1    14
  6.1872920867337722E-01 a       855     0    43     1    15
  6.8382788576070413E-02 a       856     0    43     1    16
 -1.2805688401349372E-01 a       857     0    43     1    17
 -3.9011372120041680E-02 a       858     0    43     1    18
  5.2444178989102319E-01 a       859     0    43     1    19
  3.2098125682899138E-02 a       860     0    43     1    20
  1.3351561729088018E-01 a       861     0    44     1     1
 -1.1776660406558741E-01 a       862     0    44     1     2
  3.0761913925977663E-01 a       863     0    44     1     3
 -2.3461234588978647E-01 a       864     0    44     1     4
  9.8040341266083186E-02 a       865     0    44     1     5
  8.6058585093776313E-02 a       866     0    44     1     6
  5.8032705180099886E-01 a       867     0    44     1     7
 -4.5867911574602621E-01 a       868     0    44     1     8
 -8.1205402292253235E-03 a       869     0    44     1     9
 -1.3773091096407264E-01 a       870     0    44     1    10
 -8.8988420911999017E-02 a       871     0    44     1    11
  1.4385341550904607E-01 a       872     0    44     1    12
 -2.2070950227909847E-01 a       873     0    44     1    13
 -3.3675349069466454E-01 a       874     0    44     1    14
 -4.1461763655332762E-01 a       875     0    44     1    15
 -1.2619552259141301E-01 a       876     0    44     1    16
  4.6565349030056619E-01 a       877     0    44     1    17
 -3.8232153606452414E-02 a       878     0    44     1    18
 -2.1587290967647235E-01 a       879     0    44     1    19
 -6.5810434495963577E-02 a       880     0    44     1    20
  1.1907463875522407E-01 a       881     0    45     1     1
 -5.1492462727938185E-02 a       882     0    45     1     2
 -1.0797802915702744E-01 a       883     0    45     1     3
  2.1010185718793134E-01 a       884     0    45     1     4
  2.0752962517784493E-01 a       885     0    45     1     5
  2.7906434105273931E-01 a       886     0    45     1     6
 -4.7490750748135427E-02 a       887     0    45     1     7
  3.6900929411859090E-01 a       888     0    45     1     8
 -1.8299802598779011E-01 a       889     0    45     1     9
 -2.5883420412940995E-02 a       890     0    45     1    10
  6.5710452689745041E-02 a       891     0    45     1    11
  1.4350073450939629E-01 a       892     0    45     1    12
  2.2621298579476712E-01 a       893     0    45     1    13
 -2.4240837099128845E-01 a       894     0    45     1    14
  2.9818095955471013E-01 a       895     0    45     1    15
 -8.4441128424598351E-04 a       896     0    45     1    16
  1.7197146957159209E-01 a       897     0    45     1    17
 -1.4512442351575255E-01 a       898     0    45     1    18
  9.1019885926230323E-02 a       899     0    45     1    19
  1.2417528890212323E-01 a       900     0    45     1    20
 -7.9958772633108396E-02 a       901     0    46     1     1
  5.9504504483510204E-02 a       902     0    46     1     2
 -7.5443626971493316E-02 a       903     0    46     1     3
  6.2709667030803315E-02 a       904     0    46     1     4
 -8.8076374295190177E-02 a       905     0    46     1     5
 -3.0439970517442239E-01 a       906     0    46     1     6
 -2.7291498660380548E-01 a       907     0    46     1     7
 -1.0957120391266706E-02 a       908     0    46     1     8
  4.9466106949636060E-02 a       909     0    46     1     9
 -1.3357220544111101E-01 a       910     0    46     1    10
  1.8397054172949898E-01 a       911     0    46     1    11
 -1.2205014807883524E-01 a       912     0    46     1    12
  2.4422151396186559E-02 a       913     0    46     1    13
 -1.4518170223108093E-02 a       914     0    46     1    14
  8.6810821233650345E-02 a       915     0    46     1    15
  7.4806693104616613E-03 a       916     0    46     1    16
 -3.2689755624067640E-01 a       917     0    46     1    17
  3.7818000388155264E-03 a       918     0    46     1    18
  6.1025790683295611E-02 a       919     0    46     1    19
 -6.1951575740538667E-02 a       920     0    46     1    20
 -4.8693819055520546E-02 a       921     0    47     1     1
  1.1089756399876627E-01 a       922     0    47     1     2
 -1.3651470285239975E-03 a       923     0    47     1     3
 -5.2101363919216576E-02 a       924     0    47     1     4
  7.6333533601025350E-02 a       925     0    47     1     5
 -1.3291067037509427E-01 a       926     0    47     1     6
  1.3844363652324038E-01 a       927     0    47     1     7
  2.1206676021936738E-02 a       928     0    47     1     8
 -3.4544975571702850E-02 a       929     0    47     1     9
 -3.3355861920097173E-02 a       930     0    47     1    10
 -4.0432772660668338E-02 a       931     0    47     1    11
  2.0824786312176349E-02 a       932     0    47     1    12
  2.6706014689182038E-02 a       933     0    47     1    13
 -2.3195184594138965E-01 a       934     0    47     1    14
  7.5734950750563357E-02 a       935     0    47     1    15
  3.9152544147799687E-02 a       936     0    47     1    16
  1.8143904154514914E-02 a       937     0    47     1    17
  9.9511001627183918E-02 a       938     0    47     1    18
  1.7740020144842972E-01 a       939     0    47     1    19
  4.6398933841556113E-02 a       940     0    47     1    20
 -2.7848683503558746E-02 a       941     0    48     1     1
 -8.1930134065486548E-02 a       942     0    48     1     2
  5.3752581054262644E-02 a       943     0    48     1     3
  7.4850191685226150E-02 a       944     0    48     1     4
 -1.8020656192336465E-01 a       945     0    48     1     5
 -1.1298653481448978E-02 a       946     0    48     1     6
 -6.1199787164735821E-02 a       947     0    48     1     7
  4.6769178848158191E-02 a       948     0    48     1     8
  5.5875151330482292E-02 a       949     0    48     1     9
 -2.2053352643930865E-01 a       950     0    48     1    10
  1.8924605867513788E-01 a       951     0    48     1    11
  5.5509373190729482E-02 a       952     0    48     1    12
 -4.7056346992063895E-02 a       953     0    48     1    13
 -8.4846585508724176E-02 a       954     0    48     1    14
 -1.3355103926243422E-01 a       955     0    48     1    15
 -2.1400893775479369E-02 a       956     0    48     1    16
  2.1453692684527978E-01 a       957     0    48     1    17
  2.0445137362400628E-01 a       958     0    48     1    18
  9.6929069718626581E-02 a       959     0    48     1    19
 -2.1509219911870608E-01 a       960     0    48     1    20
  4.2776565258784711E-02 a       961     0    49     1     1
  1.1237691327879008E-01 a       962     0    49     1     2
  1.5285459482884639E-01 a       963     0    49     1     3
  2.1283263434538208E-02 a       964     0    49     1     4
 -3.5437245508959730E-01 a       965     0    49     1     5
  3.6313918445820093E-01 a       966     0    49     1     6
  3.4169103197254852E-01 a       967     0    49     1     7
 -1.4896920379212461E-01 a       968     0    49     1     8
 -9.0320057903572282E-02 a       969     0    49     1     9
 -1.2124118582714419E-01 a       970     0    49     1    10
  1.3260920046099503E-01 a       971     0    49     1    11
 -2.3678571848903729E-01 a       972     0    49     1    12
  3.6057063261281114E-01 a       973     0    49     1    13
 -4.3016520837443883E-01 a       974     0    49     1    14
 -1.7804192570886110E-01 a       975     0    49     1    15
 -9.5473303964643194E-02 a       976     0    49     1    16
 -1.8784263723234929E-01 a       977     0    49     1    17
 -4.4311699218103018E-02 a       978     0    49     1    18
  2.1839010691573865E-01 a       979     0    49     1    19
 -1.5926429191667252E-01 a       980     0    49     1    20
 -3.6649114228017748E-01 a       981     0    50     1     1
 -2.4698306544889978E-01 a       982     0    50     1     2
 -2.6033587459745788E-01 a       983     0    50     1     3
  6.9724905572821005E-01 a       984     0    50     1     4
  5.3580748839104264E-01 a       985     0    50     1     5
  2.4372041135226505E-01 a       986     0    50     1     6
 -2.6903846451120883E-01 a       987     0    50     1     7
  5.4646981205328993E-01 a       988     0    50     1     8
 -2.7216138684572511E-01 a       989     0    50     1     9
  3.4442150744679184E-01 a       990     0    50     1    10
 -8.1333868902099260E-03 a       991     0    50     1    11
  3.4644022143055266E-02 a       992     0    50     1    12
 -5.8846726239528169E-01 a       993     0    50     1    13
  6.3556050394680585E-01 a       994     0    50     1    14
  1.7501642079798044E-01 a       995     0    50     1    15
  8.2022118132021027E-01 a       996     0    50     1    16
  1.0735561854700981E-01 a       997     0    50     1    17
  7.5633500336280945E-01 a       998     0    50     1    18
  3.6162294709168852E-01 a       999     0    50     1    19
  6.5657914570606279E-01 a      1000     0    50     1    20
 -1.1276827162564904E-01 a      1001     0    51     1     1
  1.4638234501776554E-02 a      1002     0    51     1     2
 -1.6126124866938055E-01 a      1003     0    51     1     3
 -2.0785743516453636E-01 a      1004     0    51     1     4
 -5.5940272044423377E-03 a      1005     0    51     1     5
 -2.6610165638720240E-01 a      1006     0    51     1     6
  3.0674544762407347E-02 a      1007     0    51     1     7
  8.7569091879782832E-02 a      1008     0    51     1     8
  2.9862542542398424E-01 a      1009     0    51     1     9
 -1.1706311751686898E-03 a      1010     0    51     1    10
  3.4076813686875415E-02 a      1011     0    51     1    11
 -7.2278362063309801E-02 a      1012     0    51     1    12
 -5.3249486803999000E-03 a      1013     0    51     1    13
 -1.0559113107795159E-01 a      1014     0    51     1    14
  1.1555745963123683E-01 a      1015     0    51     1    15
 -1.5786586294260177E-03 a      1016     0    51     1    16
  3.3414917965277978E-02 a      1017     0    51     1    17
  2.3977885118345151E-02 a      1018     0    51     1    18
 -1.0655193373128365E-01 a      1019     0    51     1    19
 -7.3698512936672914E-02 a      1020     0    51     1    20
  6.8613951248197538E-02 a      1021     0    52     1     1
  2.0972874671917277E-01 a      1022     0    52     1     2
  1.9590071454386729E-01 a      1023     0    52     1     3
 -2.5018888350936919E-01 a      1024     0    52     1     4
 -1.6050315485465882E-01 a      1025     0    52     1     5
  4.7153059367789820E-03 a      1026     0    52     1     6
  1.7995098051517211E-01 a      1027     0    52     1     7
  1.4089605543599068E-01 a      1028     0    52     1     8
  4.5215042136131267E-01 a      1029     0    52     1     9
  9.0452356092892983E-02 a      1030     0    52     1    10
 -1.0109830525018174E-01 a      1031     0    52     1    11
  1.5712129637602779E-01 a      1032     0    52     1    12
  6.7447174068692287E-02 a      1033     0    52     1    13
 -9.0160448659157399E-02 a      1034     0    52     1    14
  4.6692509600911813E-02 a      1035     0    52     1    15
  5.0327754128348848E-02 a      1036     0    52     1    16
 -6.5919660769161295E-02 a      1037     0    52     1    17
 -9.0824550929795314E-02 a      1038     0    52     1    18
 -2.1221863105726335E-01 a      1039     0    52     1    19
 -2.4400405311662662E-01 a      1040     0    52     1    20
 -2.2627820549882939E-03 a      1041     0    53     1     1
 -3.4209924148950072E-01 a      1042     0    53     1     2
  8.2405140238755142E-02 a      1043     0    53     1     3
  7.8916019868336112E-03 a      1044     0    53     1     4
  1.9965976918823330E-02 a      1045     0    53     1     5
  3.6018992836949773E-02 a      1046     0    53     1     6
  2.8273139046190599E-02 a      1047     0    53     1     7
  3.4216631322976493E-01 a      1048     0    53     1     8
  1.0943739930419208E-01 a      1049     0    53     1     9
 -1.7816324759685193E-01 a      1050     0    53     1    10
  2.0514651178153848E-01 a      1051     0    53     1    11
  1.8632075411884999E-01 a      1052     0    53     1    12
  1.2459405015479944E-01 a      1053     0    53     1    13
  4.6041951850539421E-02 a      1054     0    53     1    14
  2.3219998906085788E-02 a      1055     0    53     1    15
  1.3782737606772930E-01 a      1056     0    53     1    16
  2.1066682089699598E-01 a      1057     0    53     1    17
  1.2809698864549324E-01 a      1058     0    53     1    18
  2.9703307027650955E-01 a      1059     0    53     1    19
 -1.1594475967332699E-01 a      1060     0    53     1    20
 -1.4315352064388509E-01 a      1061     0    54     1     1
 -2.4014479006961320E-01 a      1062     0    54     1     2
 -7.2355225269603016E-02 a      1063     0    54     1     3
 -1.3594033152750656E-01 a      1064     0    54     1     4
  2.0149259144998599E-01 a      1065     0    54     1     5
 -7.4173554646341719E-02 a      1066     0    54     1     6
 -4.5603608021042255E-02 a      1067     0    54     1     7
  1.5582805084948717E-01 a      1068     0    54     1     8
  2.1813628632169707E-01 a      1069     0    54     1     9
 -1.1444370003632499E-01 a      1070     0    54     1    10
  1.3046408742716115E-01 a      1071     0    54     1    11
 -1.7781158017832477E-01 a      1072     0    54     1    12
 -5.1900121980968612E-02 a      1073     0    54     1    13
  6.4541539350871285E-02 a      1074     0    54     1    14
  2.3080385402432319E-01 a      1075     0    54     1    15
 -1.3061156904063721E-02 a      1076     0    54     1    16
  2.6777544365611611E-01 a      1077     0    54     1    17
 -1.9279971627719639E-01 a      1078     0    54     1    18
 -4.5240037152434527E-02 a      1079     0    54     1    19
 -2.7825985847337829E-02 a      1080     0    54     1    20
  8.8051395892325324E-01 b      1081     1     1
 -1.2889372000829917E+00 b      1082     1     2
  1.6926311130875990E-01 b      1083     1     3
 -1.3962142437598379E+00 b      1084     1     4
 -2.6797661492505082E-01 b      1085     1     5
  4.1355586139778555E-01 b      1086     1     6
  1.3443765541706376E+00 b      1087     1     7
 -1.2963233070367137E+00 b      1088     1     8
 -9.8011840178844034E-01 b      1089     1     9
  1.0745748636962935E-01 b      1090     1    10
  6.0397469439662910E-01 b      1091     1    11
  1.5389864495637851E+00 b      1092     1    12
  7.7937018163899163E-01 b      1093     1    13
  1.2377477721343657E+00 b      1094     1    14
  1.1364347003061681E+00 b      1095     1    15
 -2.0945871050359524E-01 b      1096     1    16
  1.4627785580272485E+00 b      1097     1    17
 -7.8074428466763790E-01 b      1098     1    18
 -3.1724382241163385E-01 b      1099     1    19
 -5.6547175942443506E-01 b      1100     1    20
 -1.4833494829316121E-01 a      1101     1     1     2     1
  4.5701814755216053E-01 a      1102     1     1     2     2
 -1.0057182996449072E-01 a      1103     1     1     2     3
  4.6727180336922730E-01 a      1104     1     1     2     4
  3.8063347742323272E-01 a      1105     1     1     2     5
 -1.7511542217702653E-01 a      1106     1     1     2     6
  3.8394718863535832E-01 a      1107     1     1     2     7
 -7.3074757795737477E-01 a      1108     1     1     2     8
  1.7137197891011735E-01 a      1109     1     1     2     9
  5.5755164767053234E-01 a      1110     1     1     2    10
  2.1852158908069660E-01 a      1111     1     1     2    11
  4.0859885405770996E-01 a      1112     1     1     2    12
  4.8477454610073599E-02 a      1113     1     1     2    13
 -5.6664247290404113E-01 a      1114     1     1     2    14
  2.3982164037752440E-01 a      1115     1     1     2    15
 -3.9570255796200732E-01 a      1116     1     1     2    16
  2.6153756149472374E-01 a      1117     1     1     2    17
  3.8183318066634064E-01 a      1118     1     1     2    18
 -2.7105343542824573E-01 a      1119     1     1     2    19
 -5.2285620680105019E-02 a      1120     1     1     2    20
 -2.3784691533665750E-01 a      1121     1     2     2     1
 -2.9904220900405437E-01 a      1122     1     2     2     2
 -3.9965303968736365E-01 a      1123     1     2     2     3
 -1.0612840309735531E-01 a      1124     1     2     2     4
 -4.8412199561609026E-01 a      1125     1     2     2     5
  5.9173378447962155E-01 a      1126     1     2     2     6
  2.1006200545723946E-01 a      1127     1     2     2     7
 -6.8437079311142024E-01 a      1128     1     2     2     8
  7.6589960712100488E-02 a      1129     1     2     2     9
  3.6072648882138575E-01 a      1130     1     2     2    10
 -1.9747650971675243E-01 a      1131     1     2     2    11
  1.0840955828774430E-01 a      1132     1     2     2    12
  4.6380023006934529E-02 a      1133     1     2     2    13
 -2.5171384686581116E-01 a      1134     1     2     2    14
  3.2321049571306060E-01 a      1135     1     2     2    15
  5.1418353266966665E-01 a      1136     1     2     2    16
 -5.6478569598839856E-01 a      1137     1     2     2    17
  6.3433564554389121E-01 a      1138     1     2     2    18
  3.2223008379096037E-02 a      1139     1     2     2    19
 -1.1968921114628581E-01 a      1140     1     2     2    20
 -2.9558800103553368E-01 a      1141     1     3     2     1
  3.3588849930826786E-01 a      1142     1     3     2     2
  2.7397966673360058E-01 a      1143     1     3     2     3
  9.7603572267297281E-02 a      1144     1     3     2     4
  3.5413723919502205E-01 a      1145     1     3     2     5
  4.9291092313051577E-01 a      1146     1     3     2     6
  2.9114803542187584E-01 a      1147     1     3     2     7
 -8.1820391793594849E-02 a      1148     1     3     2     8
  3.6367137783923836E-02 a      1149     1     3     2     9
 -4.8456290625676890E-01 a      1150     1     3     2    10
  6.5527926590929675E-01 a      1151     1     3     2    11
  4.8169204081133304E-01 a      1152     1     3     2    12
 -2.3007144901208831E-01 a      1153     1     3     2    13
 -9.8249462943299296E-02 a      1154     1     3     2    14
 -6.2583699311579866E-02 a      1155     1     3     2    15
  4.8090779256473669E-02 a      1156     1     3     2    16
 -4.0303097727202952E-01 a      1157     1     3     2    17
 -3.4545491333731526E-01 a      1158     1     3     2    18
  1.8140965441558526E-01 a      1159     1     3     2    19
 -1.4077068280080324E-01 a      1160     1     3     2    20
  4.4647652288973516E-01 a      1161     1     4     2     1
  3.3133601679621161E-01 a      1162     1     4     2     2
  4.8466660594660299E-01 a      1163     1     4     2     3
 -2.9142467284914786E-01 a      1164     1     4     2     4
 -1.1008266616243452E-01 a      1165     1     4     2     5
  4.5207584111662785E-01 a      1166     1     4     2     6
  3.7348424926308949E-01 a      1167     1     4     2     7
  1.8562760639073642E-01 a      1168     1     4     2     8
  3.1977995844218005E-01 a      1169     1     4     2     9
  3.1197605251787081E-01 a      1170     1     4     2    10
  4.1599672362598900E-01 a      1171     1     4     2    11
 -2.6770565544675379E-01 a      1172     1     4     2    12
 -3.0024716604608165E-01 a      1173     1     4     2    13
 -3.2465045958490590E-01 a      1174     1     4     2    14
  1.1677638300906092E-01 a      1175     1     4     2    15
  4.5651295885810272E-01 a      1176     1     4     2    16
 -3.8076544514501992E-01 a      1177     1     4     2    17
 -2.2341629335359720E-01 a      1178     1     4     2    18
 -6.8661820660618589E-01 a      1179     1     4     2    19
 -5.8284494471824977E-01 a      1180     1     4     2    20
 -3.1547792748352338E-01 a      1181     1     5     2     1
 -6.0093335460336073E-01 a      1182     1     5     2     2
 -4.8505688134110581E-01 a      1183     1     5     2     3
  5.3619086128510240E-01 a      1184     1     5     2     4
 -2.3200428439917717E-01 a      1185     1     5     2     5
  3.3583047658441195E-01 a      1186     1     5     2     6
 -3.7298963898532739E-01 a      1187     1     5     2     7
 -1.2695727233842716E-01 a      1188     1     5     2     8
  1.3245840150950491E-01 a      1189     1     5     2     9
  6.9139872593594109E-01 a      1190     1     5     2    10
  6.1777711371129895E-01 a      1191     1     5     2    11
  6.5708906871211048E-01 a      1192     1     5     2    12
 -2.9667147044288122E-01 a      1193     1     5     2    13
 -4.1513782688892109E-01 a      1194     1     5     2    14
 -1.1715731008597670E-01 a      1195     1     5     2    15
  3.5828551707867051E-01 a      1196     1     5     2    16
 -3.2621039878478675E-01 a      1197     1     5     2    17
  3.3499048128566178E-01 a      1198     1     5     2    18
 -1.1538095522933048E-01 a      1199     1     5     2    19
  4.6716060902874273E-01 a      1200     1     5     2    20
 -2.7646883899199187E-01 a      1201     1     6     2     1
  5.3465818307899404E-01 a      1202     1     6     2     2
 -2.0744889779766401E-01 a      1203     1     6     2     3
  6.1355252067979975E-02 a      1204     1     6     2     4
 -1.8531674945682000E-01 a      1205     1     6     2     5
  2.0874735126899499E-01 a      1206     1     6     2     6
  4.7894975854874905E-01 a      1207     1     6     2     7
  4.4709722736664603E-01 a      1208     1     6     2     8
  2.9656244242749047E-01 a      1209     1     6     2     9
 -2.3112665758218157E-01 a      1210     1     6     2    10
 -1.4846633742994492E-01 a      1211     1     6     2    11
  3.0227853764792700E-01 a      1212     1     6     2    12
  8.8472899405823466E-02 a      1213     1     6     2    13
  5.4248566004413501E-01 a      1214     1     6     2    14
 -2.3971590118721775E-01 a      1215     1     6     2    15
 -2.0850254463396203E-01 a      1216     1     6     2    16
  8.9869737888433887E-02 a      1217     1     6     2    17
 -3.8790251775888668E-01 a      1218     1     6     2    18
 -7.2245204888550663E-01 a      1219     1     6     2    19
  5.5883260550738667E-01 a      1220     1     6     2    20
 -6.2734094878349079E-04 a      1221     1     7     2     1
 -2.3699497592581567E-01 a      1222     1     7     2     2
 -3.3809598363269688E-01 a      1223     1     7     2     3
  3.6945321503559420E-01 a      1224     1     7     2     4
  3.1979912433873403E-01 a      1225     1     7     2     5
 -2.0813295452217295E-01 a      1226     1     7     2     6
 -1.0245316583183146E-01 a      1227     1     7     2     7
 -2.5477624612914335E-01 a      1228     1     7     2     8
  1.6923507357289583E-01 a      1229     1     7     2     9
  3.6731895146505059E-02 a      1230     1     7     2    10
  2.9460179690574800E-01 a      1231     1     7     2    11
  4.8685786406389792E-01 a      1232     1     7     2    12
 -1.0080665400519699E+00 a      1233     1     7     2    13
 -3.0043836963128068E-01 a      1234     1     7     2    14
 -3.1626068543952068E-01 a      1235     1     7     2    15
 -4.3746072581784945E-01 a      1236     1     7     2    16
  6.9306533057743380E-01 a      1237     1     7     2    17
 -1.2971536785767754E-01 a      1238     1     7     2    18
 -2.9803485663584023E-01 a      1239     1     7     2    19
  7.5314162773992044E-01 a      1240     1     7     2    20
  5.3378249330983474E-01 a      1241     1     8     2     1
  3.7807569798101411E-03 a      1242     1     8     2     2
 -5.6398987327286787E-01 a      1243     1     8     2     3
  1.8636361190968687E-01 a      1244     1     8     2     4
  3.7328262349861596E-01 a      1245     1     8     2     5
  3.1845955379295532E-01 a      1246     1     8     2     6
 -1.9415805844313574E-01 a      1247     1     8     2     7
 -1.7692215694845775E-01 a      1248     1     8     2     8
  1.4973924227178131E-01 a      1249     1     8     2     9
 -2.5491821685741800E-01 a      1250     1     8     2    10
  5.2951238180682175E-02 a      1251     1     8     2    11
 -5.0724283159516459E-01 a      1252     1     8     2    12
  3.6494192285054440E-02 a      1253     1     8     2    13
  9.6706052726831165E-02 a      1254     1     8     2    14
  4.8931961687757036E-01 a      1255     1     8     2    15
 -5.6477372647981949E-01 a      1256     1     8     2    16
  2.3520077476447140E-01 a      1257     1     8     2    17
 -4.6207587009846625E-02 a      1258     1     8     2    18
  1.3186957789492892E-01 a      1259     1     8     2    19
  6.8507941986142754E-02 a      1260     1     8     2    20
  3.5680689548932193E-01 a      1261     1     9     2     1
  5.1286021621107514E-01 a      1262     1     9     2     2
  1.9107895886074708E-01 a      1263     1     9     2     3
  5.1370197530388007E-01 a      1264     1     9     2     4
  4.0306551807635937E-01 a      1265     1     9     2     5
  6.0062446247881596E-01 a      1266     1     9     2     6
  5.0230966390836929E-01 a      1267     1     9     2     7
 -1.7238510922505743E-01 a      1268     1     9     2     8
 -1.3226331877514871E-01 a      1269     1     9     2     9
 -3.6910750655128299E-01 a      1270     1     9     2    10
 -5.9580071113357302E-01 a      1271     1     9     2    11
 -2.9943489255632150E-01 a      1272     1     9     2    12
 -1.3143759807766028E-01 a      1273     1     9     2    13
 -9.6632664701704896E-02 a      1274     1     9     2    14
  5.7875373022329446E-01 a      1275     1     9     2    15
 -6.4357834934350300E-01 a      1276     1     9     2    16
 -5.4190042044511022E-01 a      1277     1     9     2    17
 -6.8387673244204539E-01 a      1278     1     9     2    18
  3.3782845067777639E-01 a      1279     1     9     2    19
  1.8682870364952389E-01 a      1280     1     9     2    20
  7.9142868480741799E-02 a      1281     1    10     2     1
  6.4382356803205409E-01 a      1282     1    10     2     2
  2.0729292656975173E-01 a      1283     1    10     2     3
 -2.1016534702480091E-01 a      1284     1    10     2     4
 -1.5582973592057670E-01 a      1285     1    10     2     5
  4.1374454615854439E-01 a      1286     1    10     2     6
  4.1032813647221883E-01 a      1287     1    10     2     7
  8.4628844292608807E-01 a      1288     1    10     2     8
 -1.5069317919616337E-01 a      1289     1    10     2     9
 -4.2850937073487660E-01 a      1290     1    10     2    10
  2.9570870972072388E-01 a      1291     1    10     2    11
 -4.0796782716713742E-01 a      1292     1    10     2    12
 -8.3391694044054621E-01 a      1293     1    10     2    13
  3.0157440673902991E-01 a      1294     1    10     2    14
 -5.5838171666231917E-01 a      1295     1    10     2    15
 -3.3873868925882478E-01 a      1296     1    10     2    16
 -2.3780571679708201E-01 a      1297     1    10     2    17
  4.6355476664880207E-01 a      1298     1    10     2    18
 -6.4696971618271482E-01 a      1299     1    10     2    19
  6.3276337191794996E-01 a      1300     1    10     2    20
  3.3918804147974607E-01 a      1301     1    11     2     1
 -1.7958394126936006E-01 a      1302     1    11     2     2
 -7.2135433770116208E-01 a      1303     1    11     2     3
 -4.9907927805889617E-02 a      1304     1    11     2     4
 -3.5090179826406181E-01 a      1305     1    11     2     5
  5.7036758398231291E-01 a      1306     1    11     2     6
  7.4218847403564547E-01 a      1307     1    11     2     7
  3.1066773075854498E-01 a      1308     1    11     2     8
 -1.4925852967234141E-01 a      1309     1    11     2     9
 -8.2939409225277982E-01 a      1310     1    11     2    10
  3.4086751696358664E-01 a      1311     1    11     2    11
  4.1918901174721795E-01 a      1312     1    11     2    12
 -8.2456424326044586E-01 a      1313     1    11     2    13
  1.7185785325055622E-01 a      1314     1    11     2    14
 -5.4438401189272356E-01 a      1315     1    11     2    15
 -1.8523934440937484E-01 a      1316     1    11     2    16
  8.3091177208900779E-01 a      1317     1    11     2    17
  2.0379436586807509E-01 a      1318     1    11     2    18
 -4.0678425316075778E-01 a      1319     1    11     2    19
  2.8497191430249730E-01 a      1320     1    11     2    20
  6.0166556799028914E-01 a      1321     1    12     2     1
 -2.5012172445979408E-01 a      1322     1    12     2     2
  3.4031456412234634E-01 a      1323     1    12     2     3
 -1.5839180278624809E-01 a      1324     1    12     2     4
  6.7297460189506567E-02 a      1325     1    12     2     5
  6.2866050219344879E-03 a      1326     1    12     2     6
 -6.5221261210783421E-02 a      1327     1    12     2     7
 -2.3489332121673689E-01 a      1328     1    12     2     8
 -4.8135887369263514E-01 a      1329     1    12     2     9
 -3.6835339071377388E-01 a      1330     1    12     2    10
 -7.5652398493137804E-02 a      1331     1    12     2    11
 -1.8836478053252872E-01 a      1332     1    12     2    12
 -1.4452798699739688E-01 a      1333     1    12     2    13
 -4.1759470534643678E-01 a      1334     1    12     2    14
 -4.2286574928772586E-01 a      1335     1    12     2    15
 -2.4619481815701388E-01 a      1336     1    12     2    16
  1.5641923400098359E-01 a      1337     1    12     2    17
  3.9836066252582597E-01 a      1338     1    12     2    18
 -2.6507238290517116E-01 a      1339     1    12     2    19
 -1.5211537889583637E-01 a      1340     1    12     2    20
 -8.4864054461218053E-01 a      1341     1    13     2     1
 -3.9147766189433897E-01 a      1342     1    13     2     2
  5.3684422642878304E-01 a      1343     1    13     2     3
  1.5300301873500693E-01 a      1344     1    13     2     4
 -4.7707513311502014E-01 a      1345     1    13     2     5
 -2.0340789405623488E-01 a      1346     1    13     2     6
  1.4494931803992414E-01 a      1347     1    13     2     7
 -1.2500662866569132E-01 a      1348     1    13     2     8
 -3.9052424942886060E-01 a      1349     1    13     2     9
  5.4354318113044975E-01 a      1350     1    13     2    10
  5.7069303744109512E-01 a      1351     1    13     2    11
 -5.2955956152014039E-01 a      1352     1    13     2    12
  3.9591897396742859E-01 a      1353     1    13     2    13
  5.1826722618386323E-01 a      1354     1    13     2    14
  1.8362879952835236E-02 a      1355     1    13     2    15
 -9.1564093488282317E-01 a      1356     1    13     2    16
  4.8935366280109155E-01 a      1357     1    13     2    17
 -5.6953294461408854E-01 a      1358     1    13     2    18
  5.0354194464008725E-02 a      1359     1    13     2    19
 -3.3869401418279754E-01 a      1360     1    13     2    20
  7.1460890870635030E-01 a      1361     1    14     2     1
 -4.0281990071622931E-01 a      1362     1    14     2     2
 -3.2909335350006824E-01 a      1363     1    14     2     3
  4.3428725428711851E-01 a      1364     1    14     2     4
 -1.6053587866149180E-01 a      1365     1    14     2     5
 -6.1849404261862095E-01 a      1366     1    14     2     6
  2.2994362707479404E-01 a      1367     1    14     2     7
 -3.6541803671565609E-01 a      1368     1    14     2     8
 -1.1085306312804713E-01 a      1369     1    14     2     9
  2.1705303592625505E-01 a      1370     1    14     2    10
  6.9606233434054199E-02 a      1371     1    14     2    11
  1.0315041048182447E-01 a      1372     1    14     2    12
  3.8450599683879050E-01 a      1373     1    14     2    13
 -6.5064728459138590E-02 a      1374     1    14     2    14
  3.2218412080329140E-01 a      1375     1    14     2    15
 -8.0026741020941961E-01 a      1376     1    14     2    16
 -2.5099331547792370E-01 a      1377     1    14     2    17
  2.3509070284413411E-01 a      1378     1    14     2    18
 -3.2629385965122340E-02 a      1379     1    14     2    19
  5.0058997892128487E-01 a      1380     1    14     2    20
 -5.4640969670317552E-01 a      1381     1    15     2     1
  2.5331311116722560E-01 a      1382     1    15     2     2
 -6.4426179882794798E-01 a      1383     1    15     2     3
  5.2010423983641885E-01 a      1384     1    15     2     4
  1.8680415552965002E-01 a      1385     1    15     2     5
 -1.7925310874345493E-01 a      1386     1    15     2     6
  4.1604651559027239E-01 a      1387     1    15     2     7
  2.1599328491290840E-01 a      1388     1    15     2     8
 -3.5253038686670113E-01 a      1389     1    15     2     9
 -8.6648522246312365E-02 a      1390     1    15     2    10
 -3.8689731170100161E-01 a      1391     1    15     2    11
 -1.7284809041725030E-01 a      1392     1    15     2    12
 -2.5545773301607055E-01 a      1393     1    15     2    13
  1.0552658249364445E-01 a      1394     1    15     2    14
  2.5614668131824514E-01 a      1395     1    15     2    15
  3.9655239304701873E-01 a      1396     1    15     2    16
 -2.6637438915190603E-01 a      1397     1    15     2    17
 -4.0347040703929235E-02 a      1398     1    15     2    18
 -2.2463201698200114E-01 a      1399     1    15     2    19
  6.0749318338765390E-01 a      1400     1    15     2    20
 -3.5289767600753974E-01 a      1401     1    16     2     1
  5.8576422500112413E-01 a      1402     1    16     2     2
 -2.8465981046297756E-01 a      1403     1    16     2     3
 -4.0239238728897375E-01 a      1404     1    16     2     4
  6.8552687397097811E-01 a      1405     1    16     2     5
  4.0376821071072139E-01 a      1406     1    16     2     6
  1.3477717744330733E-01 a      1407     1    16     2     7
  4.9618318656821542E-01 a      1408     1    16     2     8
  1.1282525411356145E-01 a      1409     1    16     2     9
  2.4388019730290228E-01 a      1410     1    16     2    10
 -4.9476563339082769E-01 a      1411     1    16     2    11
  9.0801910092766780E-02 a      1412     1    16     2    12
 -1.2983677712131081E-01 a      1413     1    16     2    13
 -3.2808155570611930E-01 a      1414     1    16     2    14
 -2.9187261593803537E-01 a      1415     1    16     2    15
 -3.3978891753947416E-02 a      1416     1    16     2    16
 -3.0479745183391083E-01 a      1417     1    16     2    17
  5.4555149336238196E-01 a      1418     1    16     2    18
 -6.6984912557353016E-01 a      1419     1    16     2    19
 -5.1680623948094961E-01 a      1420     1    16     2    20
  1.2604358508975552E-01 a      1421     1    17     2     1
  2.1979106543665730E-01 a      1422     1    17     2     2
  1.0607463885731179E-01 a      1423     1    17     2     3
  6.3177294156944031E-01 a      1424     1    17     2     4
 -2.5849191099969937E-01 a      1425     1    17     2     5
 -3.9494606051316788E-01 a      1426     1    17     2     6
 -2.3962602146440232E-01 a      1427     1    17     2     7
  3.5543972911046884E-01 a      1428     1    17     2     8
 -7.1583807046438319E-01 a      1429     1    17     2     9
  4.1034779007902650E-01 a      1430     1    17     2    10
 -3.5431828255567710E-01 a      1431     1    17     2    11
  3.5133155098685080E-02 a      1432     1    17     2    12
 -8.0212078818307178E-02 a      1433     1    17     2    13
 -4.7763090956928450E-01 a      1434     1    17     2    14
 -5.1895732702156017E-01 a      1435     1    17     2    15
  8.9311360037655260E-02 a      1436     1    17     2    16
  4.3256230464569578E-01 a      1437     1    17     2    17
  2.2049468434600317E-01 a      1438     1    17     2    18
 -1.1781668829163330E-01 a      1439     1    17     2    19
 -2.8317862956129769E-01 a      1440     1    17     2    20
  1.4671143426533648E-01 a      1441     1    18     2     1
 -3.2441562857524670E-01 a      1442     1    18     2     2
 -3.3504881961100974E-01 a      1443     1    18     2     3
  2.2313791290998353E-01 a      1444     1    18     2     4
 -7.4169025435249614E-02 a      1445     1    18     2     5
  4.9633055192376219E-01 a      1446     1    18     2     6
  2.8581303149773457E-01 a      1447     1    18     2     7
  2.9938115195294468E-01 a      1448     1    18     2     8
 -6.1150683356165669E-01 a      1449     1    18     2     9
  1.9218070890348629E-01 a      1450     1    18     2    10
  1.3742095838014870E-01 a      1451     1    18     2    11
 -3.2111564128135428E-01 a      1452     1    18     2    12
 -3.8537397323062011E-01 a      1453     1    18     2    13
  7.9561796408815513E-02 a      1454     1    18     2    14
  2.4775954602985079E-01 a      1455     1    18     2    15
 -3.9454032426437524E-02 a      1456     1    18     2    16
  7.5027341158907912E-02 a      1457     1    18     2    17
 -4.5629773290104978E-03 a      1458     1    18     2    18
  2.9481484015082580E-02 a      1459     1    18     2    19
  6.4997628077552150E-01 a      1460     1    18     2    20
 -3.5807937535588884E-02 a      1461     1    19     2     1
  4.4838549239542058E-01 a      1462     1    19     2     2
  5.8804504409674101E-02 a      1463     1    19     2     3
 -4.1788426603728207E-01 a      1464     1    19     2     4
  4.8901843428167624E-01 a      1465     1    19     2     5
  3.5672703486154400E-01 a      1466     1    19     2     6
  8.8890170838695201E-02 a      1467     1    19     2     7
  1.2478548867593506E-01 a      1468     1    19     2     8
 -4.4675772659682894E-01 a      1469     1    19     2     9
  1.4067713703841564E-01 a      1470     1    19     2    10
 -4.9922624197768034E-01 a      1471     1    19     2    11
 -9.5757153074011070E-01 a      1472     1    19     2    12
  3.3790075147350183E-02 a      1473     1    19     2    13
  4.1677917297987649E-01 a      1474     1    19     2    14
  8.5052739364933655E-02 a      1475     1    19     2    15
 -1.1980025971589520E-01 a      1476     1    19     2    16
 -3.9944671592320247E-01 a      1477     1    19     2    17
 -4.2880530377544790E-01 a      1478     1    19     2    18
  1.5692892751518558E-01 a      1479     1    19     2    19
 -2.0209583431620193E-01 a      1480     1    19     2    20
  2.3961195982666841E-01 a      1481     1    20     2     1
 -5.0596478789234312E-01 a      1482     1    20     2     2
  2.6327454648026138E-01 a      1483     1    20     2     3
  5.0039755477893511E-01 a      1484     1    20     2     4
  5.7586744217958596E-01 a      1485     1    20     2     5
  3.9983455543757485E-01 a      1486     1    20     2     6
  5.7546397958332041E-01 a      1487     1    20     2     7
 -6.5075940313715663E-01 a      1488     1    20     2     8
  7.4234817477962334E-01 a      1489     1    20     2     9
 -3.9439385254582604E-01 a      1490     1    20     2    10
  5.0070052502251217E-01 a      1491     1    20     2    11
 -5.1042525074200695E-01 a      1492     1    20     2    12
  4.8922743347440995E-01 a      1493     1    20     2    13
  6.9550823723851440E-01 a      1494     1    20     2    14
  6.3937829481656938E-01 a      1495     1    20     2    15
  1.4453581625735742E-01 a      1496     1    20     2    16
  2.5256726931404289E-01 a      1497     1    20     2    17
 -1.5999628049077438E-01 a      1498     1    20     2    18
  3.4846359674557031E-01 a      1499     1    20     2    19
 -4.0429584152440379E-01 a      1500     1    20     2    20
 -1.4422109976821447E+00 b      1501     2     1
 -1.5184271447985296E+00 b      1502     2     2
  2.8824419433252479E-01 b      1503     2     3
  1.2044805573799062E+00 b      1504     2     4
  1.4712438848242524E+00 b      1505     2     5
  7.6618665752320958E-01 b      1506     2     6
 -7.0103526142971906E-01 b      1507     2     7
 -1.4510823089867357E+00 b      1508     2     8
 -9.0925229752493855E-02 b      1509     2     9
  6.7503795744678785E-01 b      1510     2    10
 -7.6900343251405556E-01 b      1511     2    11
  5.8318231845030832E-01 b      1512     2    12
 -3.2706930171863019E-01 b      1513     2    13
  3.8356158929070383E-01 b      1514     2    14
 -4.3905829102619348E-01 b      1515     2    15
 -4.5850784532270306E-01 b      1516     2    16
 -6.2388416950459613E-01 b      1517     2    17
  1.5598692256472095E+00 b      1518     2    18
 -4.3140944977872925E-01 b      1519     2    19
  7.1159612799452310E-01 b      1520     2    20
  3.3160923535773418E-01 a      1521     2     1     3     1
 -5.4701919040858904E-01 a      1522     2     2     3     1
 -4.4965755609736639E-02 a      1523     2     3     3     1
  2.4433606057505211E-01 a      1524     2     4     3     1
  1.0535680562057767E-01 a      1525     2     5     3     1
  7.7539123913924690E-01 a      1526     2     6     3     1
  1.8837612589683764E-01 a      1527     2     7     3     1
  5.0936893947500472E-01 a      1528     2     8     3     1
  3.3131753206282644E-01 a      1529     2     9     3     1
  6.3394505958126429E-02 a      1530     2    10     3     1
 -1.1959991582117238E-02 a      1531     2    11     3     1
 -6.0678208170145909E-01 a      1532     2    12     3     1
  8.7055970155253448E-01 a      1533     2    13     3     1
 -1.4982124725669918E-01 a      1534     2    14     3     1
  5.9553331191229208E-01 a      1535     2    15     3     1
  7.2687901180971282E-01 a      1536     2    16     3     1
 -7.4423809456372891E-01 a      1537     2    17     3     1
  2.9939043242897340E-01 a      1538     2    18     3     1
 -3.4299195954634931E-01 a      1539     2    19     3     1
 -8.2278001858783101E-01 a      1540     2    20     3     1
 -1.0083890014310855E+00 b      1541     3     1
