################################################################################
# Neural network connection values (weights and biases).
################################################################################
# Col  Name       Description
################################################################################
# 1    connection Neural network connection value.
# 2    t          Connection type (a = weight, b = bias).
# 3    index      Index enumerating weights.
# 4    l_s        Starting point layer (end point layer for biases).
# 5    n_s        Starting point neuron in starting layer (end point neuron for biases).
# 6    l_e        End point layer.
# 7    n_e        End point neuron in end layer.
################################################################################
#                      1 2         3     4     5     6     7
#             connection t     index   l_s   n_s   l_e   n_e
############################################################
 -3.2034630584875989E-02 a         1     0     1     1     1
  8.8554083754926963E-03 a         2     0     1     1     2
  9.1322107748916651E-02 a         3     0     1     1     3
  6.0429280886008102E-02 a         4     0     1     1     4
  2.2740759162127436E-01 a         5     0     1     1     5
 -1.8846761368812609E-01 a         6     0     1     1     6
  4.5560308818749208E-02 a         7     0     1     1     7
 -4.6948685654008476E-02 a         8     0     1     1     8
 -2.2204661715651905E-01 a         9     0     1     1     9
  1.4626457768711418E-01 a        10     0     1     1    10
 -2.3578203249117138E-01 a        11     0     1     1    11
  3.3778552843709453E-02 a        12     0     1     1    12
 -8.8419772563978677E-02 a        13     0     1     1    13
 -1.0849484149435036E-01 a        14     0     1     1    14
 -2.1692602289823157E-01 a        15     0     1     1    15
 -2.8381689433685908E-01 a        16     0     1     1    16
  3.0236922284006612E-01 a        17     0     1     1    17
 -5.6311089460445295E-02 a        18     0     1     1    18
 -3.9515776734586533E-02 a        19     0     1     1    19
 -1.9190951552403603E-02 a        20     0     1     1    20
 -9.8778692361648587E-02 a        21     0     2     1     1
  6.8874753239760597E-02 a        22     0     2     1     2
 -6.7971634550573173E-02 a        23     0     2     1     3
 -1.1648293679602012E-01 a        24     0     2     1     4
 -1.3977501836585603E-02 a        25     0     2     1     5
 -3.1785968582167518E-01 a        26     0     2     1     6
 -2.7277725022582267E-01 a        27     0     2     1     7
  6.2806500314147598E-02 a        28     0     2     1     8
  3.2232724569997089E-02 a        29     0     2     1     9
  3.4702276963715945E-01 a        30     0     2     1    10
 -7.9121261272517909E-02 a        31     0     2     1    11
 -7.1350649710975010E-03 a        32     0     2     1    12
  9.7890742104385711E-02 a        33     0     2     1    13
  1.2626662478088768E-01 a        34     0     2     1    14
  1.3041671475625857E-01 a        35     0     2     1    15
 -4.4727306760118143E-02 a        36     0     2     1    16
 -2.1385927179067100E-02 a        37     0     2     1    17
 -1.7146597001284700E-01 a        38     0     2     1    18
  8.7648168795568734E-02 a        39     0     2     1    19
 -1.1866154390019727E-01 a        40     0     2     1    20
 -1.0466544512060581E-01 a        41     0     3     1     1
 -2.8875325890028342E-01 a        42     0     3     1     2
  2.5005528482980055E-01 a        43     0     3     1     3
 -2.3798431569215298E-02 a        44     0     3     1     4
  1.4842751869724957E-01 a        45     0     3     1     5
  1.2332810448459136E-02 a        46     0     3     1     6
  2.2820795321105194E-01 a        47     0     3     1     7
 -9.6980113077843100E-02 a        48     0     3     1     8
 -7.5271877045949009E-02 a        49     0     3     1     9
  3.6980833754599957E-02 a        50     0     3     1    10
  1.0495824844677665E-01 a        51     0     3     1    11
 -2.3459351139089521E-01 a        52     0     3     1    12
 -2.5335905377577994E-01 a        53     0     3     1    13
 -1.5266635284791663E-01 a        54     0     3     1    14
  8.9368786759944571E-02 a        55     0     3     1    15
  1.7783261853625443E-01 a        56     0     3     1    16
  1.1006709011660593E-01 a        57     0     3     1    17
  2.3783410198305382E-01 a        58     0     3     1    18
  2.2560254166507404E-01 a        59     0     3     1    19
  7.2900471203155071E-02 a        60     0     3     1    20
 -8.8135882285336684E-02 a        61     0     4     1     1
 -8.6704965207798551E-02 a        62     0     4     1     2
  8.1659312141299054E-02 a        63     0     4     1     3
  2.4410895600640750E-01 a        64     0     4     1     4
 -2.6548419654687971E-01 a        65     0     4     1     5
  2.2065528450445404E-01 a        66     0     4     1     6
  3.2603183240418548E-01 a        67     0     4     1     7
  6.0863802855963343E-02 a        68     0     4     1     8
  1.9556433271977386E-01 a        69     0     4     1     9
 -2.1623408808572245E-01 a        70     0     4     1    10
  2.4294089114829159E-01 a        71     0     4     1    11
 -1.2161840786550965E-01 a        72     0     4     1    12
  2.6256313351500715E-01 a        73     0     4     1    13
  1.2154003090916556E-01 a        74     0     4     1    14
  1.1544643110502656E-01 a        75     0     4     1    15
  1.7844708701362005E-01 a        76     0     4     1    16
 -2.3607256703133139E-01 a        77     0     4     1    17
  9.1952652581894001E-02 a        78     0     4     1    18
 -1.4971730672195374E-01 a        79     0     4     1    19
 -1.4379930885308942E-01 a        80     0     4     1    20
  3.1818841806023485E-02 a        81     0     5     1     1
 -1.0930709744123392E-01 a        82     0     5     1     2
 -2.0691384408970795E-01 a        83     0     5     1     3
 -2.2227454955496262E-01 a        84     0     5     1     4
 -3.3130434235480577E-01 a        85     0     5     1     5
  1.9192860814881779E-01 a        86     0     5     1     6
  3.0982691331343980E-02 a        87     0     5     1     7
 -4.5425432118658043E-02 a        88     0     5     1     8
 -1.6056176282415613E-01 a        89     0     5     1     9
 -3.2950694338873382E-01 a        90     0     5     1    10
 -3.5035152599977339E-02 a        91     0     5     1    11
  7.1164318894652592E-02 a        92     0     5     1    12
 -2.6003057938611751E-01 a        93     0     5     1    13
 -6.7320642282352461E-02 a        94     0     5     1    14
 -1.8299109884055600E-01 a        95     0     5     1    15
  1.6880898012693385E-01 a        96     0     5     1    16
  5.6309493791551569E-02 a        97     0     5     1    17
  1.5197771223789314E-01 a        98     0     5     1    18
 -3.7180854188432914E-02 a        99     0     5     1    19
  3.2574133744759942E-01 a       100     0     5     1    20
  3.6118100841329964E-02 a       101     0     6     1     1
  1.1762238146310398E-01 a       102     0     6     1     2
 -1.3178035461621948E-01 a       103     0     6     1     3
 -5.0683466976833506E-02 a       104     0     6     1     4
 -1.5666009484489860E-02 a       105     0     6     1     5
 -1.5649858239390660E-01 a       106     0     6     1     6
  4.1044451796724279E-01 a       107     0     6     1     7
  8.4476299104660216E-02 a       108     0     6     1     8
 -1.9211862757012402E-01 a       109     0     6     1     9
 -3.2259611680921008E-02 a       110     0     6     1    10
  3.9323512162367280E-01 a       111     0     6     1    11
 -5.5193700343673643E-02 a       112     0     6     1    12
  2.1574678447136392E-01 a       113     0     6     1    13
 -5.9124000039787156E-02 a       114     0     6     1    14
 -3.4328445829582166E-02 a       115     0     6     1    15
  2.4104127989369414E-01 a       116     0     6     1    16
 -9.2500570253492675E-02 a       117     0     6     1    17
 -2.7597318601689041E-01 a       118     0     6     1    18
  7.2346086191113573E-02 a       119     0     6     1    19
  2.5231763040409055E-01 a       120     0     6     1    20
 -2.7184188788257641E-02 a       121     0     7     1     1
 -7.5704552579105550E-02 a       122     0     7     1     2
 -1.5511904904843712E-02 a       123     0     7     1     3
 -7.2218069538068294E-02 a       124     0     7     1     4
  3.1276164715459087E-01 a       125     0     7     1     5
 -1.1197172878283478E-01 a       126     0     7     1     6
  1.5375601881204226E-01 a       127     0     7     1     7
 -8.2272836604906281E-04 a       128     0     7     1     8
 -2.4270752935482495E-01 a       129     0     7     1     9
 -1.6810159423651688E-02 a       130     0     7     1    10
  2.3998392921661194E-01 a       131     0     7     1    11
  1.0817854437402022E-01 a       132     0     7     1    12
 -2.5859790432423535E-01 a       133     0     7     1    13
 -3.0232526738503629E-01 a       134     0     7     1    14
 -1.6609462498738953E-01 a       135     0     7     1    15
  2.1576925309192085E-01 a       136     0     7     1    16
  2.0138729163389898E-01 a       137     0     7     1    17
  2.4891679885379450E-01 a       138     0     7     1    18
  1.9647340901405674E-01 a       139     0     7     1    19
  2.3840455351539083E-01 a       140     0     7     1    20
 -2.4459558807084852E-01 a       141     0     8     1     1
 -4.2922491741212120E-02 a       142     0     8     1     2
  1.3050080091837896E-01 a       143     0     8     1     3
 -6.6299689450684596E-02 a       144     0     8     1     4
  1.2583602735975688E-01 a       145     0     8     1     5
  1.3957957193704215E-01 a       146     0     8     1     6
 -1.8008223213591604E-01 a       147     0     8     1     7
 -1.1433299440738656E-01 a       148     0     8     1     8
 -1.2930222008811162E-01 a       149     0     8     1     9
  2.5457277126502431E-01 a       150     0     8     1    10
 -1.0137426352358619E-03 a       151     0     8     1    11
 -2.9480372117499473E-02 a       152     0     8     1    12
  2.9507728859088439E-01 a       153     0     8     1    13
  2.1297657546885862E-01 a       154     0     8     1    14
  2.1899724173009119E-01 a       155     0     8     1    15
  1.3439834519085012E-01 a       156     0     8     1    16
 -8.5965439470640670E-02 a       157     0     8     1    17
 -6.1540062344254000E-02 a       158     0     8     1    18
  2.3425262024589208E-01 a       159     0     8     1    19
 -2.2336430426704076E-01 a       160     0     8     1    20
 -1.5888574778789497E-01 a       161     0     9     1     1
 -2.6684537642712991E-01 a       162     0     9     1     2
  2.9112312379779307E-02 a       163     0     9     1     3
  1.5677518473858046E-01 a       164     0     9     1     4
  1.0783095508153949E-01 a       165     0     9     1     5
 -1.5349102178985990E-01 a       166     0     9     1     6
  1.3557140235261217E-01 a       167     0     9     1     7
 -2.2253638528776917E-01 a       168     0     9     1     8
  2.0086319103186576E-01 a       169     0     9     1     9
  1.1696813927001301E-02 a       170     0     9     1    10
 -1.6595857979294290E-02 a       171     0     9     1    11
 -2.5632171025222014E-02 a       172     0     9     1    12
  8.6697820832975267E-02 a       173     0     9     1    13
 -9.0263337756005257E-02 a       174     0     9     1    14
 -2.2921711948379817E-01 a       175     0     9     1    15
 -2.7548755984397039E-01 a       176     0     9     1    16
  3.2420512320479594E-01 a       177     0     9     1    17
  2.4604866555458019E-01 a       178     0     9     1    18
 -9.5147475049734795E-02 a       179     0     9     1    19
 -1.3820937671724629E-01 a       180     0     9     1    20
  9.1191989695423220E-02 a       181     0    10     1     1
  1.2235507295190136E-01 a       182     0    10     1     2
  1.4572149789494312E-01 a       183     0    10     1     3
  2.1884548178978405E-01 a       184     0    10     1     4
 -5.1659722078055458E-03 a       185     0    10     1     5
  2.2573620118783630E-01 a       186     0    10     1     6
  1.0008799031320233E-02 a       187     0    10     1     7
 -2.0963013629943611E-01 a       188     0    10     1     8
 -1.4642175513954553E-01 a       189     0    10     1     9
 -1.2273161701513684E-01 a       190     0    10     1    10
  1.9885132515153500E-01 a       191     0    10     1    11
  2.0850608006526775E-02 a       192     0    10     1    12
 -1.1723661329131284E-01 a       193     0    10     1    13
  1.1945960146239445E-01 a       194     0    10     1    14
 -2.1387510940745805E-01 a       195     0    10     1    15
  1.1700538229186268E-01 a       196     0    10     1    16
 -1.4506396987906384E-01 a       197     0    10     1    17
 -9.4308427412996804E-02 a       198     0    10     1    18
  1.7742434387855732E-01 a       199     0    10     1    19
  2.3837908863725854E-01 a       200     0    10     1    20
 -1.1225726595865995E-01 a       201     0    11     1     1
 -1.5748501875331644E-01 a       202     0    11     1     2
 -2.0531109816364443E-01 a       203     0    11     1     3
 -7.3386881268537874E-02 a       204     0    11     1     4
 -7.1689988444203448E-02 a       205     0    11     1     5
  1.1349536466197591E-01 a       206     0    11     1     6
 -2.1681719965023348E-02 a       207     0    11     1     7
 -1.8966241433790751E-01 a       208     0    11     1     8
 -2.5072325252696881E-01 a       209     0    11     1     9
 -2.1461841855590308E-01 a       210     0    11     1    10
 -2.0113210652151112E-01 a       211     0    11     1    11
 -9.4459610056687557E-02 a       212     0    11     1    12
 -9.2751680446654258E-02 a       213     0    11     1    13
 -8.4587263682813538E-02 a       214     0    11     1    14
 -1.9270215738965479E-01 a       215     0    11     1    15
  1.3214197654363849E-01 a       216     0    11     1    16
  2.5988590730562816E-01 a       217     0    11     1    17
  1.8710209884955259E-01 a       218     0    11     1    18
 -9.6728540241820427E-02 a       219     0    11     1    19
 -5.1933059844077034E-02 a       220     0    11     1    20
  3.2441914361089723E-02 a       221     0    12     1     1
  1.4339013662610769E-01 a       222     0    12     1     2
  2.9426995524635996E-01 a       223     0    12     1     3
  1.2643061631393100E-02 a       224     0    12     1     4
  3.0573752928968023E-01 a       225     0    12     1     5
  2.9616696863260528E-01 a       226     0    12     1     6
 -8.6845249695394588E-02 a       227     0    12     1     7
  1.8114203318994229E-01 a       228     0    12     1     8
 -3.2499288606356075E-01 a       229     0    12     1     9
  5.8220147725593717E-02 a       230     0    12     1    10
 -1.1168044107236003E-02 a       231     0    12     1    11
  1.0498285668279714E-01 a       232     0    12     1    12
  1.8861147743949584E-02 a       233     0    12     1    13
  1.2600976055238414E-01 a       234     0    12     1    14
  1.1871038969645333E-01 a       235     0    12     1    15
  1.0716214588291502E-01 a       236     0    12     1    16
  9.4276726542561612E-02 a       237     0    12     1    17
 -4.0113818121954400E-02 a       238     0    12     1    18
 -3.6980139256768274E-01 a       239     0    12     1    19
  9.0202778285208882E-02 a       240     0    12     1    20
 -2.3674744864924716E-01 a       241     0    13     1     1
 -6.0416881404913629E-02 a       242     0    13     1     2
  6.1139728044498569E-02 a       243     0    13     1     3
 -2.3623078219202054E-01 a       244     0    13     1     4
  6.7803431606449763E-02 a       245     0    13     1     5
 -3.9988185767600076E-02 a       246     0    13     1     6
  1.2183650762412711E-01 a       247     0    13     1     7
 -2.4622765513309969E-02 a       248     0    13     1     8
 -1.4092204045201667E-01 a       249     0    13     1     9
 -3.6246351801860038E-01 a       250     0    13     1    10
 -1.8604959201762947E-02 a       251     0    13     1    11
  1.0386071582460793E-01 a       252     0    13     1    12
  8.7319065942452895E-02 a       253     0    13     1    13
 -8.2318359439714592E-02 a       254     0    13     1    14
  3.5349424420128028E-03 a       255     0    13     1    15
 -2.1984510947656488E-01 a       256     0    13     1    16
  9.1083537557584797E-03 a       257     0    13     1    17
  4.2672101027046744E-02 a       258     0    13     1    18
  1.8899010016139231E-01 a       259     0    13     1    19
 -1.1875899117534676E-01 a       260     0    13     1    20
 -7.8492121632113734E-02 a       261     0    14     1     1
 -1.3549087389283881E-01 a       262     0    14     1     2
  1.4897147153811591E-01 a       263     0    14     1     3
  2.5889861680560028E-01 a       264     0    14     1     4
 -5.9875988519261888E-02 a       265     0    14     1     5
  8.5238913135124494E-02 a       266     0    14     1     6
  4.3850104523086506E-02 a       267     0    14     1     7
  1.3996711994052857E-01 a       268     0    14     1     8
 -5.4545487814933652E-02 a       269     0    14     1     9
  1.1189411808301258E-01 a       270     0    14     1    10
  2.3243785850568974E-01 a       271     0    14     1    11
 -7.0169031410324295E-02 a       272     0    14     1    12
  2.1154239569326877E-01 a       273     0    14     1    13
  1.2125703561416293E-01 a       274     0    14     1    14
 -4.6713520311885137E-02 a       275     0    14     1    15
 -1.3649728599550043E-01 a       276     0    14     1    16
  1.9620561237880263E-01 a       277     0    14     1    17
 -1.9341015339228651E-01 a       278     0    14     1    18
  1.4695963165258488E-01 a       279     0    14     1    19
  3.0408711510492868E-02 a       280     0    14     1    20
  2.2930045627990384E-01 a       281     0    15     1     1
  1.6518398822085106E-01 a       282     0    15     1     2
 -1.7269265080620869E-01 a       283     0    15     1     3
  2.4113167945425107E-01 a       284     0    15     1     4
 -1.8068325748462757E-01 a       285     0    15     1     5
  2.8403763493310452E-01 a       286     0    15     1     6
  1.5495055747562603E-01 a       287     0    15     1     7
  1.5108927468696809E-01 a       288     0    15     1     8
 -2.9395011056040615E-01 a       289     0    15     1     9
  1.4497283359323615E-01 a       290     0    15     1    10
 -2.7772743808975431E-01 a       291     0    15     1    11
  9.8893138429518773E-02 a       292     0    15     1    12
  9.7432203439038053E-04 a       293     0    15     1    13
 -1.6579265201502694E-01 a       294     0    15     1    14
 -9.4645091648393104E-02 a       295     0    15     1    15
 -8.0318708473361519E-02 a       296     0    15     1    16
 -1.1248838605617562E-01 a       297     0    15     1    17
  1.3104466869633154E-02 a       298     0    15     1    18
  1.2930243634640881E-01 a       299     0    15     1    19
 -2.0423677129639609E-01 a       300     0    15     1    20
 -2.4333334987406283E-02 a       301     0    16     1     1
 -1.3574603193857152E-02 a       302     0    16     1     2
  1.0754543806914488E-01 a       303     0    16     1     3
 -1.5454177868095786E-01 a       304     0    16     1     4
  2.5905714474631913E-03 a       305     0    16     1     5
  2.9180261134212265E-01 a       306     0    16     1     6
  4.7995616851802016E-03 a       307     0    16     1     7
  1.3027564680894616E-01 a       308     0    16     1     8
 -1.5672591203423625E-01 a       309     0    16     1     9
  1.0585850135484087E-01 a       310     0    16     1    10
 -9.4859880324305479E-02 a       311     0    16     1    11
  1.6038445771809273E-01 a       312     0    16     1    12
 -5.8952097947201278E-02 a       313     0    16     1    13
 -4.5179831162454658E-02 a       314     0    16     1    14
  1.3091298506026516E-01 a       315     0    16     1    15
 -2.9053347697699350E-01 a       316     0    16     1    16
 -3.0783077443785106E-01 a       317     0    16     1    17
  1.1888967524141422E-01 a       318     0    16     1    18
  2.1203739335052804E-01 a       319     0    16     1    19
 -2.2248436656381751E-02 a       320     0    16     1    20
  1.7201971288664927E-01 a       321     0    17     1     1
  1.2206003471165598E-01 a       322     0    17     1     2
 -3.1839612562114233E-01 a       323     0    17     1     3
  1.8892315074475644E-01 a       324     0    17     1     4
  2.5059474136644947E-03 a       325     0    17     1     5
 -2.5339556389953571E-01 a       326     0    17     1     6
 -2.5138387719424778E-02 a       327     0    17     1     7
  1.5425348419656390E-01 a       328     0    17     1     8
  8.7643238197278803E-02 a       329     0    17     1     9
  1.3838989796995999E-01 a       330     0    17     1    10
 -5.9618639813953024E-02 a       331     0    17     1    11
 -2.3422719764720767E-01 a       332     0    17     1    12
  4.1259970571453031E-02 a       333     0    17     1    13
  1.4519213202289910E-01 a       334     0    17     1    14
 -2.3290115434998573E-01 a       335     0    17     1    15
  8.2046658784237378E-02 a       336     0    17     1    16
 -5.3717950685968463E-02 a       337     0    17     1    17
  2.5452438946689382E-01 a       338     0    17     1    18
 -1.5173872386731832E-01 a       339     0    17     1    19
 -3.3356882178108238E-01 a       340     0    17     1    20
 -2.2793710774841963E-01 a       341     0    18     1     1
 -1.1976956539998315E-01 a       342     0    18     1     2
  2.5801317447036681E-01 a       343     0    18     1     3
 -1.0939229398779069E-02 a       344     0    18     1     4
  2.3517728175050892E-02 a       345     0    18     1     5
 -2.3921707169609774E-01 a       346     0    18     1     6
 -1.6433860197706135E-01 a       347     0    18     1     7
 -7.0166959315297622E-02 a       348     0    18     1     8
  9.4058637477883678E-02 a       349     0    18     1     9
 -7.6955076093553815E-02 a       350     0    18     1    10
  1.1380025827925845E-01 a       351     0    18     1    11
  7.4335448634968451E-02 a       352     0    18     1    12
 -6.7508983873989556E-02 a       353     0    18     1    13
  1.0445984714799234E-01 a       354     0    18     1    14
  1.6335190592189427E-01 a       355     0    18     1    15
  1.2709073187058065E-01 a       356     0    18     1    16
  1.0176764938316031E-01 a       357     0    18     1    17
  2.2898803764590722E-01 a       358     0    18     1    18
 -1.2868444209890345E-01 a       359     0    18     1    19
  7.7888279379290631E-02 a       360     0    18     1    20
 -6.0299925107309561E-02 a       361     0    19     1     1
 -7.3201330708469223E-02 a       362     0    19     1     2
  9.6484251993068273E-02 a       363     0    19     1     3
 -8.9651216019699095E-02 a       364     0    19     1     4
  8.9643732965930700E-02 a       365     0    19     1     5
  1.3080833195960626E-01 a       366     0    19     1     6
  1.1849863707307863E-01 a       367     0    19     1     7
 -1.9457124146454144E-01 a       368     0    19     1     8
  1.5264672292713756E-03 a       369     0    19     1     9
 -2.2529103373600828E-01 a       370     0    19     1    10
  4.2247312545176038E-02 a       371     0    19     1    11
  1.4373093648907809E-03 a       372     0    19     1    12
  1.3824989318162703E-01 a       373     0    19     1    13
 -1.4270355133654955E-02 a       374     0    19     1    14
 -2.1898914190099671E-02 a       375     0    19     1    15
 -8.8588217858218340E-02 a       376     0    19     1    16
  8.8168035820347136E-03 a       377     0    19     1    17
 -2.1715784137376945E-01 a       378     0    19     1    18
  1.9072721717216171E-01 a       379     0    19     1    19
 -9.2174109193909518E-02 a       380     0    19     1    20
  9.8177009312664959E-02 a       381     0    20     1     1
 -1.3209995221959428E-01 a       382     0    20     1     2
  2.7632701451847047E-01 a       383     0    20     1     3
  1.4090588009541072E-01 a       384     0    20     1     4
  1.1481795169500038E-01 a       385     0    20     1     5
  1.2878553419396463E-01 a       386     0    20     1     6
  1.7394832372669072E-01 a       387     0    20     1     7
 -1.0920877011474427E-01 a       388     0    20     1     8
  2.2262426093443408E-01 a       389     0    20     1     9
 -2.7707780676564076E-01 a       390     0    20     1    10
  1.4174644289988317E-01 a       391     0    20     1    11
  4.3760377287346809E-02 a       392     0    20     1    12
 -6.7526807952109691E-02 a       393     0    20     1    13
 -1.2372475341498795E-01 a       394     0    20     1    14
 -8.2152352039038826E-02 a       395     0    20     1    15
  4.7710383981413397E-02 a       396     0    20     1    16
  1.7538256384616185E-01 a       397     0    20     1    17
 -2.8460956061489329E-01 a       398     0    20     1    18
 -1.0893480010943773E-01 a       399     0    20     1    19
  2.4597411456324775E-01 a       400     0    20     1    20
  1.2029360720567274E-01 a       401     0    21     1     1
  5.1223951411164391E-02 a       402     0    21     1     2
 -1.7517100601326727E-01 a       403     0    21     1     3
  1.7537533070611858E-01 a       404     0    21     1     4
  2.5862118365950496E-02 a       405     0    21     1     5
  1.4810288553838871E-01 a       406     0    21     1     6
  2.5443815523541002E-01 a       407     0    21     1     7
 -2.2852085646438910E-02 a       408     0    21     1     8
 -1.8632501609592231E-01 a       409     0    21     1     9
  1.4021480881359605E-01 a       410     0    21     1    10
  6.5318560998697664E-02 a       411     0    21     1    11
 -1.2390802042881180E-01 a       412     0    21     1    12
 -1.0365971880800308E-01 a       413     0    21     1    13
 -1.3307655872376528E-01 a       414     0    21     1    14
 -1.8373630923870665E-01 a       415     0    21     1    15
  1.8533614644541369E-01 a       416     0    21     1    16
 -2.2236359411784781E-01 a       417     0    21     1    17
 -1.4126733521800616E-01 a       418     0    21     1    18
 -1.2850998938029441E-02 a       419     0    21     1    19
  1.2530560341851640E-01 a       420     0    21     1    20
  1.0041293675260651E-02 a       421     0    22     1     1
  5.4516203563260965E-02 a       422     0    22     1     2
 -3.8362383355105639E-02 a       423     0    22     1     3
  6.6271917512938205E-02 a       424     0    22     1     4
 -2.2792801633374604E-01 a       425     0    22     1     5
  2.3967379635891833E-01 a       426     0    22     1     6
 -5.5746862346886715E-02 a       427     0    22     1     7
 -1.9215354783613959E-02 a       428     0    22     1     8
  2.1878244973052166E-01 a       429     0    22     1     9
 -1.8234250588574591E-01 a       430     0    22     1    10
 -2.7650844602678892E-01 a       431     0    22     1    11
 -1.3246564202817402E-02 a       432     0    22     1    12
 -5.9988607724965656E-02 a       433     0    22     1    13
 -2.2967802131125661E-02 a       434     0    22     1    14
  1.5047213043321431E-01 a       435     0    22     1    15
 -4.0129707056977770E-02 a       436     0    22     1    16
 -1.2438136863134130E-01 a       437     0    22     1    17
  1.3957582125520779E-01 a       438     0    22     1    18
  2.9529737162765213E-01 a       439     0    22     1    19
  7.7684962115651221E-02 a       440     0    22     1    20
  2.6512997182195708E-01 a       441     0    23     1     1
  1.5546331966925475E-01 a       442     0    23     1     2
 -2.4532762028450142E-01 a       443     0    23     1     3
  2.3924588098694000E-01 a       444     0    23     1     4
 -1.8616379571593372E-02 a       445     0    23     1     5
 -2.9398887443088684E-01 a       446     0    23     1     6
 -7.5243111888035438E-02 a       447     0    23     1     7
  3.3021474194081463E-01 a       448     0    23     1     8
  2.5260070842844473E-01 a       449     0    23     1     9
  2.7743024648146103E-01 a       450     0    23     1    10
 -7.3061596163455769E-02 a       451     0    23     1    11
 -1.4074235758306353E-01 a       452     0    23     1    12
  7.5384451407706763E-04 a       453     0    23     1    13
  1.2905710215502272E-01 a       454     0    23     1    14
 -8.8722423667673828E-02 a       455     0    23     1    15
  2.5253917863293018E-01 a       456     0    23     1    16
 -1.6455377796732160E-01 a       457     0    23     1    17
  1.0806183268019724E-01 a       458     0    23     1    18
 -1.9435125604896193E-02 a       459     0    23     1    19
 -1.9819363810479693E-01 a       460     0    23     1    20
 -7.4844921510590745E-02 a       461     0    24     1     1
 -9.3008959690064563E-02 a       462     0    24     1     2
  1.6087378850675543E-01 a       463     0    24     1     3
  1.8328812320909493E-01 a       464     0    24     1     4
  5.1340630223432070E-02 a       465     0    24     1     5
 -2.3662036430301760E-02 a       466     0    24     1     6
  5.9687854210739064E-02 a       467     0    24     1     7
  7.5127212287135786E-02 a       468     0    24     1     8
 -1.6332740053119292E-02 a       469     0    24     1     9
  5.1503007495807218E-02 a       470     0    24     1    10
  2.0127968788797490E-01 a       471     0    24     1    11
 -3.1170742186519159E-02 a       472     0    24     1    12
  7.3677124507737030E-02 a       473     0    24     1    13
  9.1292580900678252E-02 a       474     0    24     1    14
  7.1653707359304491E-04 a       475     0    24     1    15
 -2.1864749044750782E-02 a       476     0    24     1    16
  1.4124836896431983E-01 a       477     0    24     1    17
  2.1609500453991148E-01 a       478     0    24     1    18
 -6.8391559795691184E-02 a       479     0    24     1    19
 -6.1833574219829462E-02 a       480     0    24     1    20
 -5.1399792406885900E-02 a       481     0    25     1     1
 -4.8922245798930630E-03 a       482     0    25     1     2
 -3.2028008996916879E-02 a       483     0    25     1     3
 -2.8359071689959897E-01 a       484     0    25     1     4
  4.9501993311482570E-02 a       485     0    25     1     5
 -7.6412104561167357E-02 a       486     0    25     1     6
 -1.0621922845805944E-01 a       487     0    25     1     7
 -9.3309556334127380E-02 a       488     0    25     1     8
 -1.1265183836854083E-01 a       489     0    25     1     9
  2.7543538875983248E-01 a       490     0    25     1    10
  1.0625939562205761E-01 a       491     0    25     1    11
  9.9714592946056363E-02 a       492     0    25     1    12
 -3.7799258895113229E-02 a       493     0    25     1    13
  4.7320280249519016E-02 a       494     0    25     1    14
  1.9475541232510710E-01 a       495     0    25     1    15
  5.3059149886014588E-02 a       496     0    25     1    16
 -3.4431236935903736E-01 a       497     0    25     1    17
 -1.3206532213385194E-01 a       498     0    25     1    18
  2.2182467273927066E-02 a       499     0    25     1    19
 -7.2295507695113337E-02 a       500     0    25     1    20
  1.1627103187601390E-01 a       501     0    26     1     1
  3.0929825229839232E-02 a       502     0    26     1     2
 -9.4084592259393932E-02 a       503     0    26     1     3
  1.7912086334818494E-01 a       504     0    26     1     4
  9.0324802286349454E-02 a       505     0    26     1     5
 -9.9211688732525644E-02 a       506     0    26     1     6
 -1.1312456422246521E-01 a       507     0    26     1     7
 -2.7222673632532912E-01 a       508     0    26     1     8
  9.3871043898748410E-02 a       509     0    26     1     9
 -6.4020330303979869E-02 a       510     0    26     1    10
  3.4949194959376756E-01 a       511     0    26     1    11
 -1.2774101900682949E-01 a       512     0    26     1    12
  1.2731217208330251E-01 a       513     0    26     1    13
  1.4320846463317560E-01 a       514     0    26     1    14
 -1.7984576983914105E-01 a       515     0    26     1    15
 -9.1050231193264775E-02 a       516     0    26     1    16
  2.5996737205319054E-01 a       517     0    26     1    17
 -2.5504067353793314E-01 a       518     0    26     1    18
 -1.9365987387938707E-01 a       519     0    26     1    19
  5.8828416927624187E-02 a       520     0    26     1    20
 -1.5996332559926937E-01 a       521     0    27     1     1
  2.2448492158198791E-02 a       522     0    27     1     2
 -1.1202333352476572E-01 a       523     0    27     1     3
 -7.3296688269859842E-02 a       524     0    27     1     4
 -1.0339333632545890E-01 a       525     0    27     1     5
 -6.9718088240874582E-02 a       526     0    27     1     6
 -3.3098283662796622E-02 a       527     0    27     1     7
  1.7408803954047588E-02 a       528     0    27     1     8
 -2.3723475980125452E-01 a       529     0    27     1     9
 -3.3847853474546918E-01 a       530     0    27     1    10
  6.3700390212929198E-02 a       531     0    27     1    11
  3.3969974595743524E-02 a       532     0    27     1    12
 -2.2756281990819821E-01 a       533     0    27     1    13
 -1.1606725011892248E-01 a       534     0    27     1    14
 -1.0430241870460523E-01 a       535     0    27     1    15
 -1.0502988385936506E-01 a       536     0    27     1    16
  1.0461798055608815E-01 a       537     0    27     1    17
 -7.2227584650654458E-02 a       538     0    27     1    18
 -1.1473304846543973E-01 a       539     0    27     1    19
  1.5516463381791673E-01 a       540     0    27     1    20
 -8.3960454322903763E-02 a       541     0    28     1     1
 -1.1396338779785581E-01 a       542     0    28     1     2
  1.5058063211374417E-01 a       543     0    28     1     3
  1.3672786193941472E-01 a       544     0    28     1     4
 -1.0564398544117870E-01 a       545     0    28     1     5
 -2.2980560409794137E-01 a       546     0    28     1     6
  2.6961138032356499E-02 a       547     0    28     1     7
  1.2431685515403634E-01 a       548     0    28     1     8
 -5.0818216428001939E-02 a       549     0    28     1     9
 -3.1601360048780142E-01 a       550     0    28     1    10
  1.7701468384811803E-01 a       551     0    28     1    11
 -3.0156887144561703E-02 a       552     0    28     1    12
 -4.1762232334292111E-02 a       553     0    28     1    13
 -1.0724163115015441E-01 a       554     0    28     1    14
 -1.2104827688853213E-01 a       555     0    28     1    15
  1.9779316174584866E-01 a       556     0    28     1    16
  1.1906128222499571E-01 a       557     0    28     1    17
  7.2327338423318455E-02 a       558     0    28     1    18
  2.6455784654024778E-01 a       559     0    28     1    19
  1.3439574708089175E-01 a       560     0    28     1    20
  1.4472762559133556E-01 a       561     0    29     1     1
 -3.0524091425130587E-04 a       562     0    29     1     2
  8.4152227170006255E-02 a       563     0    29     1     3
  1.8933581154477250E-01 a       564     0    29     1     4
  9.0707611333333715E-02 a       565     0    29     1     5
 -5.0551924106324198E-02 a       566     0    29     1     6
  1.8314239867589807E-01 a       567     0    29     1     7
  9.2337786048696385E-02 a       568     0    29     1     8
  1.2020489366875763E-01 a       569     0    29     1     9
 -6.4026944726683091E-02 a       570     0    29     1    10
 -1.5603164672999323E-01 a       571     0    29     1    11
  3.2879701216965519E-02 a       572     0    29     1    12
 -1.3790999915202737E-01 a       573     0    29     1    13
 -1.1360777193129901E-01 a       574     0    29     1    14
 -1.4142807206720531E-01 a       575     0    29     1    15
  1.7578091173469540E-01 a       576     0    29     1    16
 -7.4077733780842356E-02 a       577     0    29     1    17
  5.9570557037857425E-03 a       578     0    29     1    18
 -7.7426259440016756E-02 a       579     0    29     1    19
  4.4145466553818596E-02 a       580     0    29     1    20
 -1.2616724373024177E-01 a       581     0    30     1     1
 -1.0142711445608374E-01 a       582     0    30     1     2
  2.3057466712135080E-01 a       583     0    30     1     3
 -1.2529168172170396E-01 a       584     0    30     1     4
 -2.3108530224965483E-03 a       585     0    30     1     5
 -2.3455728328837311E-01 a       586     0    30     1     6
  5.5392125668887092E-02 a       587     0    30     1     7
  1.7944239912594215E-01 a       588     0    30     1     8
 -1.5591794754830868E-01 a       589     0    30     1     9
  2.2610703353614245E-02 a       590     0    30     1    10
 -8.2484529620193606E-02 a       591     0    30     1    11
  6.2337234841286580E-02 a       592     0    30     1    12
 -9.4551891523118520E-02 a       593     0    30     1    13
 -1.5063571101556480E-01 a       594     0    30     1    14
  1.6387011339952587E-01 a       595     0    30     1    15
  1.0188073912344121E-01 a       596     0    30     1    16
  1.2452008164066899E-01 a       597     0    30     1    17
  1.8582031798882800E-01 a       598     0    30     1    18
 -1.5436459099065849E-02 a       599     0    30     1    19
  6.1565997266746691E-02 a       600     0    30     1    20
 -2.6662397784908407E-02 a       601     0    31     1     1
 -9.5543357872284088E-02 a       602     0    31     1     2
  9.2395175333076590E-02 a       603     0    31     1     3
  4.1731606722646239E-02 a       604     0    31     1     4
  9.4969355856954540E-02 a       605     0    31     1     5
  2.5048357869391591E-01 a       606     0    31     1     6
  2.0999726900657972E-01 a       607     0    31     1     7
 -3.5359849902496099E-01 a       608     0    31     1     8
 -1.2031122087008157E-01 a       609     0    31     1     9
  1.4681864445212833E-01 a       610     0    31     1    10
  6.3111665067852943E-02 a       611     0    31     1    11
 -7.3189460527142924E-02 a       612     0    31     1    12
  1.1141732504675869E-01 a       613     0    31     1    13
 -2.6476455353924699E-01 a       614     0    31     1    14
 -3.1127674695179797E-01 a       615     0    31     1    15
  1.8441017929785297E-01 a       616     0    31     1    16
  3.0079493362537968E-01 a       617     0    31     1    17
  6.6620566316847582E-02 a       618     0    31     1    18
 -2.1591184893105620E-02 a       619     0    31     1    19
  7.0838835861600183E-02 a       620     0    31     1    20
  1.0909619232085270E-01 a       621     0    32     1     1
  1.4690567666610593E-01 a       622     0    32     1     2
 -2.8768236176280260E-01 a       623     0    32     1     3
  1.7702807458740147E-01 a       624     0    32     1     4
  1.1729253634068848E-01 a       625     0    32     1     5
 -6.0752647336915704E-02 a       626     0    32     1     6
 -3.4093451224766660E-02 a       627     0    32     1     7
 -2.5762250137798359E-01 a       628     0    32     1     8
  1.7527722596724404E-01 a       629     0    32     1     9
  1.5607021023380030E-01 a       630     0    32     1    10
 -3.0416577840124620E-01 a       631     0    32     1    11
  7.0734916814983034E-02 a       632     0    32     1    12
  5.3740856142023341E-02 a       633     0    32     1    13
  9.9768387540493858E-02 a       634     0    32     1    14
  1.9854218557592243E-01 a       635     0    32     1    15
  2.6221070654071477E-01 a       636     0    32     1    16
  1.3088568912423390E-01 a       637     0    32     1    17
 -2.0404653402282261E-01 a       638     0    32     1    18
 -3.2245056464543514E-01 a       639     0    32     1    19
 -1.4370831129827297E-01 a       640     0    32     1    20
 -2.2456939817422840E-02 a       641     0    33     1     1
  1.6885173623323818E-01 a       642     0    33     1     2
  5.9635047134707825E-02 a       643     0    33     1     3
 -2.1412394370942331E-01 a       644     0    33     1     4
  7.1754157124600579E-02 a       645     0    33     1     5
 -1.0729159743419958E-01 a       646     0    33     1     6
  1.8502083075935094E-01 a       647     0    33     1     7
  1.1828261762073340E-01 a       648     0    33     1     8
  1.7270622658913180E-02 a       649     0    33     1     9
 -1.1561737203268051E-02 a       650     0    33     1    10
  2.3246583949915890E-02 a       651     0    33     1    11
  6.1814853913840763E-02 a       652     0    33     1    12
 -5.6232270743956897E-02 a       653     0    33     1    13
 -5.0031047562815151E-02 a       654     0    33     1    14
  1.6326147316010498E-01 a       655     0    33     1    15
 -1.6772024408211675E-01 a       656     0    33     1    16
 -1.5929639976280399E-02 a       657     0    33     1    17
  3.3118431501859863E-01 a       658     0    33     1    18
  1.7088795233675302E-02 a       659     0    33     1    19
 -7.5310781423074888E-02 a       660     0    33     1    20
 -2.7774471403752499E-01 a       661     0    34     1     1
 -1.6743886414488510E-01 a       662     0    34     1     2
 -1.0344781492160379E-01 a       663     0    34     1     3
 -3.5261458529342282E-01 a       664     0    34     1     4
  4.8075932137610928E-03 a       665     0    34     1     5
  5.2738712630147420E-02 a       666     0    34     1     6
 -1.7194762793551674E-01 a       667     0    34     1     7
 -2.2025532752491053E-01 a       668     0    34     1     8
 -7.8303274724826150E-02 a       669     0    34     1     9
  2.0262052352046389E-01 a       670     0    34     1    10
 -1.6227812100928482E-01 a       671     0    34     1    11
 -9.4058200676656170E-02 a       672     0    34     1    12
 -5.4442771065810615E-02 a       673     0    34     1    13
 -1.6169597767085922E-01 a       674     0    34     1    14
  2.6160929704749181E-01 a       675     0    34     1    15
 -6.3048531062124449E-02 a       676     0    34     1    16
  1.6073864174218838E-01 a       677     0    34     1    17
 -1.2184239070704442E-01 a       678     0    34     1    18
 -1.3973761999080439E-02 a       679     0    34     1    19
  4.5191812692397790E-02 a       680     0    34     1    20
 -2.1781065132869670E-01 a       681     0    35     1     1
  4.9115265780135690E-02 a       682     0    35     1     2
 -7.9773298468079817E-02 a       683     0    35     1     3
 -1.9160017372769459E-02 a       684     0    35     1     4
  1.0382865571739620E-01 a       685     0    35     1     5
 -3.6824296669375517E-01 a       686     0    35     1     6
 -6.1789152452324622E-02 a       687     0    35     1     7
 -1.5459256349773404E-01 a       688     0    35     1     8
 -2.9336544817373367E-01 a       689     0    35     1     9
  1.1446358519264465E-02 a       690     0    35     1    10
  2.7322285589665229E-01 a       691     0    35     1    11
 -2.7327587535990261E-01 a       692     0    35     1    12
  4.4917559397534869E-02 a       693     0    35     1    13
  2.3598430354002151E-01 a       694     0    35     1    14
  2.4079884844379010E-01 a       695     0    35     1    15
  5.7159336459550437E-02 a       696     0    35     1    16
  2.7332591522459077E-01 a       697     0    35     1    17
 -7.0697612385290445E-02 a       698     0    35     1    18
  2.1898618651663113E-01 a       699     0    35     1    19
 -6.5178488020597183E-02 a       700     0    35     1    20
  8.4484364187660116E-03 a       701     0    36     1     1
 -1.4313165921835036E-01 a       702     0    36     1     2
  3.0582279356141501E-01 a       703     0    36     1     3
  7.8621659785070075E-02 a       704     0    36     1     4
  2.2157169482795173E-02 a       705     0    36     1     5
  2.0155700246465286E-01 a       706     0    36     1     6
  6.6612228274445753E-02 a       707     0    36     1     7
 -2.0140209472466750E-01 a       708     0    36     1     8
  1.0615522053120215E-01 a       709     0    36     1     9
  9.3645453989642399E-02 a       710     0    36     1    10
 -8.0673619689831916E-02 a       711     0    36     1    11
  5.1037540767177300E-02 a       712     0    36     1    12
  2.8197115548067395E-02 a       713     0    36     1    13
  3.4669849124622544E-02 a       714     0    36     1    14
  2.0112258248411216E-01 a       715     0    36     1    15
 -8.3525612710690950E-02 a       716     0    36     1    16
 -4.4329636326447402E-02 a       717     0    36     1    17
 -2.3462569552533710E-01 a       718     0    36     1    18
 -7.2082056269239470E-02 a       719     0    36     1    19
  1.4571561799137156E-01 a       720     0    36     1    20
  1.2304787560151824E-01 a       721     0    37     1     1
 -3.2830743060497303E-01 a       722     0    37     1     2
  1.7532550742651765E-01 a       723     0    37     1     3
  1.6192867247058848E-01 a       724     0    37     1     4
  1.8831969959267328E-01 a       725     0    37     1     5
  1.6191253864978558E-01 a       726     0    37     1     6
 -1.7246554858156026E-02 a       727     0    37     1     7
  3.1894819364743532E-01 a       728     0    37     1     8
  2.4119206806849014E-01 a       729     0    37     1     9
  3.0179646707804136E-01 a       730     0    37     1    10
  1.1047923633616456E-02 a       731     0    37     1    11
 -2.8578163740468082E-01 a       732     0    37     1    12
  5.9090224661201431E-02 a       733     0    37     1    13
 -6.1213633104754632E-02 a       734     0    37     1    14
 -4.9315185944186511E-02 a       735     0    37     1    15
 -1.5281127791615209E-01 a       736     0    37     1    16
  8.0271071507898764E-02 a       737     0    37     1    17
 -2.8292035068271590E-02 a       738     0    37     1    18
  2.3758769164476581E-01 a       739     0    37     1    19
 -2.7466737100803168E-01 a       740     0    37     1    20
 -7.2811287475526495E-02 a       741     0    38     1     1
  9.7878078418440331E-02 a       742     0    38     1     2
 -1.8604139037450967E-01 a       743     0    38     1     3
 -2.3128995088815557E-01 a       744     0    38     1     4
  4.3347018023154757E-02 a       745     0    38     1     5
 -6.0307942595033082E-02 a       746     0    38     1     6
  2.9095847886426834E-01 a       747     0    38     1     7
  2.0700578207537931E-01 a       748     0    38     1     8
  1.2067362611765655E-02 a       749     0    38     1     9
  2.8465172716508941E-01 a       750     0    38     1    10
  1.3130492010637446E-02 a       751     0    38     1    11
 -2.2617487340002637E-01 a       752     0    38     1    12
 -2.2993014725154981E-01 a       753     0    38     1    13
  3.6347044915326317E-02 a       754     0    38     1    14
  1.3595685124810700E-01 a       755     0    38     1    15
 -1.4392184742903397E-01 a       756     0    38     1    16
  2.3759017615707814E-01 a       757     0    38     1    17
 -2.1781791458128860E-01 a       758     0    38     1    18
 -2.3320294890671028E-01 a       759     0    38     1    19
  2.5011874553004909E-01 a       760     0    38     1    20
 -2.0925201697555673E-01 a       761     0    39     1     1
  1.0534533793288667E-01 a       762     0    39     1     2
 -3.8745958619713430E-03 a       763     0    39     1     3
 -3.0319373154725038E-01 a       764     0    39     1     4
 -1.4999545466706438E-01 a       765     0    39     1     5
 -2.4811712556667878E-01 a       766     0    39     1     6
 -2.0823519766715870E-01 a       767     0    39     1     7
 -2.6482603087788714E-01 a       768     0    39     1     8
 -6.2000443309891719E-02 a       769     0    39     1     9
 -1.5292510085106623E-01 a       770     0    39     1    10
 -2.2858297061140884E-01 a       771     0    39     1    11
  5.0080087685179389E-03 a       772     0    39     1    12
 -2.2477517775716910E-01 a       773     0    39     1    13
  1.8456185235578598E-01 a       774     0    39     1    14
  1.4583988568925418E-01 a       775     0    39     1    15
 -8.9780373160537622E-02 a       776     0    39     1    16
  1.4645165170778224E-01 a       777     0    39     1    17
 -1.8534870960595373E-01 a       778     0    39     1    18
  3.3868910747442066E-01 a       779     0    39     1    19
 -2.2080000812868372E-02 a       780     0    39     1    20
 -1.2250187644253127E-01 a       781     0    40     1     1
 -1.8395942215891303E-01 a       782     0    40     1     2
  3.8592949662775412E-02 a       783     0    40     1     3
  2.8235437910196248E-01 a       784     0    40     1     4
 -1.8378795073550397E-01 a       785     0    40     1     5
  1.3865212775352012E-01 a       786     0    40     1     6
 -2.4329837214487354E-01 a       787     0    40     1     7
  2.8783894148824596E-01 a       788     0    40     1     8
 -1.8625583534761261E-01 a       789     0    40     1     9
  1.5810599692395186E-01 a       790     0    40     1    10
 -1.4438488280506218E-01 a       791     0    40     1    11
  1.6991690728492012E-01 a       792     0    40     1    12
  8.8988202495577221E-02 a       793     0    40     1    13
 -1.3763225847601138E-01 a       794     0    40     1    14
  1.4089401036511981E-01 a       795     0    40     1    15
  6.6740909296955461E-02 a       796     0    40     1    16
  8.5217114339331546E-02 a       797     0    40     1    17
  2.4447722682646586E-01 a       798     0    40     1    18
 -2.3784768176611193E-01 a       799     0    40     1    19
  1.4900751325738901E-01 a       800     0    40     1    20
  6.8814964342796773E-03 a       801     0    41     1     1
 -2.8508115588597695E-02 a       802     0    41     1     2
  7.0933871053335826E-03 a       803     0    41     1     3
 -7.6376642615440214E-03 a       804     0    41     1     4
 -1.7225350104163184E-01 a       805     0    41     1     5
  4.0611046705061958E-02 a       806     0    41     1     6
 -5.3426666881777607E-02 a       807     0    41     1     7
  4.5706494919430196E-01 a       808     0    41     1     8
  9.5586633057464204E-02 a       809     0    41     1     9
  1.0968716733038807E-01 a       810     0    41     1    10
 -3.4143479891535836E-03 a       811     0    41     1    11
 -5.5574856225798538E-02 a       812     0    41     1    12
 -8.3346848916114699E-02 a       813     0    41     1    13
  2.6680001330779916E-02 a       814     0    41     1    14
  1.5556722635624748E-01 a       815     0    41     1    15
 -2.6090905828005873E-01 a       816     0    41     1    16
 -1.2942111998185418E-01 a       817     0    41     1    17
 -1.2808235981723851E-01 a       818     0    41     1    18
  5.3368074549380605E-02 a       819     0    41     1    19
 -9.5626900710850393E-03 a       820     0    41     1    20
 -3.0112747860804230E-03 a       821     0    42     1     1
  7.5134990269974236E-02 a       822     0    42     1     2
 -2.4715323269930359E-01 a       823     0    42     1     3
  6.4209016744677355E-02 a       824     0    42     1     4
 -9.0040925991112467E-03 a       825     0    42     1     5
  3.0112420208890756E-01 a       826     0    42     1     6
 -2.7164171905295070E-01 a       827     0    42     1     7
 -1.4645773351228106E-01 a       828     0    42     1     8
  1.0998232359108920E-02 a       829     0    42     1     9
  1.4416927382593894E-01 a       830     0    42     1    10
 -2.2624576340498115E-01 a       831     0    42     1    11
  7.1829226938607132E-02 a       832     0    42     1    12
  3.2744819557066279E-01 a       833     0    42     1    13
  2.7114004411414805E-01 a       834     0    42     1    14
  1.8563907363470178E-01 a       835     0    42     1    15
  1.9174390272455877E-01 a       836     0    42     1    16
  3.6695361391449979E-02 a       837     0    42     1    17
  1.0093018009872398E-01 a       838     0    42     1    18
  9.6640652522494680E-02 a       839     0    42     1    19
 -1.6397921995673964E-01 a       840     0    42     1    20
 -1.5968837281959350E-01 a       841     0    43     1     1
 -5.5260521419835396E-03 a       842     0    43     1     2
  2.1094326011730918E-02 a       843     0    43     1     3
 -1.0430142430386052E-01 a       844     0    43     1     4
  1.3095392581154716E-01 a       845     0    43     1     5
 -1.5770676175794701E-01 a       846     0    43     1     6
  2.0849373503927726E-01 a       847     0    43     1     7
  4.6777377683088942E-02 a       848     0    43     1     8
 -1.4754638121609981E-01 a       849     0    43     1     9
 -1.5200327441696140E-01 a       850     0    43     1    10
  2.7844862203362830E-01 a       851     0    43     1    11
 -1.2399270391717893E-01 a       852     0    43     1    12
 -2.4928328848340700E-01 a       853     0    43     1    13
 -7.6378113549586485E-02 a       854     0    43     1    14
  1.1576303555461044E-01 a       855     0    43     1    15
 -1.3687880141388112E-01 a       856     0    43     1    16
 -1.2989726149811795E-01 a       857     0    43     1    17
 -6.8733640110513724E-03 a       858     0    43     1    18
 -1.1588717487849830E-01 a       859     0    43     1    19
  1.8468105668599480E-02 a       860     0    43     1    20
  1.0543304286962810E-01 a       861     0    44     1     1
  8.4764861501980995E-02 a       862     0    44     1     2
  5.0229592694421080E-02 a       863     0    44     1     3
  1.2105898767661041E-02 a       864     0    44     1     4
 -2.2696682335863852E-01 a       865     0    44     1     5
 -2.6609917350638695E-01 a       866     0    44     1     6
 -9.1883551599344040E-02 a       867     0    44     1     7
  2.8629392804982268E-01 a       868     0    44     1     8
  2.2839127932110512E-01 a       869     0    44     1     9
 -2.0592288956067065E-01 a       870     0    44     1    10
 -1.7039501030694032E-01 a       871     0    44     1    11
  2.9387688365240649E-02 a       872     0    44     1    12
 -8.4208181180195726E-02 a       873     0    44     1    13
  4.6243366643397066E-02 a       874     0    44     1    14
 -7.5459969986212544E-02 a       875     0    44     1    15
 -3.2704730135401461E-01 a       876     0    44     1    16
 -2.3104301580768316E-01 a       877     0    44     1    17
 -1.8090948402138887E-01 a       878     0    44     1    18
  2.0088731413612787E-01 a       879     0    44     1    19
 -2.0005299018054229E-01 a       880     0    44     1    20
  9.2130587388742288E-02 a       881     0    45     1     1
  5.4347939503618631E-02 a       882     0    45     1     2
 -3.1555267246396662E-01 a       883     0    45     1     3
  2.1083336872823311E-01 a       884     0    45     1     4
 -9.1450695401338905E-02 a       885     0    45     1     5
 -1.7726498249149059E-01 a       886     0    45     1     6
  5.3378788684008147E-03 a       887     0    45     1     7
 -9.5625458602419666E-02 a       888     0    45     1     8
  2.7003273169025534E-02 a       889     0    45     1     9
 -6.1649678102581991E-02 a       890     0    45     1    10
  2.5724428502721219E-01 a       891     0    45     1    11
 -1.5494122290852036E-01 a       892     0    45     1    12
 -6.7434032745293804E-02 a       893     0    45     1    13
 -5.7225131062536995E-02 a       894     0    45     1    14
 -2.0593548777717086E-01 a       895     0    45     1    15
  2.1394313928754211E-01 a       896     0    45     1    16
  2.7854339794249455E-01 a       897     0    45     1    17
 -5.7089058329228393E-02 a       898     0    45     1    18
 -2.1639196768205828E-02 a       899     0    45     1    19
 -2.0115798318547468E-01 a       900     0    45     1    20
 -1.8819943944972858E-01 a       901     0    46     1     1
  9.2818348201470974E-02 a       902     0    46     1     2
 -3.5023036637845717E-01 a       903     0    46     1     3
  2.7790586603927588E-02 a       904     0    46     1     4
  1.1007650251603228E-01 a       905     0    46     1     5
 -3.6438548114836883E-01 a       906     0    46     1     6
  6.8321835582242760E-04 a       907     0    46     1     7
 -8.4241106597920334E-02 a       908     0    46     1     8
 -3.5915295623677668E-01 a       909     0    46     1     9
 -4.7182185508434941E-02 a       910     0    46     1    10
  2.2155360137562469E-01 a       911     0    46     1    11
 -5.8828952268010163E-03 a       912     0    46     1    12
 -5.6441050030679313E-02 a       913     0    46     1    13
  2.7311643480056710E-02 a       914     0    46     1    14
 -1.6502857844012750E-01 a       915     0    46     1    15
  9.2515715156935699E-02 a       916     0    46     1    16
 -2.4229596112830185E-01 a       917     0    46     1    17
  1.7127815174874592E-01 a       918     0    46     1    18
 -9.0883606777207582E-02 a       919     0    46     1    19
 -9.4107701420395221E-02 a       920     0    46     1    20
  1.6095461185730753E-01 a       921     0    47     1     1
  2.0541263836366674E-03 a       922     0    47     1     2
  1.3959562344013021E-01 a       923     0    47     1     3
 -1.0709367064302899E-01 a       924     0    47     1     4
 -2.6593254286384355E-01 a       925     0    47     1     5
  2.3615323750261982E-01 a       926     0    47     1     6
  7.8430056017008518E-02 a       927     0    47     1     7
 -1.7190219927610598E-01 a       928     0    47     1     8
  1.7095743050683829E-01 a       929     0    47     1     9
 -5.7652408916498671E-02 a       930     0    47     1    10
 -7.3796404617344727E-02 a       931     0    47     1    11
 -9.7831324932773217E-02 a       932     0    47     1    12
  2.1940436615069292E-01 a       933     0    47     1    13
  4.9345147904778286E-02 a       934     0    47     1    14
  5.7343371430635552E-02 a       935     0    47     1    15
 -2.8333690895280067E-01 a       936     0    47     1    16
  4.8920108778962336E-02 a       937     0    47     1    17
 -3.1596713487410465E-02 a       938     0    47     1    18
 -2.5634963153007562E-01 a       939     0    47     1    19
  1.2529067535053029E-01 a       940     0    47     1    20
 -9.0227829751586636E-02 a       941     0    48     1     1
  8.2881392113656749E-03 a       942     0    48     1     2
 -2.8155744077664447E-03 a       943     0    48     1     3
  1.0147698342898553E-02 a       944     0    48     1     4
 -8.6501788441362124E-02 a       945     0    48     1     5
 -1.4355651188512686E-01 a       946     0    48     1     6
 -3.5887387981247770E-01 a       947     0    48     1     7
 -1.3822578967107696E-01 a       948     0    48     1     8
 -1.7928733085578581E-02 a       949     0    48     1     9
 -1.3170304051501719E-01 a       950     0    48     1    10
 -1.3467968586632389E-01 a       951     0    48     1    11
  2.5353487995920371E-01 a       952     0    48     1    12
  6.9450976822624508E-02 a       953     0    48     1    13
 -2.7273597975543056E-02 a       954     0    48     1    14
  2.4798954320002736E-01 a       955     0    48     1    15
  6.6831096529872042E-02 a       956     0    48     1    16
 -8.0290957808135360E-02 a       957     0    48     1    17
  3.6834836044256497E-03 a       958     0    48     1    18
  1.5611447592965103E-01 a       959     0    48     1    19
  4.6839595067133134E-03 a       960     0    48     1    20
  2.3192041368541771E-01 a       961     0    49     1     1
  3.6710384928521599E-03 a       962     0    49     1     2
  1.2691392952934427E-01 a       963     0    49     1     3
 -2.0275422892881889E-01 a       964     0    49     1     4
 -9.6710247581539871E-02 a       965     0    49     1     5
 -4.5882704440327250E-02 a       966     0    49     1     6
 -2.6844472980282125E-01 a       967     0    49     1     7
  9.0721526703647096E-02 a       968     0    49     1     8
  1.1794399336032632E-01 a       969     0    49     1     9
  3.4066061892133320E-01 a       970     0    49     1    10
 -2.4482001390111949E-01 a       971     0    49     1    11
  2.2421189836919750E-01 a       972     0    49     1    12
  2.6373206151278544E-01 a       973     0    49     1    13
 -1.5567075064013511E-01 a       974     0    49     1    14
  2.5142660026224690E-02 a       975     0    49     1    15
 -1.1476548491534538E-01 a       976     0    49     1    16
 -3.3646916567720114E-01 a       977     0    49     1    17
  6.4090815559569844E-02 a       978     0    49     1    18
 -1.2551104621026593E-01 a       979     0    49     1    19
 -1.8007073147798011E-01 a       980     0    49     1    20
 -1.4555288541409445E-01 a       981     0    50     1     1
 -1.1241165354311056E-01 a       982     0    50     1     2
  2.7647015857480750E-01 a       983     0    50     1     3
  2.8685827127314073E-01 a       984     0    50     1     4
  6.2762379668764010E-02 a       985     0    50     1     5
 -5.1408115811885313E-02 a       986     0    50     1     6
  3.8677308825316686E-01 a       987     0    50     1     7
  1.0033660486833006E-01 a       988     0    50     1     8
 -7.8489669572222559E-02 a       989     0    50     1     9
 -3.2140896944725617E-01 a       990     0    50     1    10
 -1.8271221151683767E-01 a       991     0    50     1    11
 -1.0819212330673116E-01 a       992     0    50     1    12
 -2.6782252203043977E-01 a       993     0    50     1    13
 -2.2365004858596665E-01 a       994     0    50     1    14
  8.4139653960945263E-02 a       995     0    50     1    15
 -2.5213474639067113E-01 a       996     0    50     1    16
  8.1892323624272484E-02 a       997     0    50     1    17
 -3.0500466127045189E-01 a       998     0    50     1    18
  5.2424881054688677E-02 a       999     0    50     1    19
 -3.4418024378893165E-02 a      1000     0    50     1    20
  1.4883582063385595E-01 b      1001     1     1
  2.0077633988893981E-01 b      1002     1     2
 -6.6229114094946084E-01 b      1003     1     3
 -4.7121722902579749E-01 b      1004     1     4
 -1.1484082773074624E+00 b      1005     1     5
  1.2371248333028373E+00 b      1006     1     6
  1.3028590043769706E+00 b      1007     1     7
 -2.5924077784476701E-01 b      1008     1     8
 -2.4665597538968995E-01 b      1009     1     9
  1.2340556954223472E+00 b      1010     1    10
 -1.1082189588316649E+00 b      1011     1    11
 -1.5010776588280753E-01 b      1012     1    12
  1.8190069344530319E-01 b      1013     1    13
 -7.1875327351376639E-01 b      1014     1    14
 -1.1778814979011392E+00 b      1015     1    15
 -5.9790537547205669E-01 b      1016     1    16
  1.1309136338411609E+00 b      1017     1    17
  4.0928168452927882E-01 b      1018     1    18
 -2.7933815234146553E-01 b      1019     1    19
  1.4025952353850517E+00 b      1020     1    20
  2.6959381505924268E-01 a      1021     1     1     2     1
 -3.6090945249379480E-01 a      1022     1     1     2     2
  2.9561742887877840E-01 a      1023     1     1     2     3
  3.2695854854948175E-01 a      1024     1     1     2     4
 -4.3649801349021577E-01 a      1025     1     1     2     5
 -4.6525405061992556E-02 a      1026     1     1     2     6
  5.8845183168925930E-01 a      1027     1     1     2     7
 -1.3890810379627297E-01 a      1028     1     1     2     8
 -3.8022614693381318E-01 a      1029     1     1     2     9
 -4.5741711871982643E-01 a      1030     1     1     2    10
  4.8769649891246330E-03 a      1031     1     1     2    11
  1.2611889059433812E-01 a      1032     1     1     2    12
  1.3110492549439071E-01 a      1033     1     1     2    13
  3.2695808543800414E-01 a      1034     1     1     2    14
  5.3369715191830168E-02 a      1035     1     1     2    15
 -4.7971274817327381E-01 a      1036     1     1     2    16
 -8.0014817247806469E-01 a      1037     1     1     2    17
  1.7106488425691024E-01 a      1038     1     1     2    18
  5.0196652805231423E-01 a      1039     1     1     2    19
 -4.6971755561639855E-01 a      1040     1     1     2    20
 -4.7299637938741479E-01 a      1041     1     2     2     1
 -1.5242793927901812E-03 a      1042     1     2     2     2
 -4.5038730668043153E-01 a      1043     1     2     2     3
 -2.5442492785453780E-01 a      1044     1     2     2     4
  2.9331376888353361E-01 a      1045     1     2     2     5
 -1.2771654673128510E-01 a      1046     1     2     2     6
 -2.3565440324521958E-01 a      1047     1     2     2     7
 -5.9661980007664284E-01 a      1048     1     2     2     8
  4.5092564651720990E-01 a      1049     1     2     2     9
 -3.3622069834260339E-02 a      1050     1     2     2    10
  3.7414199957619138E-01 a      1051     1     2     2    11
 -2.5254556056768040E-01 a      1052     1     2     2    12
  5.0764830998104460E-01 a      1053     1     2     2    13
  4.9557028402885761E-01 a      1054     1     2     2    14
  6.6332295357351440E-02 a      1055     1     2     2    15
  6.4636161523168889E-01 a      1056     1     2     2    16
  3.7567259326545877E-01 a      1057     1     2     2    17
 -5.7837092929223377E-01 a      1058     1     2     2    18
  4.1028617371583520E-01 a      1059     1     2     2    19
 -3.3969526879090645E-01 a      1060     1     2     2    20
  2.0129830024340607E-02 a      1061     1     3     2     1
  5.1214600338329481E-03 a      1062     1     3     2     2
 -7.0016874821859920E-02 a      1063     1     3     2     3
  4.9920879990748734E-02 a      1064     1     3     2     4
  3.0193399885851102E-01 a      1065     1     3     2     5
  2.5052350694917380E-01 a      1066     1     3     2     6
 -9.1767101859563285E-02 a      1067     1     3     2     7
 -5.1159758419537216E-01 a      1068     1     3     2     8
  6.0241786835820266E-01 a      1069     1     3     2     9
  1.3322965850658450E-01 a      1070     1     3     2    10
  2.0462704796884865E-01 a      1071     1     3     2    11
 -2.4083093968763769E-01 a      1072     1     3     2    12
 -3.8361342048941499E-01 a      1073     1     3     2    13
  5.0531389166503604E-01 a      1074     1     3     2    14
  1.0677574392794779E-03 a      1075     1     3     2    15
  3.1176994299356803E-01 a      1076     1     3     2    16
  3.9167203528462124E-01 a      1077     1     3     2    17
  4.4887466712048421E-02 a      1078     1     3     2    18
 -3.9302288770927607E-01 a      1079     1     3     2    19
  3.5986847726932486E-01 a      1080     1     3     2    20
 -1.2893276091831465E-01 a      1081     1     4     2     1
  2.8087797294348928E-02 a      1082     1     4     2     2
  3.3619915976481207E-01 a      1083     1     4     2     3
 -3.5938917642875745E-01 a      1084     1     4     2     4
  2.0750340623157704E-01 a      1085     1     4     2     5
 -1.2463502446648152E-01 a      1086     1     4     2     6
 -2.7712996416888874E-01 a      1087     1     4     2     7
  2.1771295603823071E-02 a      1088     1     4     2     8
  3.6619264942776658E-01 a      1089     1     4     2     9
  2.2299476223527532E-02 a      1090     1     4     2    10
 -3.1130399427711153E-01 a      1091     1     4     2    11
  3.0034313463832585E-01 a      1092     1     4     2    12
 -3.3974804767854283E-01 a      1093     1     4     2    13
  2.3582923114019635E-01 a      1094     1     4     2    14
  1.0944007663940861E-01 a      1095     1     4     2    15
  4.2423324805440055E-01 a      1096     1     4     2    16
  2.0320201420556289E-01 a      1097     1     4     2    17
 -3.0067676627076356E-01 a      1098     1     4     2    18
 -2.4158671438518145E-01 a      1099     1     4     2    19
  1.7534123693646730E-01 a      1100     1     4     2    20
  2.8171633385966072E-01 a      1101     1     5     2     1
  5.8486779049758586E-01 a      1102     1     5     2     2
  2.7607054783757956E-01 a      1103     1     5     2     3
 -1.3607447688690363E-02 a      1104     1     5     2     4
 -8.4276573076328812E-02 a      1105     1     5     2     5
 -2.5045449231979033E-01 a      1106     1     5     2     6
  5.3199988314409608E-01 a      1107     1     5     2     7
  4.4617160056755156E-01 a      1108     1     5     2     8
 -5.0296332509109964E-01 a      1109     1     5     2     9
  2.5706028253697196E-03 a      1110     1     5     2    10
 -3.5087225921393306E-01 a      1111     1     5     2    11
  4.7127544333412547E-01 a      1112     1     5     2    12
  4.2072557229621216E-01 a      1113     1     5     2    13
 -4.8419774279497979E-01 a      1114     1     5     2    14
 -4.6010227185498270E-01 a      1115     1     5     2    15
  1.6233208333620328E-01 a      1116     1     5     2    16
  3.2352094786405425E-02 a      1117     1     5     2    17
  3.6210064881123566E-01 a      1118     1     5     2    18
 -4.1240128990843022E-01 a      1119     1     5     2    19
 -2.4373709555613282E-01 a      1120     1     5     2    20
 -2.8662383442566108E-01 a      1121     1     6     2     1
  5.3720709521354482E-01 a      1122     1     6     2     2
 -2.3762009231079101E-01 a      1123     1     6     2     3
 -5.6219132608136480E-01 a      1124     1     6     2     4
  3.7496724921894448E-01 a      1125     1     6     2     5
  3.9912984414949143E-01 a      1126     1     6     2     6
  3.7805487626230283E-01 a      1127     1     6     2     7
 -5.1093800537481704E-01 a      1128     1     6     2     8
  1.4704356351729556E-01 a      1129     1     6     2     9
  8.7114694981067706E-02 a      1130     1     6     2    10
 -3.5082701867890881E-01 a      1131     1     6     2    11
 -5.2313546198108163E-01 a      1132     1     6     2    12
  4.3129752752120709E-01 a      1133     1     6     2    13
 -5.5505919141064120E-01 a      1134     1     6     2    14
  7.4394457309711082E-01 a      1135     1     6     2    15
  1.9014736365669493E-01 a      1136     1     6     2    16
  2.4757793198057348E-01 a      1137     1     6     2    17
  4.3718653710001887E-01 a      1138     1     6     2    18
  1.0033761261162029E-01 a      1139     1     6     2    19
 -3.6385031671899837E-01 a      1140     1     6     2    20
  2.8753431716711197E-01 a      1141     1     7     2     1
 -4.3461060621806702E-01 a      1142     1     7     2     2
 -1.1434210122051230E-01 a      1143     1     7     2     3
 -1.9881720957058027E-01 a      1144     1     7     2     4
  3.3055432900366616E-01 a      1145     1     7     2     5
 -3.1110214419914700E-01 a      1146     1     7     2     6
 -4.7691064423382723E-02 a      1147     1     7     2     7
  4.1199993035990007E-01 a      1148     1     7     2     8
 -4.2020613009786489E-01 a      1149     1     7     2     9
 -4.5252966660461225E-01 a      1150     1     7     2    10
 -7.9224056302289916E-02 a      1151     1     7     2    11
  9.7596461940467463E-02 a      1152     1     7     2    12
 -7.2997210108146152E-02 a      1153     1     7     2    13
 -2.5063701041860048E-01 a      1154     1     7     2    14
 -3.5138006354515172E-01 a      1155     1     7     2    15
  5.3619484824177399E-01 a      1156     1     7     2    16
 -4.0600765810130268E-01 a      1157     1     7     2    17
 -2.8378439134675226E-01 a      1158     1     7     2    18
 -8.2511763382476774E-02 a      1159     1     7     2    19
 -2.3339898398153369E-01 a      1160     1     7     2    20
 -4.3556981943918238E-01 a      1161     1     8     2     1
  4.1957412637544628E-01 a      1162     1     8     2     2
  4.2209527137207098E-01 a      1163     1     8     2     3
 -4.6622369444688172E-02 a      1164     1     8     2     4
 -9.5535705283493089E-02 a      1165     1     8     2     5
  1.9453988983213796E-01 a      1166     1     8     2     6
 -6.2475168994604124E-01 a      1167     1     8     2     7
  1.8103306947952338E-01 a      1168     1     8     2     8
 -2.1655064088407974E-01 a      1169     1     8     2     9
 -3.3836873747946139E-01 a      1170     1     8     2    10
  2.0892711173840373E-01 a      1171     1     8     2    11
 -5.4436185948258753E-01 a      1172     1     8     2    12
 -4.0593991411052077E-01 a      1173     1     8     2    13
 -4.1824648454865643E-01 a      1174     1     8     2    14
  6.6778862212924936E-02 a      1175     1     8     2    15
 -2.8219845993277420E-01 a      1176     1     8     2    16
 -1.8375693576393995E-01 a      1177     1     8     2    17
 -7.7606274403631464E-02 a      1178     1     8     2    18
  3.8011886966526875E-01 a      1179     1     8     2    19
 -4.3385262444771427E-01 a      1180     1     8     2    20
 -2.0307293108698055E-01 a      1181     1     9     2     1
 -2.4160435974463851E-01 a      1182     1     9     2     2
  3.3177459120824959E-01 a      1183     1     9     2     3
 -1.2644039634864776E-01 a      1184     1     9     2     4
 -1.4891961702674236E-01 a      1185     1     9     2     5
  3.9685412940998127E-01 a      1186     1     9     2     6
 -4.9395852848410049E-01 a      1187     1     9     2     7
  1.4956980725315855E-01 a      1188     1     9     2     8
 -1.1841498929097448E-01 a      1189     1     9     2     9
  1.8455494786620574E-01 a      1190     1     9     2    10
 -1.1011272982245532E-01 a      1191     1     9     2    11
 -3.9507408894823637E-01 a      1192     1     9     2    12
  1.9332777601028522E-01 a      1193     1     9     2    13
  2.9955792856443991E-01 a      1194     1     9     2    14
  5.2046011465175157E-01 a      1195     1     9     2    15
 -1.4805302465558545E-01 a      1196     1     9     2    16
  3.8020476982340656E-01 a      1197     1     9     2    17
 -2.1324270454053990E-01 a      1198     1     9     2    18
 -4.0035739575365770E-01 a      1199     1     9     2    19
 -1.3696235357159769E-01 a      1200     1     9     2    20
 -1.8556605930887890E-01 a      1201     1    10     2     1
 -5.1202776411677609E-01 a      1202     1    10     2     2
  6.6763718525181454E-02 a      1203     1    10     2     3
 -3.1794402266442684E-01 a      1204     1    10     2     4
 -3.5502727569571751E-01 a      1205     1    10     2     5
 -4.0976426509485922E-02 a      1206     1    10     2     6
 -3.1977615640538815E-01 a      1207     1    10     2     7
  5.1941919037869255E-01 a      1208     1    10     2     8
 -2.3207699967208076E-01 a      1209     1    10     2     9
  2.7259938534713446E-01 a      1210     1    10     2    10
 -5.0670485233580098E-01 a      1211     1    10     2    11
 -3.5093275868308869E-02 a      1212     1    10     2    12
  8.4052468099390598E-02 a      1213     1    10     2    13
 -2.1756958658622466E-01 a      1214     1    10     2    14
  2.9709970475481501E-01 a      1215     1    10     2    15
 -2.6113768290326517E-01 a      1216     1    10     2    16
  4.2449999333022409E-01 a      1217     1    10     2    17
 -4.0783842742946474E-01 a      1218     1    10     2    18
  4.4959972755314520E-01 a      1219     1    10     2    19
  7.4183787180096272E-02 a      1220     1    10     2    20
  3.7252390466254609E-01 a      1221     1    11     2     1
 -6.0711162586182732E-01 a      1222     1    11     2     2
 -2.8497126838746317E-01 a      1223     1    11     2     3
  1.1943524119590014E-01 a      1224     1    11     2     4
 -4.0527727339199393E-01 a      1225     1    11     2     5
 -7.2036662281229491E-01 a      1226     1    11     2     6
  2.7892817904905942E-01 a      1227     1    11     2     7
  5.4749795676913217E-02 a      1228     1    11     2     8
 -1.1943887936662814E-01 a      1229     1    11     2     9
 -4.6052183864873841E-01 a      1230     1    11     2    10
 -1.3586132048784574E-01 a      1231     1    11     2    11
 -6.4555455248426830E-01 a      1232     1    11     2    12
  5.6521345258103345E-02 a      1233     1    11     2    13
 -1.8327691244097513E-01 a      1234     1    11     2    14
  5.5873049258508570E-02 a      1235     1    11     2    15
 -4.3852998606843013E-01 a      1236     1    11     2    16
 -1.7730412483104533E-03 a      1237     1    11     2    17
 -1.1477514749101597E-01 a      1238     1    11     2    18
  2.6408477070249481E-01 a      1239     1    11     2    19
  1.6754861321360592E-01 a      1240     1    11     2    20
 -5.0102672815625571E-01 a      1241     1    12     2     1
  1.8751197286968663E-01 a      1242     1    12     2     2
  2.6646924658851767E-02 a      1243     1    12     2     3
  3.1437339585324720E-01 a      1244     1    12     2     4
  1.4066473000788529E-01 a      1245     1    12     2     5
  9.8507287749213829E-02 a      1246     1    12     2     6
  4.5043186287515858E-04 a      1247     1    12     2     7
 -2.4098196032955257E-01 a      1248     1    12     2     8
  2.4958710093603353E-01 a      1249     1    12     2     9
 -4.4969091414023982E-01 a      1250     1    12     2    10
 -2.9400628170174531E-01 a      1251     1    12     2    11
  3.6659737320981545E-02 a      1252     1    12     2    12
 -4.1870903916476532E-01 a      1253     1    12     2    13
  1.8306372203872384E-01 a      1254     1    12     2    14
 -4.8495398623743646E-01 a      1255     1    12     2    15
  1.4083982163780114E-03 a      1256     1    12     2    16
 -4.5968382610841921E-02 a      1257     1    12     2    17
 -3.5491857403794480E-01 a      1258     1    12     2    18
 -2.5051122758834854E-01 a      1259     1    12     2    19
  5.0943338878492672E-01 a      1260     1    12     2    20
 -7.4689817069735029E-02 a      1261     1    13     2     1
 -4.5415756338508140E-01 a      1262     1    13     2     2
 -6.3539590087835252E-01 a      1263     1    13     2     3
 -2.9177572999227830E-01 a      1264     1    13     2     4
 -5.0784747953416964E-01 a      1265     1    13     2     5
  6.8726894122860349E-01 a      1266     1    13     2     6
  3.7447254181199019E-01 a      1267     1    13     2     7
  3.9747439247638333E-01 a      1268     1    13     2     8
  9.8902312166231826E-02 a      1269     1    13     2     9
 -2.6972531884629242E-01 a      1270     1    13     2    10
  6.6289016456375061E-01 a      1271     1    13     2    11
  4.4230764811617085E-01 a      1272     1    13     2    12
 -4.1601793974044310E-01 a      1273     1    13     2    13
 -7.8774484778112469E-02 a      1274     1    13     2    14
 -3.7421668647928376E-02 a      1275     1    13     2    15
  6.0667547651523335E-01 a      1276     1    13     2    16
 -1.8254766493175129E-01 a      1277     1    13     2    17
 -2.0867041157994906E-01 a      1278     1    13     2    18
 -1.2749883521251898E-01 a      1279     1    13     2    19
  4.2994569081718065E-01 a      1280     1    13     2    20
 -6.6583268827943443E-01 a      1281     1    14     2     1
  7.2372216149463253E-01 a      1282     1    14     2     2
  6.3130348041483531E-01 a      1283     1    14     2     3
 -5.9020341103778584E-01 a      1284     1    14     2     4
  3.7267701577867557E-01 a      1285     1    14     2     5
  2.4156419486984435E-01 a      1286     1    14     2     6
 -3.0193887272744258E-01 a      1287     1    14     2     7
 -2.0985118380353922E-02 a      1288     1    14     2     8
  6.4370255810754104E-02 a      1289     1    14     2     9
 -3.4282004860965237E-01 a      1290     1    14     2    10
 -7.1194478575224862E-01 a      1291     1    14     2    11
 -1.3846376476947245E-01 a      1292     1    14     2    12
 -5.2734628325435395E-01 a      1293     1    14     2    13
  1.7472695987513756E-01 a      1294     1    14     2    14
 -1.4410760212318324E-01 a      1295     1    14     2    15
  1.4938111618982058E-01 a      1296     1    14     2    16
  3.2358452967991874E-01 a      1297     1    14     2    17
 -5.0415136411419570E-01 a      1298     1    14     2    18
  7.2510335042110144E-02 a      1299     1    14     2    19
 -1.1448140090708603E-01 a      1300     1    14     2    20
  3.2494294309767224E-01 a      1301     1    15     2     1
 -3.8604338239189290E-01 a      1302     1    15     2     2
  6.2688211320205101E-01 a      1303     1    15     2     3
 -2.5214686478317705E-01 a      1304     1    15     2     4
 -2.9203129009471890E-01 a      1305     1    15     2     5
  7.4883006291471843E-01 a      1306     1    15     2     6
 -1.0038219831401893E-02 a      1307     1    15     2     7
 -2.8632476338850710E-01 a      1308     1    15     2     8
  6.2470837588602957E-01 a      1309     1    15     2     9
 -4.0560333218244643E-01 a      1310     1    15     2    10
  1.9100099613132221E-01 a      1311     1    15     2    11
 -3.4232598222070337E-01 a      1312     1    15     2    12
  2.9692250383967922E-01 a      1313     1    15     2    13
 -4.4768183463058109E-01 a      1314     1    15     2    14
  5.1705972655569088E-01 a      1315     1    15     2    15
  1.8281341763024878E-01 a      1316     1    15     2    16
 -5.3206436967748749E-01 a      1317     1    15     2    17
 -4.8654083558845823E-01 a      1318     1    15     2    18
 -4.2662885906926407E-01 a      1319     1    15     2    19
 -2.9152189793428146E-01 a      1320     1    15     2    20
 -3.8997240328825872E-02 a      1321     1    16     2     1
  4.1776160362877762E-01 a      1322     1    16     2     2
  4.4196319171842031E-02 a      1323     1    16     2     3
  9.3451019171617578E-03 a      1324     1    16     2     4
  2.4926386426771138E-01 a      1325     1    16     2     5
  2.7527557015541770E-01 a      1326     1    16     2     6
 -1.5505587618708683E-01 a      1327     1    16     2     7
 -9.1697855330286349E-02 a      1328     1    16     2     8
 -3.6719700449489362E-01 a      1329     1    16     2     9
  8.8166328630920734E-02 a      1330     1    16     2    10
  3.1314965370688297E-01 a      1331     1    16     2    11
  1.6455900898236372E-01 a      1332     1    16     2    12
  4.1125016394573366E-01 a      1333     1    16     2    13
  3.2303407234883463E-01 a      1334     1    16     2    14
 -3.8360451872421708E-01 a      1335     1    16     2    15
  6.9470655699664052E-01 a      1336     1    16     2    16
  2.1159185165747682E-01 a      1337     1    16     2    17
  1.1548236302934189E-01 a      1338     1    16     2    18
 -5.2032375687242860E-01 a      1339     1    16     2    19
  2.1878460412792103E-01 a      1340     1    16     2    20
  3.1919321219434982E-01 a      1341     1    17     2     1
  2.4199919724250565E-01 a      1342     1    17     2     2
  2.4917318812781200E-01 a      1343     1    17     2     3
  3.9556634316721745E-01 a      1344     1    17     2     4
 -1.7091300675373583E-01 a      1345     1    17     2     5
  1.7172102130839400E-02 a      1346     1    17     2     6
  1.6681364412553259E-05 a      1347     1    17     2     7
 -6.2388636347230242E-01 a      1348     1    17     2     8
  1.7236114375596114E-02 a      1349     1    17     2     9
 -4.1500859613076920E-05 a      1350     1    17     2    10
 -2.7219995317533868E-01 a      1351     1    17     2    11
 -6.3263956658234144E-01 a      1352     1    17     2    12
 -4.2696634610869955E-01 a      1353     1    17     2    13
 -2.6051500072219996E-01 a      1354     1    17     2    14
  6.3746006782729103E-01 a      1355     1    17     2    15
 -1.9654758284634660E-01 a      1356     1    17     2    16
  5.6081976455597438E-01 a      1357     1    17     2    17
  3.0378886212277345E-01 a      1358     1    17     2    18
 -6.1932132212240099E-01 a      1359     1    17     2    19
  2.9171031996897707E-02 a      1360     1    17     2    20
 -6.1706919648545688E-01 a      1361     1    18     2     1
 -6.3165368202589423E-01 a      1362     1    18     2     2
 -8.1596487836553294E-02 a      1363     1    18     2     3
  6.2213810859574381E-01 a      1364     1    18     2     4
 -4.4464887857856811E-01 a      1365     1    18     2     5
 -4.6593296084471930E-01 a      1366     1    18     2     6
  4.8853315819441201E-01 a      1367     1    18     2     7
 -3.5683601885167238E-01 a      1368     1    18     2     8
  4.1136716319783623E-01 a      1369     1    18     2     9
 -5.8910359367637488E-01 a      1370     1    18     2    10
 -5.8713718904817781E-02 a      1371     1    18     2    11
  2.3839133754236230E-01 a      1372     1    18     2    12
 -8.1771131298407282E-03 a      1373     1    18     2    13
  1.9622088652445185E-01 a      1374     1    18     2    14
  2.2062026624308959E-01 a      1375     1    18     2    15
 -6.8394425335019243E-02 a      1376     1    18     2    16
  2.5046080028608847E-01 a      1377     1    18     2    17
  3.2865653174334059E-01 a      1378     1    18     2    18
  3.4739505869411369E-01 a      1379     1    18     2    19
 -5.1009593406593179E-01 a      1380     1    18     2    20
 -5.2210975544643112E-01 a      1381     1    19     2     1
 -2.0682296939502584E-01 a      1382     1    19     2     2
  5.8372933978286268E-01 a      1383     1    19     2     3
  1.7412855387925949E-01 a      1384     1    19     2     4
 -5.8577184339618382E-01 a      1385     1    19     2     5
 -1.9808504230419868E-01 a      1386     1    19     2     6
 -7.1025250128850193E-01 a      1387     1    19     2     7
  1.8617660825988303E-01 a      1388     1    19     2     8
 -3.3752937867594995E-01 a      1389     1    19     2     9
 -6.2354123253743066E-01 a      1390     1    19     2    10
  8.4404424482646227E-03 a      1391     1    19     2    11
  4.7613889322762437E-01 a      1392     1    19     2    12
 -4.1602778155143544E-01 a      1393     1    19     2    13
  3.8354053604861876E-01 a      1394     1    19     2    14
  2.1757175983008220E-01 a      1395     1    19     2    15
 -2.9050534714447407E-01 a      1396     1    19     2    16
 -4.5922364363947654E-01 a      1397     1    19     2    17
 -6.9649235148910194E-01 a      1398     1    19     2    18
  3.7473191184473470E-01 a      1399     1    19     2    19
  5.4810386460927107E-01 a      1400     1    19     2    20
 -2.3592184876138309E-01 a      1401     1    20     2     1
 -2.0398876239227542E-01 a      1402     1    20     2     2
 -6.5515335445613221E-01 a      1403     1    20     2     3
 -2.0950366311762045E-01 a      1404     1    20     2     4
  4.6399758174702138E-01 a      1405     1    20     2     5
 -8.3360841549994208E-02 a      1406     1    20     2     6
 -1.1267930993324765E-01 a      1407     1    20     2     7
 -2.7633568737998332E-01 a      1408     1    20     2     8
 -5.5708767157632655E-01 a      1409     1    20     2     9
  1.3060401966059187E-01 a      1410     1    20     2    10
  7.8249419556141540E-03 a      1411     1    20     2    11
  1.1290079567633152E-02 a      1412     1    20     2    12
  1.2137882425723959E-01 a      1413     1    20     2    13
  5.3684630662292687E-01 a      1414     1    20     2    14
  6.8699321085315446E-01 a      1415     1    20     2    15
 -6.3040756666136996E-02 a      1416     1    20     2    16
 -2.4040460318324833E-01 a      1417     1    20     2    17
 -4.0211975916879894E-01 a      1418     1    20     2    18
 -1.9356264033390450E-01 a      1419     1    20     2    19
 -6.4761902398015847E-01 a      1420     1    20     2    20
  5.3779472601264877E-01 b      1421     2     1
 -6.0819645792327204E-01 b      1422     2     2
  5.8843761685761742E-01 b      1423     2     3
  4.4892414190722502E-01 b      1424     2     4
 -7.5662074311743419E-02 b      1425     2     5
  3.8039811465257634E-01 b      1426     2     6
  1.1078412374323761E+00 b      1427     2     7
  3.7079037217588501E-01 b      1428     2     8
 -1.2378847969043352E+00 b      1429     2     9
 -4.4982962324401005E-01 b      1430     2    10
  1.1032053891256539E+00 b      1431     2    11
  7.4204411755574040E-01 b      1432     2    12
 -1.8492272560795633E-01 b      1433     2    13
 -8.6304731479200314E-01 b      1434     2    14
  3.6975944342449268E-01 b      1435     2    15
  1.2699440180838779E+00 b      1436     2    16
  1.2927139391944831E+00 b      1437     2    17
  1.4925830064936518E+00 b      1438     2    18
 -1.8732513655241664E-01 b      1439     2    19
 -1.1440449567118354E+00 b      1440     2    20
  2.8528356403530625E-01 a      1441     2     1     3     1
  1.2574168683772362E+00 a      1442     2     2     3     1
  8.4010683521534901E-01 a      1443     2     3     3     1
  5.0107768792014540E-01 a      1444     2     4     3     1
  5.9782917483527187E-01 a      1445     2     5     3     1
  4.2037239041619084E-01 a      1446     2     6     3     1
  8.1866818407418740E-01 a      1447     2     7     3     1
  4.3948198304536035E-01 a      1448     2     8     3     1
  3.8200839713268020E-01 a      1449     2     9     3     1
 -5.6607652704855016E-01 a      1450     2    10     3     1
 -8.9387552853644181E-01 a      1451     2    11     3     1
  2.1258010348310338E-01 a      1452     2    12     3     1
  8.3568367045952996E-02 a      1453     2    13     3     1
 -2.4258715536362808E-02 a      1454     2    14     3     1
 -1.0674103371706181E+00 a      1455     2    15     3     1
 -3.4462895379999736E-01 a      1456     2    16     3     1
  9.7600887863284069E-01 a      1457     2    17     3     1
 -1.2041210735436640E+00 a      1458     2    18     3     1
  1.6114150803702873E-01 a      1459     2    19     3     1
  1.1056322670253460E+00 a      1460     2    20     3     1
 -1.0700798917479597E+00 b      1461     3     1
