################################################################################
# Neural network connection values (weights and biases).
################################################################################
# Col  Name       Description
################################################################################
# 1    connection Neural network connection value.
# 2    t          Connection type (a = weight, b = bias).
# 3    index      Index enumerating weights.
# 4    l_s        Starting point layer (end point layer for biases).
# 5    n_s        Starting point neuron in starting layer (end point neuron for biases).
# 6    l_e        End point layer.
# 7    n_e        End point neuron in end layer.
################################################################################
#                      1 2         3     4     5     6     7
#             connection t     index   l_s   n_s   l_e   n_e
############################################################
  1.3164688044150391E-01 a         1     0     1     1     1
  3.9772988062167508E-01 a         2     0     1     1     2
  3.2817846040120924E-01 a         3     0     1     1     3
  1.9672536128714874E-01 a         4     0     1     1     4
 -4.6282550746978673E-01 a         5     0     1     1     5
  8.3098791386974166E-02 a         6     0     1     1     6
  8.2239053259592701E-02 a         7     0     1     1     7
 -2.3200564182642561E-01 a         8     0     1     1     8
  3.9703718500440306E-02 a         9     0     1     1     9
 -3.6764478867241795E-02 a        10     0     1     1    10
  8.3857880591374195E-02 a        11     0     1     1    11
  3.8459919458943614E-02 a        12     0     1     1    12
  2.1973234774581415E-01 a        13     0     1     1    13
  2.6385075555858006E-01 a        14     0     1     1    14
 -2.7016482513752488E-01 a        15     0     1     1    15
  2.4624552607049138E-02 a        16     0     1     1    16
 -2.7094852725523128E-01 a        17     0     1     1    17
 -7.6985319194948304E-02 a        18     0     1     1    18
 -1.0356997950661186E-01 a        19     0     1     1    19
 -4.7350531245115457E-02 a        20     0     1     1    20
  1.1909769062083805E-01 a        21     0     2     1     1
 -4.2736931239857501E-01 a        22     0     2     1     2
 -1.1575361388244867E-01 a        23     0     2     1     3
  4.4841373820142381E-02 a        24     0     2     1     4
  2.7481415470812243E-01 a        25     0     2     1     5
 -5.5040231924230902E-02 a        26     0     2     1     6
  3.9451511500604233E-02 a        27     0     2     1     7
 -1.1127388268627762E-01 a        28     0     2     1     8
  5.5431793428359029E-02 a        29     0     2     1     9
  7.2671813346745912E-02 a        30     0     2     1    10
 -1.2270899451469212E-01 a        31     0     2     1    11
 -9.2284885349788653E-02 a        32     0     2     1    12
 -9.5847645769685227E-02 a        33     0     2     1    13
  1.4944449551010867E-02 a        34     0     2     1    14
  1.8610226237954199E-02 a        35     0     2     1    15
 -3.1974697613177094E-01 a        36     0     2     1    16
 -2.1940935085716731E-01 a        37     0     2     1    17
 -5.1825179248660952E-02 a        38     0     2     1    18
 -2.8154615359314550E-01 a        39     0     2     1    19
  3.6419296952638777E-02 a        40     0     2     1    20
 -9.5147682141298456E-03 a        41     0     3     1     1
  2.1012701875827769E-01 a        42     0     3     1     2
  5.6065187601723229E-02 a        43     0     3     1     3
 -2.2344681385249029E-02 a        44     0     3     1     4
 -5.8548465605348134E-02 a        45     0     3     1     5
 -1.4092237958828710E-01 a        46     0     3     1     6
 -1.4579219817017533E-01 a        47     0     3     1     7
  9.4551399264653266E-02 a        48     0     3     1     8
 -8.4984280345606775E-02 a        49     0     3     1     9
  2.5240591698154992E-02 a        50     0     3     1    10
 -2.4802409687635432E-02 a        51     0     3     1    11
  4.0151194007031252E-02 a        52     0     3     1    12
 -2.5979669338646028E-01 a        53     0     3     1    13
  8.6746658409452324E-02 a        54     0     3     1    14
  1.1951592260233519E-01 a        55     0     3     1    15
 -4.0735072711339339E-02 a        56     0     3     1    16
  1.8238199782680287E-01 a        57     0     3     1    17
  1.2197692295756191E-01 a        58     0     3     1    18
 -2.0475282147021276E-01 a        59     0     3     1    19
  5.8315533338340921E-02 a        60     0     3     1    20
 -3.2163714805625221E-01 a        61     0     4     1     1
 -2.1330462485447801E-01 a        62     0     4     1     2
 -1.8276148116649954E-01 a        63     0     4     1     3
 -2.3701978048960565E-01 a        64     0     4     1     4
 -6.0571765466830785E-01 a        65     0     4     1     5
  2.7585118438224454E-01 a        66     0     4     1     6
  2.0714258144769790E-01 a        67     0     4     1     7
  4.9015544196383973E-02 a        68     0     4     1     8
  3.6969244688852992E-01 a        69     0     4     1     9
  1.3624384682817861E-01 a        70     0     4     1    10
 -5.3403772462722108E-04 a        71     0     4     1    11
 -3.0855729484014827E-01 a        72     0     4     1    12
  5.3644750674679498E-01 a        73     0     4     1    13
 -4.2721848843192289E-01 a        74     0     4     1    14
 -7.5448864632961521E-02 a        75     0     4     1    15
 -2.3861159355886249E-01 a        76     0     4     1    16
  2.8998467752327090E-01 a        77     0     4     1    17
  2.2565865386919762E-01 a        78     0     4     1    18
  2.9545062501718327E-02 a        79     0     4     1    19
 -6.6020836832304042E-01 a        80     0     4     1    20
  6.8513171435576475E-02 a        81     0     5     1     1
  1.0711672017933130E-01 a        82     0     5     1     2
  5.6116199160479024E-02 a        83     0     5     1     3
 -7.4271637261910703E-02 a        84     0     5     1     4
 -1.1440767476189764E-01 a        85     0     5     1     5
 -5.1325456372834727E-02 a        86     0     5     1     6
  3.7380168716939394E-01 a        87     0     5     1     7
  2.0145630524922298E-01 a        88     0     5     1     8
  2.9238706335332559E-01 a        89     0     5     1     9
 -4.5914996097485894E-01 a        90     0     5     1    10
  1.9394505940423548E-01 a        91     0     5     1    11
 -1.0125665525842814E-01 a        92     0     5     1    12
  2.5776324297077147E-01 a        93     0     5     1    13
  4.8861866300876300E-01 a        94     0     5     1    14
  1.7897355740029142E-01 a        95     0     5     1    15
  5.3072395320916521E-01 a        96     0     5     1    16
  4.1871634341252018E-01 a        97     0     5     1    17
 -1.8081568807222265E-01 a        98     0     5     1    18
 -2.3244860857507130E-01 a        99     0     5     1    19
  2.7624037131211276E-01 a       100     0     5     1    20
 -1.1394948416021754E-01 a       101     0     6     1     1
 -2.6730412621176425E-01 a       102     0     6     1     2
 -2.4503389988866565E-02 a       103     0     6     1     3
 -2.5545094901277565E-01 a       104     0     6     1     4
  1.1270872217743868E-02 a       105     0     6     1     5
  7.8957838788985588E-02 a       106     0     6     1     6
  1.7439162542474620E-01 a       107     0     6     1     7
  2.4204086405936760E-02 a       108     0     6     1     8
 -5.3505561358584940E-02 a       109     0     6     1     9
 -1.0143090233643380E-01 a       110     0     6     1    10
 -1.9912328261461359E-01 a       111     0     6     1    11
 -4.7446629521969708E-02 a       112     0     6     1    12
  2.6177911238657814E-01 a       113     0     6     1    13
 -9.3700859054692290E-02 a       114     0     6     1    14
 -2.5400036019869032E-01 a       115     0     6     1    15
 -4.6616458562581418E-02 a       116     0     6     1    16
 -4.0532749815585450E-01 a       117     0     6     1    17
 -2.1205315392269211E-01 a       118     0     6     1    18
  9.1538058553964380E-02 a       119     0     6     1    19
  1.4316118908891648E-01 a       120     0     6     1    20
  4.8676993637243726E-01 a       121     0     7     1     1
 -8.8892654869346957E-02 a       122     0     7     1     2
  3.7722255748853205E-02 a       123     0     7     1     3
 -8.3907305402374385E-02 a       124     0     7     1     4
  2.6625182959064997E-01 a       125     0     7     1     5
 -4.7298201375684801E-01 a       126     0     7     1     6
  1.1754536211090265E-01 a       127     0     7     1     7
  1.7944511618657302E-02 a       128     0     7     1     8
 -1.6460539694880974E-01 a       129     0     7     1     9
 -3.8935748194698354E-02 a       130     0     7     1    10
 -1.7124167056986592E-01 a       131     0     7     1    11
  6.5093141219094630E-01 a       132     0     7     1    12
 -6.0389833440856922E-01 a       133     0     7     1    13
  4.5819867008885018E-02 a       134     0     7     1    14
  1.8358831333058717E-01 a       135     0     7     1    15
  5.7472294771693477E-01 a       136     0     7     1    16
 -3.6484250821459607E-01 a       137     0     7     1    17
  2.0215574015175908E-01 a       138     0     7     1    18
  1.4492456723240962E-01 a       139     0     7     1    19
  4.4931530994603031E-01 a       140     0     7     1    20
 -8.1279512746381871E-02 a       141     0     8     1     1
 -3.1279120024764573E-01 a       142     0     8     1     2
 -1.2620495254952477E-01 a       143     0     8     1     3
  1.2728080550317605E-01 a       144     0     8     1     4
  7.3085352857829499E-03 a       145     0     8     1     5
  1.2250273631255333E-01 a       146     0     8     1     6
  4.0949313542005383E-01 a       147     0     8     1     7
 -4.6728365114841103E-02 a       148     0     8     1     8
 -2.1888327048337947E-01 a       149     0     8     1     9
  3.7011749916438813E-01 a       150     0     8     1    10
 -1.0407535793086682E-01 a       151     0     8     1    11
 -2.2748961199845605E-01 a       152     0     8     1    12
 -8.0816564267859478E-02 a       153     0     8     1    13
  1.1104948266724488E-01 a       154     0     8     1    14
  2.7492615971293571E-02 a       155     0     8     1    15
 -1.2953233150822749E-01 a       156     0     8     1    16
 -3.7224222635302440E-01 a       157     0     8     1    17
  2.4231772489025888E-02 a       158     0     8     1    18
 -4.4864560741018827E-02 a       159     0     8     1    19
  2.0041175568112432E-01 a       160     0     8     1    20
  1.7060342822468838E-01 a       161     0     9     1     1
  7.9605295921191144E-02 a       162     0     9     1     2
  8.8324917183349907E-02 a       163     0     9     1     3
 -1.8043672770449234E-01 a       164     0     9     1     4
 -2.3715087704896781E-01 a       165     0     9     1     5
 -1.0281724712189945E-01 a       166     0     9     1     6
 -2.1849350282103772E-01 a       167     0     9     1     7
  3.7834010257399069E-02 a       168     0     9     1     8
 -3.3118539178911964E-02 a       169     0     9     1     9
 -7.5074838127584809E-02 a       170     0     9     1    10
  1.9119838835208589E-01 a       171     0     9     1    11
  1.5858102586270514E-01 a       172     0     9     1    12
 -1.3361545587135235E-01 a       173     0     9     1    13
 -1.1252153192714585E-01 a       174     0     9     1    14
  1.6464963914010933E-01 a       175     0     9     1    15
  5.3651873113189072E-02 a       176     0     9     1    16
  2.4363015324371470E-01 a       177     0     9     1    17
  2.6843208270039476E-01 a       178     0     9     1    18
  8.0933243262625881E-02 a       179     0     9     1    19
 -1.5450769530910910E-01 a       180     0     9     1    20
 -3.9482484469709050E-01 a       181     0    10     1     1
  1.9034625821270876E-01 a       182     0    10     1     2
  6.9602205657575800E-02 a       183     0    10     1     3
  1.8179039353152412E-01 a       184     0    10     1     4
 -2.2153307192203273E-01 a       185     0    10     1     5
  7.9436349487694152E-03 a       186     0    10     1     6
 -6.4437861491167508E-02 a       187     0    10     1     7
  5.9405963072898513E-02 a       188     0    10     1     8
  1.2439285261581974E-01 a       189     0    10     1     9
 -4.1467965139315899E-01 a       190     0    10     1    10
 -1.8460232526833556E-01 a       191     0    10     1    11
 -1.5900576050849524E-01 a       192     0    10     1    12
  7.0411455056042671E-01 a       193     0    10     1    13
 -2.4823806824190248E-01 a       194     0    10     1    14
 -7.2420330138930150E-02 a       195     0    10     1    15
 -3.8965591462731780E-01 a       196     0    10     1    16
  2.8236508995000464E-02 a       197     0    10     1    17
 -1.2945149291442217E-02 a       198     0    10     1    18
 -8.8701228620263917E-02 a       199     0    10     1    19
 -3.5551639795678608E-01 a       200     0    10     1    20
  6.4084618494065049E-02 a       201     0    11     1     1
  1.3867175283815497E-01 a       202     0    11     1     2
 -2.2249303693194353E-01 a       203     0    11     1     3
 -2.9893825029850130E-01 a       204     0    11     1     4
 -2.1725640407334398E-01 a       205     0    11     1     5
  1.6723219067507746E-03 a       206     0    11     1     6
 -4.1865695361590037E-02 a       207     0    11     1     7
 -1.5264645757787002E-01 a       208     0    11     1     8
  1.2911967542081601E-01 a       209     0    11     1     9
  1.9001900298865423E-01 a       210     0    11     1    10
  1.7466227751113184E-01 a       211     0    11     1    11
 -1.5021296667526210E-01 a       212     0    11     1    12
  1.0405403768014085E-01 a       213     0    11     1    13
  1.3954226950718154E-01 a       214     0    11     1    14
 -1.1977286999456450E-01 a       215     0    11     1    15
  8.3039431176547412E-02 a       216     0    11     1    16
  5.3165491025946532E-01 a       217     0    11     1    17
 -1.2211079526712044E-01 a       218     0    11     1    18
 -7.4983453556281318E-02 a       219     0    11     1    19
 -1.3720689359483923E-01 a       220     0    11     1    20
 -1.3666015472366294E-01 a       221     0    12     1     1
  4.6494510575709837E-02 a       222     0    12     1     2
  1.1607356215218211E-01 a       223     0    12     1     3
 -3.9197140173859106E-02 a       224     0    12     1     4
  5.8395657225454950E-02 a       225     0    12     1     5
  2.0488095960016975E-01 a       226     0    12     1     6
  8.0804088173351094E-02 a       227     0    12     1     7
  3.9177627451371542E-03 a       228     0    12     1     8
  1.7025141445202047E-01 a       229     0    12     1     9
  2.1018027128672714E-01 a       230     0    12     1    10
 -4.8286140128120957E-02 a       231     0    12     1    11
 -3.9548504028674290E-02 a       232     0    12     1    12
  2.7626994797712873E-01 a       233     0    12     1    13
  2.7901110395599538E-01 a       234     0    12     1    14
 -1.3629984733434675E-02 a       235     0    12     1    15
  1.9681836483186395E-02 a       236     0    12     1    16
 -3.6886393838401160E-01 a       237     0    12     1    17
  1.3931389793420740E-01 a       238     0    12     1    18
 -2.1268137696188458E-01 a       239     0    12     1    19
 -6.9487516984274827E-02 a       240     0    12     1    20
  2.6991538835109780E-01 a       241     0    13     1     1
 -1.1595648638409702E-01 a       242     0    13     1     2
  7.0973554450312795E-02 a       243     0    13     1     3
 -6.2832427517776943E-02 a       244     0    13     1     4
 -2.9943870108117282E-01 a       245     0    13     1     5
  1.8213012796132469E-01 a       246     0    13     1     6
  2.0059300955656062E-01 a       247     0    13     1     7
 -4.2466316466911361E-02 a       248     0    13     1     8
  4.1049623742086053E-02 a       249     0    13     1     9
 -6.2614867445121389E-02 a       250     0    13     1    10
 -1.4052604040103344E-02 a       251     0    13     1    11
 -9.2730967354799118E-02 a       252     0    13     1    12
 -1.3742671539436097E-01 a       253     0    13     1    13
 -8.0540948635852531E-03 a       254     0    13     1    14
  1.4855575369408841E-01 a       255     0    13     1    15
  2.6617354384469077E-01 a       256     0    13     1    16
 -1.0127975147776754E-01 a       257     0    13     1    17
  1.5255974010478396E-01 a       258     0    13     1    18
  7.0871015850354158E-02 a       259     0    13     1    19
 -5.0760380778475831E-03 a       260     0    13     1    20
 -3.0823657079977274E-01 a       261     0    14     1     1
 -1.7686335943835821E-01 a       262     0    14     1     2
 -2.1218840534613920E-01 a       263     0    14     1     3
 -7.8875205701274629E-03 a       264     0    14     1     4
  1.7176765182653181E-01 a       265     0    14     1     5
  1.0863486600432491E-01 a       266     0    14     1     6
  8.3932338242988930E-02 a       267     0    14     1     7
 -1.0240173785976051E-01 a       268     0    14     1     8
  5.0115963623066737E-02 a       269     0    14     1     9
  4.1078818478125362E-01 a       270     0    14     1    10
  5.5693050020985964E-02 a       271     0    14     1    11
 -1.5726505137731023E-01 a       272     0    14     1    12
  1.0271669515073815E-01 a       273     0    14     1    13
  9.2888347605512761E-02 a       274     0    14     1    14
 -3.3503614106914864E-01 a       275     0    14     1    15
  6.9773582147418245E-02 a       276     0    14     1    16
 -3.0053776233865864E-01 a       277     0    14     1    17
  1.2011071752289872E-01 a       278     0    14     1    18
  5.2130223602340646E-02 a       279     0    14     1    19
 -8.3987815585853887E-02 a       280     0    14     1    20
 -1.5551147332441249E-02 a       281     0    15     1     1
 -2.7947096652092804E-02 a       282     0    15     1     2
 -1.3804670029248869E-01 a       283     0    15     1     3
  3.1804265479481088E-03 a       284     0    15     1     4
  3.8219169468643101E-02 a       285     0    15     1     5
 -1.5163127231171464E-01 a       286     0    15     1     6
 -1.8800673586639258E-01 a       287     0    15     1     7
  5.7300224034542581E-02 a       288     0    15     1     8
  9.9944239790782617E-03 a       289     0    15     1     9
 -3.6185785487999400E-01 a       290     0    15     1    10
 -9.4137654739597162E-02 a       291     0    15     1    11
 -4.6513203951787686E-02 a       292     0    15     1    12
 -6.3441277410189012E-02 a       293     0    15     1    13
 -1.7218758905186879E-01 a       294     0    15     1    14
 -1.5988588994724706E-01 a       295     0    15     1    15
  1.6481164002896953E-01 a       296     0    15     1    16
 -5.8440196424262097E-02 a       297     0    15     1    17
  6.0411801908392217E-02 a       298     0    15     1    18
 -7.9558972463177183E-02 a       299     0    15     1    19
  5.9820001741244300E-02 a       300     0    15     1    20
 -5.7549814694988761E-04 a       301     0    16     1     1
  1.4560641944761267E-02 a       302     0    16     1     2
  1.6135993757144929E-01 a       303     0    16     1     3
  2.1140678679754352E-01 a       304     0    16     1     4
  1.7085598361514595E-01 a       305     0    16     1     5
 -1.0560554863431379E-01 a       306     0    16     1     6
 -2.0355119370992110E-02 a       307     0    16     1     7
  1.3845155476745008E-01 a       308     0    16     1     8
 -8.8866899284387318E-02 a       309     0    16     1     9
 -1.0328703202604816E-01 a       310     0    16     1    10
  4.8686151009134773E-02 a       311     0    16     1    11
  2.1027430244452164E-01 a       312     0    16     1    12
 -1.1507126621507836E-02 a       313     0    16     1    13
  1.2916372742765139E-01 a       314     0    16     1    14
  2.0688510828161735E-01 a       315     0    16     1    15
 -2.1464826370853818E-01 a       316     0    16     1    16
  3.7185764942960012E-02 a       317     0    16     1    17
  5.5799673852616340E-02 a       318     0    16     1    18
 -8.4915977000854362E-02 a       319     0    16     1    19
  1.8583759725842483E-01 a       320     0    16     1    20
  1.0166791450203386E-01 a       321     0    17     1     1
  9.5946117819975502E-02 a       322     0    17     1     2
 -8.2297568336262381E-02 a       323     0    17     1     3
  3.6407452550679738E-02 a       324     0    17     1     4
 -2.1411362074398790E-01 a       325     0    17     1     5
 -1.6223159508862225E-01 a       326     0    17     1     6
  1.0269418500405313E-01 a       327     0    17     1     7
 -3.7397872925088463E-02 a       328     0    17     1     8
  1.7603352132138577E-02 a       329     0    17     1     9
 -1.1059835521771079E-01 a       330     0    17     1    10
  6.3774614732156218E-02 a       331     0    17     1    11
 -3.7206147621086545E-02 a       332     0    17     1    12
 -1.5222147435779254E-01 a       333     0    17     1    13
 -3.8006509599158210E-02 a       334     0    17     1    14
 -5.6991949133765006E-03 a       335     0    17     1    15
  4.2219381213521458E-02 a       336     0    17     1    16
  3.3439098739350004E-01 a       337     0    17     1    17
 -2.1554972359809460E-01 a       338     0    17     1    18
 -3.2366055776533488E-02 a       339     0    17     1    19
  4.3145319050604466E-02 a       340     0    17     1    20
  9.1887114977934864E-02 a       341     0    18     1     1
  2.2244027592933816E-02 a       342     0    18     1     2
  1.0374899390284877E-01 a       343     0    18     1     3
  1.8802829823140260E-01 a       344     0    18     1     4
 -1.6093812132531538E-01 a       345     0    18     1     5
  4.4836196788338382E-02 a       346     0    18     1     6
 -2.3440318109475854E-02 a       347     0    18     1     7
  9.1618360868898463E-02 a       348     0    18     1     8
  1.0830038235108264E-01 a       349     0    18     1     9
  2.4904227228335832E-01 a       350     0    18     1    10
  2.3137089333018477E-02 a       351     0    18     1    11
  2.1357979688037940E-01 a       352     0    18     1    12
  1.1704363897348682E-01 a       353     0    18     1    13
  6.1346084114817581E-02 a       354     0    18     1    14
  2.4875751057759610E-01 a       355     0    18     1    15
 -1.8057909266454575E-01 a       356     0    18     1    16
 -4.6026383116907488E-03 a       357     0    18     1    17
 -4.6557451873633825E-02 a       358     0    18     1    18
  1.6760371843569266E-02 a       359     0    18     1    19
  2.9355258180293834E-02 a       360     0    18     1    20
  4.9940340325070089E-02 a       361     0    19     1     1
 -3.0638169082924757E-02 a       362     0    19     1     2
  1.0020133643319040E-01 a       363     0    19     1     3
 -1.2403482166727460E-01 a       364     0    19     1     4
 -1.5911916502724469E-01 a       365     0    19     1     5
  1.2239001671225125E-01 a       366     0    19     1     6
 -7.5334606303527141E-03 a       367     0    19     1     7
  8.3325636085965452E-02 a       368     0    19     1     8
 -9.4854510019998881E-02 a       369     0    19     1     9
 -1.1744279669635234E-01 a       370     0    19     1    10
 -1.7925500043546619E-01 a       371     0    19     1    11
 -2.2323894212203851E-01 a       372     0    19     1    12
  3.5872722850913238E-02 a       373     0    19     1    13
 -1.9531140772069128E-01 a       374     0    19     1    14
  1.8608948946404277E-01 a       375     0    19     1    15
  1.2327983115372923E-03 a       376     0    19     1    16
 -2.4800478124823253E-02 a       377     0    19     1    17
 -9.1128506247645166E-02 a       378     0    19     1    18
  1.8156517667486834E-02 a       379     0    19     1    19
  3.6051532896516610E-03 a       380     0    19     1    20
 -8.2527215104983259E-02 a       381     0    20     1     1
 -5.9463530565661102E-02 a       382     0    20     1     2
 -1.4580743404374041E-01 a       383     0    20     1     3
 -2.7020675789943177E-01 a       384     0    20     1     4
  1.0041951090558406E-01 a       385     0    20     1     5
  1.4302751297429558E-01 a       386     0    20     1     6
  6.0903977125395074E-02 a       387     0    20     1     7
 -1.1826619515664272E-01 a       388     0    20     1     8
  1.8396512897546617E-02 a       389     0    20     1     9
  1.9003723972155248E-01 a       390     0    20     1    10
  5.1829161183403000E-02 a       391     0    20     1    11
  2.4589033008618921E-02 a       392     0    20     1    12
  7.4517412149871287E-02 a       393     0    20     1    13
  3.0771693962976680E-02 a       394     0    20     1    14
 -2.0656266932066472E-01 a       395     0    20     1    15
  3.4338224864923571E-02 a       396     0    20     1    16
 -1.4353330247280427E-01 a       397     0    20     1    17
  2.0984990612355914E-01 a       398     0    20     1    18
  9.3957736505924760E-02 a       399     0    20     1    19
 -1.9966733037885739E-01 a       400     0    20     1    20
 -8.5419579255385347E-02 a       401     0    21     1     1
 -1.7970990744000166E-02 a       402     0    21     1     2
  4.2099405733990479E-02 a       403     0    21     1     3
 -1.8539558850386298E-01 a       404     0    21     1     4
  1.8223365044069612E-01 a       405     0    21     1     5
 -3.3367773327814002E-02 a       406     0    21     1     6
 -3.8807031090938283E-03 a       407     0    21     1     7
 -4.6418339057537623E-02 a       408     0    21     1     8
 -1.6385230874058318E-01 a       409     0    21     1     9
 -2.2431333444027929E-01 a       410     0    21     1    10
 -4.3037597309302261E-02 a       411     0    21     1    11
 -1.9709933479400515E-01 a       412     0    21     1    12
 -7.2546002549546587E-02 a       413     0    21     1    13
 -2.3621906559152063E-02 a       414     0    21     1    14
 -1.8496131576598612E-02 a       415     0    21     1    15
  8.4207778774743905E-02 a       416     0    21     1    16
  3.0747376224434134E-02 a       417     0    21     1    17
  6.4099962275753528E-02 a       418     0    21     1    18
  2.8427191712211749E-03 a       419     0    21     1    19
 -2.2660094175310622E-02 a       420     0    21     1    20
 -3.9856559825855148E-02 a       421     0    22     1     1
  6.3630951390859891E-02 a       422     0    22     1     2
  1.2564709949852329E-01 a       423     0    22     1     3
  1.0718899365186493E-01 a       424     0    22     1     4
  2.5551322915070649E-02 a       425     0    22     1     5
 -1.4577728612250254E-01 a       426     0    22     1     6
 -3.7347414067270289E-02 a       427     0    22     1     7
 -7.9613814003929737E-02 a       428     0    22     1     8
 -8.1906248852984240E-02 a       429     0    22     1     9
  5.2326570747544723E-02 a       430     0    22     1    10
  6.2752088543751652E-02 a       431     0    22     1    11
  9.1393074125768109E-02 a       432     0    22     1    12
 -8.6217433918944320E-02 a       433     0    22     1    13
  2.5978137182860801E-02 a       434     0    22     1    14
 -1.2466504634862813E-01 a       435     0    22     1    15
 -7.1336032698910534E-02 a       436     0    22     1    16
  3.6930233853428602E-03 a       437     0    22     1    17
  4.6379519391875818E-02 a       438     0    22     1    18
 -5.6096947324968428E-02 a       439     0    22     1    19
 -6.0824366493837344E-03 a       440     0    22     1    20
  3.3673490181196877E-02 a       441     0    23     1     1
  4.3558342379570987E-03 a       442     0    23     1     2
 -1.6611408042744072E-01 a       443     0    23     1     3
  2.2650591326184549E-01 a       444     0    23     1     4
 -6.4228377808493040E-02 a       445     0    23     1     5
  1.3950025153200494E-03 a       446     0    23     1     6
 -4.6599471219802638E-02 a       447     0    23     1     7
  3.2850742978930043E-02 a       448     0    23     1     8
  2.4054575873515882E-01 a       449     0    23     1     9
  5.6294362978580439E-02 a       450     0    23     1    10
  1.4652875817871278E-01 a       451     0    23     1    11
  4.8714548451012404E-02 a       452     0    23     1    12
 -7.5538565445191106E-03 a       453     0    23     1    13
  1.9798457521613580E-01 a       454     0    23     1    14
 -6.4944705989601254E-02 a       455     0    23     1    15
  8.6985624027942438E-02 a       456     0    23     1    16
  7.4902464321223050E-02 a       457     0    23     1    17
 -1.0363503993438529E-01 a       458     0    23     1    18
 -3.8475962565801498E-02 a       459     0    23     1    19
  1.3084202869373746E-01 a       460     0    23     1    20
  7.6227266135779417E-02 a       461     0    24     1     1
  3.2003616438661509E-02 a       462     0    24     1     2
  1.5535806730055512E-02 a       463     0    24     1     3
  9.1036561745717323E-02 a       464     0    24     1     4
 -8.2124295750812662E-02 a       465     0    24     1     5
  2.2408684006922176E-02 a       466     0    24     1     6
  6.0712590209375337E-03 a       467     0    24     1     7
  5.2722511178870363E-02 a       468     0    24     1     8
  6.3315094400526017E-02 a       469     0    24     1     9
  1.9627878382046307E-01 a       470     0    24     1    10
 -2.6427201967825595E-02 a       471     0    24     1    11
  1.0563050750780155E-01 a       472     0    24     1    12
  2.6928050453671817E-02 a       473     0    24     1    13
 -1.0701328733900203E-01 a       474     0    24     1    14
 -7.9330508196057206E-02 a       475     0    24     1    15
 -8.0260270593071031E-02 a       476     0    24     1    16
 -1.1240207279222843E-01 a       477     0    24     1    17
 -1.2063435764242371E-01 a       478     0    24     1    18
 -5.0906433927489059E-02 a       479     0    24     1    19
  4.8603885692310250E-02 a       480     0    24     1    20
 -1.6155544101512709E-02 a       481     0    25     1     1
 -4.3877757778353794E-02 a       482     0    25     1     2
 -3.8665956113572049E-02 a       483     0    25     1     3
 -2.6315421132522360E-02 a       484     0    25     1     4
  1.3696468437144246E-01 a       485     0    25     1     5
  1.2554562013643765E-02 a       486     0    25     1     6
 -1.2159060739382730E-02 a       487     0    25     1     7
  8.0412501449926094E-02 a       488     0    25     1     8
  1.9959982234992971E-02 a       489     0    25     1     9
 -6.0392449738820984E-02 a       490     0    25     1    10
 -1.1846632273856009E-01 a       491     0    25     1    11
 -4.9598631921217655E-02 a       492     0    25     1    12
  8.8195915078439754E-02 a       493     0    25     1    13
 -5.6819701712933275E-02 a       494     0    25     1    14
  1.7865657005113217E-01 a       495     0    25     1    15
  6.1278397278595985E-02 a       496     0    25     1    16
 -6.3410727066937180E-03 a       497     0    25     1    17
 -1.5477675645560083E-02 a       498     0    25     1    18
  4.3635464096076271E-02 a       499     0    25     1    19
  1.9422894462549578E-02 a       500     0    25     1    20
 -9.9327373150165394E-03 a       501     0    26     1     1
  1.8932893633162920E-03 a       502     0    26     1     2
  3.7396368372731428E-02 a       503     0    26     1     3
 -1.2919338849007442E-01 a       504     0    26     1     4
  2.2186745355715493E-02 a       505     0    26     1     5
 -6.0853004916108094E-03 a       506     0    26     1     6
  1.1673680730148826E-01 a       507     0    26     1     7
 -5.3254255538875785E-02 a       508     0    26     1     8
 -1.2891850592429163E-01 a       509     0    26     1     9
 -9.0517781745392711E-02 a       510     0    26     1    10
 -8.2141268531596492E-02 a       511     0    26     1    11
 -4.4795869354138797E-02 a       512     0    26     1    12
 -9.5515669991498194E-03 a       513     0    26     1    13
 -1.3503940189514968E-01 a       514     0    26     1    14
 -5.0327380595058785E-02 a       515     0    26     1    15
 -8.7170572694772862E-03 a       516     0    26     1    16
 -3.4316230936938322E-02 a       517     0    26     1    17
  2.5381735994806510E-02 a       518     0    26     1    18
  3.0484040172540802E-02 a       519     0    26     1    19
 -9.4689142797741835E-02 a       520     0    26     1    20
 -7.1598502005863207E-02 a       521     0    27     1     1
 -4.1126338098150583E-02 a       522     0    27     1     2
  1.8709551020368892E-02 a       523     0    27     1     3
 -1.1824548616228132E-02 a       524     0    27     1     4
  4.5816721673552704E-02 a       525     0    27     1     5
 -6.3820495953555295E-02 a       526     0    27     1     6
 -2.2795469276031727E-02 a       527     0    27     1     7
 -3.9807964013480149E-02 a       528     0    27     1     8
 -6.1194036874784898E-02 a       529     0    27     1     9
 -2.0708217162781539E-01 a       530     0    27     1    10
  2.6286121862827402E-02 a       531     0    27     1    11
 -7.2511778084876660E-02 a       532     0    27     1    12
 -3.9743538178112353E-03 a       533     0    27     1    13
  1.1412040205214567E-01 a       534     0    27     1    14
  1.5344939299218976E-01 a       535     0    27     1    15
  5.7662375235777580E-02 a       536     0    27     1    16
  1.5003898848492636E-01 a       537     0    27     1    17
  9.5265803681722827E-02 a       538     0    27     1    18
  7.8036645232954838E-02 a       539     0    27     1    19
 -2.7962551003031699E-02 a       540     0    27     1    20
 -3.0679610702361530E-02 a       541     0    28     1     1
  3.5777315858586872E-02 a       542     0    28     1     2
  3.5952907628974969E-02 a       543     0    28     1     3
 -8.4771459918785458E-02 a       544     0    28     1     4
 -1.7826385750940137E-02 a       545     0    28     1     5
 -2.7019753142272333E-02 a       546     0    28     1     6
 -1.6232332985685546E-02 a       547     0    28     1     7
 -5.6699665914436086E-02 a       548     0    28     1     8
 -2.7196095449195865E-02 a       549     0    28     1     9
  4.0874914747197892E-02 a       550     0    28     1    10
  7.6303672487422688E-03 a       551     0    28     1    11
 -1.2624827098034731E-02 a       552     0    28     1    12
 -2.0952823705667839E-02 a       553     0    28     1    13
 -2.4370417355120865E-02 a       554     0    28     1    14
 -1.0654125964137265E-01 a       555     0    28     1    15
  1.1792320670452844E-03 a       556     0    28     1    16
 -2.7740851734610900E-02 a       557     0    28     1    17
  4.5278646006920442E-02 a       558     0    28     1    18
 -1.6994592777345215E-02 a       559     0    28     1    19
 -5.8152228170465815E-02 a       560     0    28     1    20
  4.5447542161921609E-02 a       561     0    29     1     1
 -1.8153744383892837E-02 a       562     0    29     1     2
 -3.2573270990202643E-02 a       563     0    29     1     3
  4.8455627340266615E-02 a       564     0    29     1     4
 -9.7458112748387754E-02 a       565     0    29     1     5
  7.4066665152816263E-02 a       566     0    29     1     6
 -2.9483862087252874E-03 a       567     0    29     1     7
  1.3202159693813118E-02 a       568     0    29     1     8
  6.4105609411853628E-02 a       569     0    29     1     9
  6.2573952545145944E-02 a       570     0    29     1    10
  1.1090520917223556E-01 a       571     0    29     1    11
  5.3781712536003091E-02 a       572     0    29     1    12
 -2.7769662665165052E-02 a       573     0    29     1    13
  1.3954403660719725E-01 a       574     0    29     1    14
  2.0165633029499551E-02 a       575     0    29     1    15
 -3.4341174207673283E-02 a       576     0    29     1    16
  5.6823703588003795E-02 a       577     0    29     1    17
 -5.4246403057686150E-03 a       578     0    29     1    18
  6.2495707017509051E-03 a       579     0    29     1    19
  4.7475164250472317E-02 a       580     0    29     1    20
  2.0698414872947605E-02 a       581     0    30     1     1
  3.0152123866616497E-02 a       582     0    30     1     2
  2.9838971166213341E-02 a       583     0    30     1     3
 -1.0209139284077705E-02 a       584     0    30     1     4
 -2.1138505259121459E-02 a       585     0    30     1     5
  1.9109377432496435E-02 a       586     0    30     1     6
  4.9931865307006737E-03 a       587     0    30     1     7
  2.0851933556040019E-02 a       588     0    30     1     8
 -3.4568739195873339E-02 a       589     0    30     1     9
  3.2789467748897433E-02 a       590     0    30     1    10
 -3.9120777618884314E-02 a       591     0    30     1    11
 -5.8673751125972434E-03 a       592     0    30     1    12
 -2.2353157328387979E-02 a       593     0    30     1    13
 -8.2876624004513899E-02 a       594     0    30     1    14
 -4.7803533361221728E-02 a       595     0    30     1    15
 -5.1009315718014710E-02 a       596     0    30     1    16
 -5.3973408919634529E-02 a       597     0    30     1    17
 -6.5281829178818904E-02 a       598     0    30     1    18
 -3.6683523046224700E-02 a       599     0    30     1    19
  1.8335493445041814E-02 a       600     0    30     1    20
 -1.4868245856098583E-02 a       601     0    31     1     1
  1.3804445988339487E-01 a       602     0    31     1     2
 -2.3374719856069992E-01 a       603     0    31     1     3
  2.2397131984319993E-01 a       604     0    31     1     4
  1.9235434689460648E-01 a       605     0    31     1     5
 -4.4556015396739077E-02 a       606     0    31     1     6
  1.9529975015114354E-01 a       607     0    31     1     7
  6.5609204442325597E-02 a       608     0    31     1     8
  2.7081867626257877E-01 a       609     0    31     1     9
 -3.4176800385946721E-01 a       610     0    31     1    10
  2.8823547361582325E-01 a       611     0    31     1    11
 -5.7822301744612919E-02 a       612     0    31     1    12
  9.2157619460875626E-02 a       613     0    31     1    13
  9.7525127727386182E-02 a       614     0    31     1    14
  2.3511493143562973E-01 a       615     0    31     1    15
  1.5619255317994826E-01 a       616     0    31     1    16
  7.6377562988826170E-02 a       617     0    31     1    17
  2.1698726386088146E-01 a       618     0    31     1    18
  3.1342706722802663E-02 a       619     0    31     1    19
  4.1451956446551787E-02 a       620     0    31     1    20
  9.3470886302010989E-02 a       621     0    32     1     1
 -2.6244578820530023E-01 a       622     0    32     1     2
 -2.9735273382164418E-01 a       623     0    32     1     3
 -1.9024057699838734E-01 a       624     0    32     1     4
  3.0258371283403218E-01 a       625     0    32     1     5
  3.9511659236016816E-01 a       626     0    32     1     6
  9.2006731773488903E-03 a       627     0    32     1     7
  9.5104689710145560E-02 a       628     0    32     1     8
  7.4319297347294174E-03 a       629     0    32     1     9
  4.9438509795167129E-01 a       630     0    32     1    10
 -2.6244214259618148E-01 a       631     0    32     1    11
  2.8399930668824253E-01 a       632     0    32     1    12
 -2.0985022758523575E-01 a       633     0    32     1    13
  5.9325677620758066E-01 a       634     0    32     1    14
 -3.6007955305930295E-01 a       635     0    32     1    15
 -2.4219427719479153E-01 a       636     0    32     1    16
  1.1819100169910222E-02 a       637     0    32     1    17
 -7.5327540297950291E-01 a       638     0    32     1    18
 -1.8219060263630224E-01 a       639     0    32     1    19
  4.9692405368026449E-01 a       640     0    32     1    20
 -6.1777713536243978E-02 a       641     0    33     1     1
  8.4681870413333388E-02 a       642     0    33     1     2
  3.9149218576575710E-02 a       643     0    33     1     3
  1.4808707917839065E-01 a       644     0    33     1     4
 -1.1742510023632818E-01 a       645     0    33     1     5
  2.7652233770896258E-02 a       646     0    33     1     6
 -3.7530854411869354E-02 a       647     0    33     1     7
  2.5590369381906852E-02 a       648     0    33     1     8
 -6.3388062879530346E-02 a       649     0    33     1     9
 -7.2918057546578124E-02 a       650     0    33     1    10
  5.0861751227938047E-02 a       651     0    33     1    11
 -1.8759308120767978E-01 a       652     0    33     1    12
  5.7935589588395474E-02 a       653     0    33     1    13
  4.5957941087548014E-03 a       654     0    33     1    14
  1.9140009393589871E-01 a       655     0    33     1    15
 -3.4584233279452412E-02 a       656     0    33     1    16
 -1.2184275007471447E-02 a       657     0    33     1    17
  8.4116729999901732E-02 a       658     0    33     1    18
 -1.0394713238946172E-01 a       659     0    33     1    19
 -3.8855555965184294E-02 a       660     0    33     1    20
 -4.7079177943522663E-02 a       661     0    34     1     1
  2.5106642612794183E-01 a       662     0    34     1     2
  6.2431801161631573E-01 a       663     0    34     1     3
  2.6291883167037783E-01 a       664     0    34     1     4
  3.7073049753083692E-01 a       665     0    34     1     5
 -2.7329320068877316E-01 a       666     0    34     1     6
 -3.4780740728529852E-01 a       667     0    34     1     7
 -3.5323053990305005E-02 a       668     0    34     1     8
 -6.0086270465272998E-02 a       669     0    34     1     9
 -2.1683586190936655E-01 a       670     0    34     1    10
  1.6604080396970045E-01 a       671     0    34     1    11
  2.2147181254291526E-01 a       672     0    34     1    12
 -1.8870485521958819E-01 a       673     0    34     1    13
 -6.4380083092099305E-01 a       674     0    34     1    14
  1.0735695354583331E-01 a       675     0    34     1    15
  1.0043761157683169E-01 a       676     0    34     1    16
 -7.2209007009153656E-02 a       677     0    34     1    17
  6.4564919649193675E-01 a       678     0    34     1    18
  3.6420962788576217E-01 a       679     0    34     1    19
 -5.9501876482417670E-01 a       680     0    34     1    20
  1.3333812770101006E-01 a       681     0    35     1     1
  2.5036196816969787E-02 a       682     0    35     1     2
 -9.8357895756790825E-02 a       683     0    35     1     3
 -8.3735377876128600E-02 a       684     0    35     1     4
 -1.6758585514398275E-01 a       685     0    35     1     5
  6.0432616317276228E-02 a       686     0    35     1     6
 -2.9642542014740869E-02 a       687     0    35     1     7
  6.8513433688379852E-02 a       688     0    35     1     8
 -9.3332890251832355E-03 a       689     0    35     1     9
 -1.2201250279944277E-01 a       690     0    35     1    10
 -1.5503812913739226E-01 a       691     0    35     1    11
  1.0892216799617979E-01 a       692     0    35     1    12
  1.1474831652327152E-02 a       693     0    35     1    13
 -8.1927113108813537E-02 a       694     0    35     1    14
  5.7113717960525716E-02 a       695     0    35     1    15
 -2.1404275109671408E-01 a       696     0    35     1    16
  2.9997845269561835E-01 a       697     0    35     1    17
 -2.6511060183155427E-01 a       698     0    35     1    18
  2.1357025026112209E-01 a       699     0    35     1    19
  1.7336914065976411E-01 a       700     0    35     1    20
  8.6995253573795450E-02 a       701     0    36     1     1
 -2.7514878340443633E-01 a       702     0    36     1     2
  2.9545550066755782E-02 a       703     0    36     1     3
 -3.4099163218535217E-01 a       704     0    36     1     4
 -1.7216283100811469E-01 a       705     0    36     1     5
 -2.8002188416216193E-03 a       706     0    36     1     6
 -1.3970907703490434E-02 a       707     0    36     1     7
 -1.0557932597166474E-01 a       708     0    36     1     8
 -4.0071786700613295E-02 a       709     0    36     1     9
  3.5072501073567997E-01 a       710     0    36     1    10
  1.5805858747561455E-01 a       711     0    36     1    11
  2.0787474955628740E-01 a       712     0    36     1    12
 -4.3643208687263492E-02 a       713     0    36     1    13
  2.4171841751960163E-01 a       714     0    36     1    14
 -3.1385867577825285E-02 a       715     0    36     1    15
  1.6269669032113565E-01 a       716     0    36     1    16
 -2.8792056678987876E-01 a       717     0    36     1    17
  5.6109206705379139E-02 a       718     0    36     1    18
  3.4789443772091411E-01 a       719     0    36     1    19
  1.2930958960903088E-01 a       720     0    36     1    20
 -2.4594532026980498E-01 a       721     0    37     1     1
  2.9898138651759704E-01 a       722     0    37     1     2
 -1.3385811425277724E-01 a       723     0    37     1     3
  1.2426499958083978E-01 a       724     0    37     1     4
 -1.2069553641051917E-01 a       725     0    37     1     5
 -4.3581522020263309E-02 a       726     0    37     1     6
 -8.9855554728204154E-02 a       727     0    37     1     7
  5.3280233845340430E-01 a       728     0    37     1     8
 -9.8766632288922896E-03 a       729     0    37     1     9
 -3.9399704848184175E-01 a       730     0    37     1    10
 -2.8852770905568398E-01 a       731     0    37     1    11
 -2.8287591771754400E-01 a       732     0    37     1    12
  1.0977056819990068E-01 a       733     0    37     1    13
 -6.8329137124116857E-01 a       734     0    37     1    14
  2.8227948452518065E-01 a       735     0    37     1    15
 -3.1904122107164445E-01 a       736     0    37     1    16
  4.3436567361353201E-01 a       737     0    37     1    17
  5.7001530312615811E-01 a       738     0    37     1    18
 -4.4124934282469652E-01 a       739     0    37     1    19
 -5.4473269277228009E-02 a       740     0    37     1    20
  8.5585868635552842E-02 a       741     0    38     1     1
 -1.5087826509790814E-01 a       742     0    38     1     2
 -7.2371919017427330E-03 a       743     0    38     1     3
 -1.5613175411627353E-01 a       744     0    38     1     4
  2.2022702136511371E-01 a       745     0    38     1     5
 -5.7155023256681023E-02 a       746     0    38     1     6
  1.9809100881297340E-01 a       747     0    38     1     7
 -1.1813204959345494E-01 a       748     0    38     1     8
 -9.4343971851209352E-02 a       749     0    38     1     9
  8.0785263559219916E-02 a       750     0    38     1    10
  1.3336371169052519E-01 a       751     0    38     1    11
 -4.4953105767608248E-02 a       752     0    38     1    12
  2.9832310432813199E-02 a       753     0    38     1    13
  1.6510606885051266E-01 a       754     0    38     1    14
 -3.6474158246836724E-02 a       755     0    38     1    15
  6.5780679718517199E-02 a       756     0    38     1    16
  1.4866128395527087E-01 a       757     0    38     1    17
 -6.9176147236416310E-02 a       758     0    38     1    18
  3.1048202073385572E-01 a       759     0    38     1    19
  1.0861030736837475E-01 a       760     0    38     1    20
 -8.5964457939944425E-03 a       761     0    39     1     1
 -1.0643241329872846E-01 a       762     0    39     1     2
 -1.1779353700679560E-01 a       763     0    39     1     3
 -4.1872674108552888E-01 a       764     0    39     1     4
  1.0729252931003486E-01 a       765     0    39     1     5
  1.6151281247362932E-02 a       766     0    39     1     6
  1.9084726114168761E-02 a       767     0    39     1     7
 -3.5352872531741864E-01 a       768     0    39     1     8
 -1.6428930892125901E-01 a       769     0    39     1     9
  1.6297597935026370E-01 a       770     0    39     1    10
 -2.9420589306491777E-02 a       771     0    39     1    11
 -2.5513603002161311E-01 a       772     0    39     1    12
  3.0976655959905147E-01 a       773     0    39     1    13
  1.2339802763083962E-01 a       774     0    39     1    14
 -1.5206154798849675E-01 a       775     0    39     1    15
  1.4177078255567130E-01 a       776     0    39     1    16
 -1.7185814218637593E-01 a       777     0    39     1    17
 -2.6461933233095508E-01 a       778     0    39     1    18
  7.9700655727910810E-02 a       779     0    39     1    19
 -1.4184157785512144E-01 a       780     0    39     1    20
  2.2887074405444997E-02 a       781     0    40     1     1
 -2.6462391812615931E-02 a       782     0    40     1     2
  3.3035676514529017E-01 a       783     0    40     1     3
  1.8607636936058639E-01 a       784     0    40     1     4
  3.5045439926242694E-01 a       785     0    40     1     5
 -1.5062073253640703E-02 a       786     0    40     1     6
  1.1706308624295364E-01 a       787     0    40     1     7
  4.1186038535067179E-02 a       788     0    40     1     8
 -3.1157874222850490E-01 a       789     0    40     1     9
  2.3379151495866501E-01 a       790     0    40     1    10
  4.1609302709772200E-02 a       791     0    40     1    11
 -4.7448145444697651E-02 a       792     0    40     1    12
 -3.8124355024776213E-01 a       793     0    40     1    13
 -1.3507418996065909E-01 a       794     0    40     1    14
  1.6540946926777880E-01 a       795     0    40     1    15
 -2.0408764597417248E-01 a       796     0    40     1    16
  9.5802312198077805E-02 a       797     0    40     1    17
 -2.7989095278130333E-01 a       798     0    40     1    18
 -2.9616834062078636E-02 a       799     0    40     1    19
  7.8100035283847208E-02 a       800     0    40     1    20
  1.3319997156639304E-02 a       801     0    41     1     1
  2.5093947342727317E-02 a       802     0    41     1     2
  2.2329170495380347E-02 a       803     0    41     1     3
 -9.1783150001495478E-02 a       804     0    41     1     4
  1.9428085066951317E-03 a       805     0    41     1     5
  8.6951532558687927E-02 a       806     0    41     1     6
  3.8594233544982585E-02 a       807     0    41     1     7
 -3.6552750045255558E-02 a       808     0    41     1     8
 -9.5416318177116946E-02 a       809     0    41     1     9
 -4.8407963544044558E-02 a       810     0    41     1    10
  2.3545186755882807E-02 a       811     0    41     1    11
 -7.6809730538927770E-02 a       812     0    41     1    12
 -1.8397081186011122E-02 a       813     0    41     1    13
  5.8702145349073267E-04 a       814     0    41     1    14
 -3.9467763011724714E-02 a       815     0    41     1    15
 -4.8470745546574628E-02 a       816     0    41     1    16
 -2.0089307702972816E-02 a       817     0    41     1    17
 -2.5316071081207227E-02 a       818     0    41     1    18
  2.8356384422238791E-02 a       819     0    41     1    19
 -1.5727151618954362E-02 a       820     0    41     1    20
 -6.0235500184160483E-02 a       821     0    42     1     1
 -2.6842469296499080E-02 a       822     0    42     1     2
  1.1022204499759945E-01 a       823     0    42     1     3
 -8.3829359002023277E-02 a       824     0    42     1     4
 -1.7664890619620021E-02 a       825     0    42     1     5
  2.4146112582310027E-02 a       826     0    42     1     6
 -4.3111863810439278E-02 a       827     0    42     1     7
  5.0668051794654355E-02 a       828     0    42     1     8
 -9.5543187998180762E-02 a       829     0    42     1     9
 -2.2790828599372270E-01 a       830     0    42     1    10
 -5.4050178797196084E-02 a       831     0    42     1    11
  5.4511273955286176E-02 a       832     0    42     1    12
 -3.9958947988366036E-02 a       833     0    42     1    13
  1.3534986956976483E-01 a       834     0    42     1    14
  3.3362028854556031E-01 a       835     0    42     1    15
 -4.2047135740937047E-02 a       836     0    42     1    16
  9.1947107526396010E-02 a       837     0    42     1    17
  1.7223842198268993E-01 a       838     0    42     1    18
 -7.4188553434843638E-02 a       839     0    42     1    19
 -5.3653618577706196E-02 a       840     0    42     1    20
  9.0854774355346918E-02 a       841     0    43     1     1
 -1.5049532149111108E-02 a       842     0    43     1     2
 -2.0563248977194432E-01 a       843     0    43     1     3
 -1.7825712595730698E-02 a       844     0    43     1     4
  9.2558647226726569E-03 a       845     0    43     1     5
 -1.5133995345778699E-03 a       846     0    43     1     6
  1.2213836900546073E-01 a       847     0    43     1     7
  1.8454041954746293E-02 a       848     0    43     1     8
  2.0065708790202114E-01 a       849     0    43     1     9
 -4.8290788494885231E-02 a       850     0    43     1    10
  2.5291342081516132E-02 a       851     0    43     1    11
  1.5179004644625846E-01 a       852     0    43     1    12
 -1.6503503046641846E-02 a       853     0    43     1    13
  6.7417673628453231E-02 a       854     0    43     1    14
 -5.5974823583704925E-02 a       855     0    43     1    15
  1.2680615180958868E-01 a       856     0    43     1    16
 -9.1145770830384984E-02 a       857     0    43     1    17
  1.3208833105906595E-01 a       858     0    43     1    18
 -5.1415050161107499E-02 a       859     0    43     1    19
  3.2349691724104547E-02 a       860     0    43     1    20
  5.8288948021780640E-02 a       861     0    44     1     1
 -3.5165382558281751E-03 a       862     0    44     1     2
 -3.0896136187399897E-01 a       863     0    44     1     3
 -3.1216519176319862E-01 a       864     0    44     1     4
  3.2468016026454216E-02 a       865     0    44     1     5
 -1.2701628131317111E-01 a       866     0    44     1     6
 -1.0696093771699801E-01 a       867     0    44     1     7
  7.1444612049551229E-02 a       868     0    44     1     8
 -1.1218897721884503E-01 a       869     0    44     1     9
  1.8861200344547047E-01 a       870     0    44     1    10
 -2.2264891590901006E-01 a       871     0    44     1    11
 -5.2212556535362427E-03 a       872     0    44     1    12
  5.3886373510632093E-02 a       873     0    44     1    13
  1.9062513838777481E-02 a       874     0    44     1    14
  1.6874856969399685E-01 a       875     0    44     1    15
 -5.6356620159040777E-02 a       876     0    44     1    16
  1.2190261165913630E-01 a       877     0    44     1    17
  1.3476704393133274E-01 a       878     0    44     1    18
 -1.7443502864073014E-02 a       879     0    44     1    19
  1.1991834616830423E-01 a       880     0    44     1    20
  8.1054896885369362E-03 a       881     0    45     1     1
 -1.0744731220928254E-02 a       882     0    45     1     2
  1.3244401443485737E-01 a       883     0    45     1     3
 -9.3220031344988977E-02 a       884     0    45     1     4
 -1.1313439651631596E-01 a       885     0    45     1     5
  9.9690463808400298E-02 a       886     0    45     1     6
  5.4004766114165458E-02 a       887     0    45     1     7
  9.7797637716691282E-03 a       888     0    45     1     8
 -1.8245604313978983E-01 a       889     0    45     1     9
 -9.7578141295145401E-02 a       890     0    45     1    10
  5.5964210215049104E-02 a       891     0    45     1    11
  4.5078394728201583E-02 a       892     0    45     1    12
 -1.7087456191538677E-01 a       893     0    45     1    13
  3.2483265384313009E-02 a       894     0    45     1    14
  1.4060454029537101E-01 a       895     0    45     1    15
 -1.8448518302880867E-01 a       896     0    45     1    16
  1.1761211633544891E-01 a       897     0    45     1    17
 -1.0089471287614497E-01 a       898     0    45     1    18
  5.9480143914738479E-02 a       899     0    45     1    19
 -2.7877489824118043E-03 a       900     0    45     1    20
 -1.8837011599978659E-01 a       901     0    46     1     1
  1.8425845559989187E-01 a       902     0    46     1     2
  1.5736316523708210E-01 a       903     0    46     1     3
  9.0653654088490604E-02 a       904     0    46     1     4
 -1.8571761731927078E-01 a       905     0    46     1     5
 -1.7044831917393979E-01 a       906     0    46     1     6
 -6.8288202197641645E-02 a       907     0    46     1     7
 -3.2514613635047103E-02 a       908     0    46     1     8
 -1.0719484882335771E-01 a       909     0    46     1     9
 -2.7622196402425202E-02 a       910     0    46     1    10
 -2.8997163538705945E-01 a       911     0    46     1    11
 -1.3677192101089006E-01 a       912     0    46     1    12
  9.1096548072879882E-02 a       913     0    46     1    13
 -5.3886233642629025E-02 a       914     0    46     1    14
 -1.4530655218621188E-01 a       915     0    46     1    15
 -3.1160993570486864E-02 a       916     0    46     1    16
 -2.2374016835876389E-02 a       917     0    46     1    17
 -1.3066911690632865E-01 a       918     0    46     1    18
 -3.8896026761580804E-01 a       919     0    46     1    19
 -5.7628606885377728E-02 a       920     0    46     1    20
  6.7584874727656374E-01 a       921     0    47     1     1
  5.2566313758843387E-02 a       922     0    47     1     2
  3.4619996801354963E-01 a       923     0    47     1     3
  8.8745195541285210E-02 a       924     0    47     1     4
  3.9027083039275401E-01 a       925     0    47     1     5
  3.4615055426515651E-01 a       926     0    47     1     6
 -2.7022523886273847E-01 a       927     0    47     1     7
 -1.0684782249647554E-01 a       928     0    47     1     8
  1.6595251675548481E-01 a       929     0    47     1     9
 -1.4854568363566106E-01 a       930     0    47     1    10
  6.0684354595605849E-01 a       931     0    47     1    11
  4.0500738526619384E-01 a       932     0    47     1    12
 -4.7011566073902955E-01 a       933     0    47     1    13
  4.7936848629502188E-01 a       934     0    47     1    14
  8.0482022173754927E-02 a       935     0    47     1    15
 -9.2587210214017099E-02 a       936     0    47     1    16
 -3.0122249857513672E-01 a       937     0    47     1    17
 -2.1377214739006875E-01 a       938     0    47     1    18
  2.7199746019744042E-01 a       939     0    47     1    19
  1.8970992746484744E-01 a       940     0    47     1    20
 -3.7143496473933363E-02 a       941     0    48     1     1
  5.8721071736519047E-02 a       942     0    48     1     2
 -8.6823596829863348E-02 a       943     0    48     1     3
  1.0611783674179710E-01 a       944     0    48     1     4
 -2.3771435120928991E-01 a       945     0    48     1     5
  3.8685314719349037E-02 a       946     0    48     1     6
 -4.0428682178528186E-02 a       947     0    48     1     7
  5.5627355029616792E-02 a       948     0    48     1     8
  1.5463669020689921E-01 a       949     0    48     1     9
 -1.6231847547299916E-01 a       950     0    48     1    10
 -5.3609266829640533E-02 a       951     0    48     1    11
  9.8514268582965761E-02 a       952     0    48     1    12
 -2.1328436636125141E-02 a       953     0    48     1    13
  8.3729258300877699E-02 a       954     0    48     1    14
 -8.8458989509773139E-03 a       955     0    48     1    15
  5.9402008752036828E-02 a       956     0    48     1    16
 -9.5467127871491406E-02 a       957     0    48     1    17
  1.5319675352974810E-01 a       958     0    48     1    18
 -2.0261012156814462E-01 a       959     0    48     1    19
 -2.8674439488594682E-02 a       960     0    48     1    20
 -1.7725769870839006E-01 a       961     0    49     1     1
 -2.4593047132291393E-02 a       962     0    49     1     2
 -1.2910225067510403E-01 a       963     0    49     1     3
  1.7780131957667897E-01 a       964     0    49     1     4
 -9.4923224741512088E-02 a       965     0    49     1     5
 -1.0919480176706631E-01 a       966     0    49     1     6
  5.9403666424369915E-02 a       967     0    49     1     7
  7.0320343420864725E-02 a       968     0    49     1     8
  1.3879198228940631E-01 a       969     0    49     1     9
  1.1506086383633714E-01 a       970     0    49     1    10
 -1.0687411773372101E-01 a       971     0    49     1    11
  1.4500129336977458E-01 a       972     0    49     1    12
  6.5158220116660212E-02 a       973     0    49     1    13
 -1.3802823396606873E-01 a       974     0    49     1    14
  2.0914186850579133E-02 a       975     0    49     1    15
  1.3886283754609857E-03 a       976     0    49     1    16
  1.7787050495463874E-01 a       977     0    49     1    17
  6.1571240077786110E-02 a       978     0    49     1    18
  1.0293171839309455E-01 a       979     0    49     1    19
 -1.0652050902826392E-01 a       980     0    49     1    20
  1.0801475827339355E-01 a       981     0    50     1     1
  5.6714340809429470E-02 a       982     0    50     1     2
  1.8751602873364120E-02 a       983     0    50     1     3
 -1.6385440201234389E-01 a       984     0    50     1     4
 -2.1542124704845333E-01 a       985     0    50     1     5
  9.7042580509203238E-02 a       986     0    50     1     6
 -7.3523357095240896E-02 a       987     0    50     1     7
  1.5287853851073731E-02 a       988     0    50     1     8
  8.2962611952384968E-02 a       989     0    50     1     9
 -3.3278263117115833E-02 a       990     0    50     1    10
  3.4962858237745746E-02 a       991     0    50     1    11
  6.0942305522577123E-02 a       992     0    50     1    12
  1.2532383119030868E-01 a       993     0    50     1    13
  4.6800512508940982E-02 a       994     0    50     1    14
 -1.5343226936645074E-02 a       995     0    50     1    15
 -3.6049978271728386E-02 a       996     0    50     1    16
 -3.6050610033848962E-02 a       997     0    50     1    17
  1.2236525521126188E-01 a       998     0    50     1    18
  2.1563172630901857E-02 a       999     0    50     1    19
 -9.8247828424251425E-03 a      1000     0    50     1    20
  1.1180387781640353E+00 b      1001     1     1
  1.0807711430860703E+00 b      1002     1     2
  5.0030382187687295E-02 b      1003     1     3
 -1.1713487961449722E+00 b      1004     1     4
  1.1035958411947078E+00 b      1005     1     5
  2.3006835388631644E-01 b      1006     1     6
  1.0442906690998832E+00 b      1007     1     7
  1.4379086625443345E+00 b      1008     1     8
  2.2769541092825299E-01 b      1009     1     9
  1.1577376872207814E+00 b      1010     1    10
 -4.0767826301505411E-01 b      1011     1    11
  5.0582313387653266E-01 b      1012     1    12
  6.4997566015301156E-01 b      1013     1    13
  8.5740113500604287E-01 b      1014     1    14
 -1.1074627385358615E+00 b      1015     1    15
 -6.7256543366815344E-03 b      1016     1    16
 -9.9997492080883699E-01 b      1017     1    17
  3.1248040608266455E-03 b      1018     1    18
 -2.5666842108602600E-01 b      1019     1    19
  1.0837721610318061E+00 b      1020     1    20
  1.3023137613637201E-01 a      1021     1     1     2     1
 -2.0051461702671744E-01 a      1022     1     1     2     2
 -3.7481644579095608E-01 a      1023     1     1     2     3
  7.4189023973792756E-01 a      1024     1     1     2     4
  3.7094555458234112E-02 a      1025     1     1     2     5
  1.2024864971634143E-01 a      1026     1     1     2     6
  5.1452720356574078E-01 a      1027     1     1     2     7
 -5.4851377011989480E-03 a      1028     1     1     2     8
  2.5328241655086675E-01 a      1029     1     1     2     9
  1.6081460128920086E-01 a      1030     1     1     2    10
 -7.9304641061010683E-01 a      1031     1     1     2    11
 -6.1957675198845064E-01 a      1032     1     1     2    12
 -5.5839606067000302E-01 a      1033     1     1     2    13
  1.9357696739317276E-01 a      1034     1     1     2    14
 -7.7923157128860610E-01 a      1035     1     1     2    15
 -4.3669332754935347E-01 a      1036     1     1     2    16
 -8.6200229976995460E-02 a      1037     1     1     2    17
  5.4016014277573488E-01 a      1038     1     1     2    18
  3.1016355032850357E-01 a      1039     1     1     2    19
  2.0784734875762326E-01 a      1040     1     1     2    20
 -1.3827344995370877E-01 a      1041     1     2     2     1
  3.9543506736190154E-01 a      1042     1     2     2     2
 -6.7749280796471203E-02 a      1043     1     2     2     3
  2.7658124538736523E-02 a      1044     1     2     2     4
  7.1125804853343622E-01 a      1045     1     2     2     5
  4.6116680309496344E-01 a      1046     1     2     2     6
 -1.1210648068844083E-01 a      1047     1     2     2     7
  7.2952760948304918E-01 a      1048     1     2     2     8
 -2.3345691440550903E-01 a      1049     1     2     2     9
  4.2657537778289727E-02 a      1050     1     2     2    10
  5.1639254796817902E-01 a      1051     1     2     2    11
  4.4772517166576313E-02 a      1052     1     2     2    12
  2.2949448857258747E-01 a      1053     1     2     2    13
 -2.7994241912873047E-01 a      1054     1     2     2    14
 -5.0624200693391830E-01 a      1055     1     2     2    15
 -1.8214045130666279E-01 a      1056     1     2     2    16
  2.5092370822094467E-01 a      1057     1     2     2    17
  2.5282991739070126E-02 a      1058     1     2     2    18
 -9.2929383579391608E-02 a      1059     1     2     2    19
  5.6366196514545974E-01 a      1060     1     2     2    20
  1.3629955637240257E-01 a      1061     1     3     2     1
 -4.0435890779663769E-01 a      1062     1     3     2     2
  3.1741155945894162E-01 a      1063     1     3     2     3
 -4.5443551784092162E-01 a      1064     1     3     2     4
 -1.0867569411586127E-01 a      1065     1     3     2     5
 -7.2013076440778145E-02 a      1066     1     3     2     6
 -1.6021957750069649E-01 a      1067     1     3     2     7
 -4.6286498452218489E-01 a      1068     1     3     2     8
  2.6038409666559043E-02 a      1069     1     3     2     9
  1.6784917297922194E-01 a      1070     1     3     2    10
 -2.4271813762974651E-01 a      1071     1     3     2    11
 -9.5988357590955226E-02 a      1072     1     3     2    12
 -1.6976196382530603E-01 a      1073     1     3     2    13
  1.1180251361595836E-01 a      1074     1     3     2    14
  6.5484873538876121E-01 a      1075     1     3     2    15
  4.1902900110694224E-01 a      1076     1     3     2    16
 -8.1546005043681910E-02 a      1077     1     3     2    17
  4.0241130414166487E-01 a      1078     1     3     2    18
  4.7927147027540107E-01 a      1079     1     3     2    19
 -1.5174194582180076E-01 a      1080     1     3     2    20
 -6.6616504945410304E-03 a      1081     1     4     2     1
  7.4437073286718447E-02 a      1082     1     4     2     2
 -1.5406189544129342E-01 a      1083     1     4     2     3
  4.2053487269317957E-01 a      1084     1     4     2     4
 -9.9756205966368972E-02 a      1085     1     4     2     5
 -6.4081733799137053E-01 a      1086     1     4     2     6
  1.9889565335242962E-01 a      1087     1     4     2     7
  4.6047135008574325E-01 a      1088     1     4     2     8
  5.0805870153893484E-01 a      1089     1     4     2     9
  6.9788264905356431E-02 a      1090     1     4     2    10
  4.8156181651073982E-01 a      1091     1     4     2    11
 -6.3419171011191433E-01 a      1092     1     4     2    12
  2.3381338667119833E-01 a      1093     1     4     2    13
  4.6737802578233473E-01 a      1094     1     4     2    14
 -2.8649776089989143E-01 a      1095     1     4     2    15
 -9.1275604565463186E-02 a      1096     1     4     2    16
 -5.2229308284242115E-01 a      1097     1     4     2    17
  3.4104532592220999E-01 a      1098     1     4     2    18
  2.2675276031906139E-02 a      1099     1     4     2    19
 -7.7753974631828615E-01 a      1100     1     4     2    20
  4.0184334113999881E-01 a      1101     1     5     2     1
 -4.7321767163424078E-01 a      1102     1     5     2     2
  3.7138521975286243E-01 a      1103     1     5     2     3
 -5.4066140158442266E-01 a      1104     1     5     2     4
 -1.2049033450279234E-01 a      1105     1     5     2     5
 -4.6953297330439531E-01 a      1106     1     5     2     6
  3.3652990267130545E-01 a      1107     1     5     2     7
 -3.1147110620828777E-01 a      1108     1     5     2     8
  1.9428238295787856E-01 a      1109     1     5     2     9
  3.2926948501742426E-01 a      1110     1     5     2    10
  2.6918161083218434E-01 a      1111     1     5     2    11
 -1.5133512714475794E-01 a      1112     1     5     2    12
  1.0260709985655705E-01 a      1113     1     5     2    13
 -5.1541350540121511E-01 a      1114     1     5     2    14
  6.8919012341519745E-02 a      1115     1     5     2    15
  4.3085536161075655E-01 a      1116     1     5     2    16
 -2.8129106425270634E-01 a      1117     1     5     2    17
  1.6659432654374320E-01 a      1118     1     5     2    18
  2.1626749104255427E-01 a      1119     1     5     2    19
 -9.7301555062257197E-02 a      1120     1     5     2    20
 -3.9098315440920489E-01 a      1121     1     6     2     1
  2.9520582116532346E-01 a      1122     1     6     2     2
 -1.6459620199498556E-01 a      1123     1     6     2     3
 -2.8621713048658837E-01 a      1124     1     6     2     4
 -3.2522368324968152E-02 a      1125     1     6     2     5
  6.1238078852385569E-01 a      1126     1     6     2     6
  3.2080098015942360E-01 a      1127     1     6     2     7
  4.4531567113249360E-01 a      1128     1     6     2     8
 -1.6310057347248880E-01 a      1129     1     6     2     9
  4.8199119978001265E-01 a      1130     1     6     2    10
 -1.8482154973489071E-01 a      1131     1     6     2    11
 -5.4743289007432860E-01 a      1132     1     6     2    12
  1.5249370375215754E-01 a      1133     1     6     2    13
  8.7343863473333005E-02 a      1134     1     6     2    14
 -5.3537829406063575E-01 a      1135     1     6     2    15
  3.9689216488451518E-01 a      1136     1     6     2    16
  1.6371094597957661E-01 a      1137     1     6     2    17
 -4.4358410431266032E-01 a      1138     1     6     2    18
  5.7971921194617149E-01 a      1139     1     6     2    19
 -3.8109434778387158E-01 a      1140     1     6     2    20
  2.6358265883011145E-01 a      1141     1     7     2     1
 -3.1000503401448742E-01 a      1142     1     7     2     2
  3.7685283263587416E-01 a      1143     1     7     2     3
 -3.2433347633032944E-01 a      1144     1     7     2     4
  4.7408436001942628E-01 a      1145     1     7     2     5
 -2.2400097364459862E-01 a      1146     1     7     2     6
  1.9837786598315044E-01 a      1147     1     7     2     7
 -4.1529338397099258E-01 a      1148     1     7     2     8
 -4.0963256310667240E-01 a      1149     1     7     2     9
  5.8738547945002939E-01 a      1150     1     7     2    10
  5.1154617324575113E-01 a      1151     1     7     2    11
  1.6001026772359697E-01 a      1152     1     7     2    12
  4.2121793172410293E-01 a      1153     1     7     2    13
 -3.7542394114185179E-01 a      1154     1     7     2    14
  1.4545708084645770E-01 a      1155     1     7     2    15
 -8.4830482967754639E-02 a      1156     1     7     2    16
 -2.9920242613005299E-01 a      1157     1     7     2    17
 -3.6744566492272990E-01 a      1158     1     7     2    18
 -3.9330977701993852E-01 a      1159     1     7     2    19
 -1.3816106002447098E-01 a      1160     1     7     2    20
 -1.2283853998726314E-01 a      1161     1     8     2     1
  5.2263477149424142E-01 a      1162     1     8     2     2
 -4.5776812540468129E-02 a      1163     1     8     2     3
 -2.4028803925630091E-01 a      1164     1     8     2     4
 -3.2813977481853762E-01 a      1165     1     8     2     5
  1.2840473471275493E-01 a      1166     1     8     2     6
 -7.5700396299579964E-01 a      1167     1     8     2     7
  9.5675325816080847E-02 a      1168     1     8     2     8
 -4.4832993701940810E-01 a      1169     1     8     2     9
  4.7503858037781110E-01 a      1170     1     8     2    10
  2.2230255523965672E-01 a      1171     1     8     2    11
 -3.5461813232316225E-01 a      1172     1     8     2    12
 -3.6762427617987498E-01 a      1173     1     8     2    13
  9.7888113057162704E-02 a      1174     1     8     2    14
 -6.0560419991071490E-01 a      1175     1     8     2    15
  6.6457657532846090E-02 a      1176     1     8     2    16
  6.0734320298898925E-01 a      1177     1     8     2    17
  8.1271504335649902E-01 a      1178     1     8     2    18
 -2.4541555309864541E-01 a      1179     1     8     2    19
  5.1411754911676644E-01 a      1180     1     8     2    20
  5.0381451091531859E-01 a      1181     1     9     2     1
 -2.8882576715217567E-01 a      1182     1     9     2     2
  6.0677244332662505E-01 a      1183     1     9     2     3
 -2.4341057150374482E-01 a      1184     1     9     2     4
  5.5586011819131809E-01 a      1185     1     9     2     5
  6.2753247226217024E-01 a      1186     1     9     2     6
 -1.7787958209823368E-01 a      1187     1     9     2     7
 -5.4799338576555767E-01 a      1188     1     9     2     8
  3.4741118652850222E-01 a      1189     1     9     2     9
 -6.8035557467920926E-01 a      1190     1     9     2    10
 -1.2783764653414731E-01 a      1191     1     9     2    11
  3.6480352118334014E-01 a      1192     1     9     2    12
 -2.8873317646265395E-01 a      1193     1     9     2    13
  5.3919267059484655E-01 a      1194     1     9     2    14
  4.0233666906589616E-01 a      1195     1     9     2    15
 -1.6211099562287437E-01 a      1196     1     9     2    16
  3.7400541226384254E-01 a      1197     1     9     2    17
  1.4334251415239441E-01 a      1198     1     9     2    18
  3.0532910517695483E-01 a      1199     1     9     2    19
 -4.6037037038263867E-02 a      1200     1     9     2    20
 -3.5786404519067300E-01 a      1201     1    10     2     1
 -5.1436095326547482E-01 a      1202     1    10     2     2
 -5.3956937333290200E-01 a      1203     1    10     2     3
 -3.8872853954065964E-02 a      1204     1    10     2     4
  6.7272248552143932E-01 a      1205     1    10     2     5
  2.8455037350598517E-01 a      1206     1    10     2     6
  3.8959445413144767E-01 a      1207     1    10     2     7
  8.1792706146862779E-02 a      1208     1    10     2     8
  6.8103770288802795E-02 a      1209     1    10     2     9
 -3.4886107508904407E-01 a      1210     1    10     2    10
  1.0217780926390678E-01 a      1211     1    10     2    11
 -1.0941275086893439E-01 a      1212     1    10     2    12
  1.3496284525390254E-01 a      1213     1    10     2    13
  3.2390110745551254E-01 a      1214     1    10     2    14
 -7.8043490236514423E-01 a      1215     1    10     2    15
 -6.7346166162162280E-01 a      1216     1    10     2    16
 -6.3662093918099150E-01 a      1217     1    10     2    17
 -4.0430172971468184E-02 a      1218     1    10     2    18
  5.9282891255009573E-02 a      1219     1    10     2    19
 -1.1444621058692517E-01 a      1220     1    10     2    20
 -2.0021921731036618E-01 a      1221     1    11     2     1
 -2.6349197158553778E-01 a      1222     1    11     2     2
  1.3456524170301759E-01 a      1223     1    11     2     3
 -5.8630512188203913E-02 a      1224     1    11     2     4
 -6.5357072005985684E-01 a      1225     1    11     2     5
  6.6098163776587060E-01 a      1226     1    11     2     6
  7.0721189457300204E-01 a      1227     1    11     2     7
  2.8684135472198091E-01 a      1228     1    11     2     8
  3.2762500054269017E-01 a      1229     1    11     2     9
  1.9781087145291165E-01 a      1230     1    11     2    10
 -5.4252811134470225E-01 a      1231     1    11     2    11
 -1.6784172210389098E-01 a      1232     1    11     2    12
 -3.6181545034369246E-02 a      1233     1    11     2    13
 -5.5651088572500718E-01 a      1234     1    11     2    14
 -1.7960824128851871E-01 a      1235     1    11     2    15
 -2.9974518400292877E-01 a      1236     1    11     2    16
 -5.8602969448494614E-02 a      1237     1    11     2    17
 -4.2084479852939038E-01 a      1238     1    11     2    18
 -7.5036670196520805E-01 a      1239     1    11     2    19
  5.5544218381821564E-01 a      1240     1    11     2    20
 -3.0176021088168692E-01 a      1241     1    12     2     1
 -2.0171962832322873E-01 a      1242     1    12     2     2
 -6.0005957713527756E-02 a      1243     1    12     2     3
 -2.5202741713075533E-01 a      1244     1    12     2     4
  2.7142412350525930E-01 a      1245     1    12     2     5
  3.3593583416487910E-02 a      1246     1    12     2     6
  4.4769285882018339E-01 a      1247     1    12     2     7
  2.7397566945047697E-01 a      1248     1    12     2     8
 -5.0089831779185412E-01 a      1249     1    12     2     9
  4.9723203140932076E-01 a      1250     1    12     2    10
 -2.2130114106194432E-01 a      1251     1    12     2    11
 -5.8768689692701236E-02 a      1252     1    12     2    12
  3.0454428341201956E-01 a      1253     1    12     2    13
 -3.6985306536411788E-01 a      1254     1    12     2    14
  1.6642943113265754E-01 a      1255     1    12     2    15
  5.9481481500512245E-01 a      1256     1    12     2    16
 -1.1605602449575689E-01 a      1257     1    12     2    17
 -2.3109733389706735E-01 a      1258     1    12     2    18
 -9.4437291181467237E-02 a      1259     1    12     2    19
 -1.3780349608598599E-01 a      1260     1    12     2    20
 -2.9885435585324915E-01 a      1261     1    13     2     1
 -3.3695926233565410E-01 a      1262     1    13     2     2
  2.8221760838037285E-01 a      1263     1    13     2     3
 -4.4306726162679144E-01 a      1264     1    13     2     4
 -6.4222236761533646E-01 a      1265     1    13     2     5
 -2.3307032899180284E-02 a      1266     1    13     2     6
 -2.2754917454720830E-01 a      1267     1    13     2     7
 -4.0350198139621180E-01 a      1268     1    13     2     8
 -3.5034349387009950E-01 a      1269     1    13     2     9
  5.5824165933537639E-01 a      1270     1    13     2    10
  4.3091459534823212E-01 a      1271     1    13     2    11
 -6.5771156844916756E-01 a      1272     1    13     2    12
  8.0338148828855571E-01 a      1273     1    13     2    13
 -1.2191444798218751E-01 a      1274     1    13     2    14
  4.6366435025309993E-01 a      1275     1    13     2    15
 -5.3655489831881276E-01 a      1276     1    13     2    16
  2.8593228854263547E-01 a      1277     1    13     2    17
  1.3324452729635430E-01 a      1278     1    13     2    18
  7.0503620613312043E-02 a      1279     1    13     2    19
 -1.4237917585884724E-01 a      1280     1    13     2    20
  3.8409131341421821E-01 a      1281     1    14     2     1
 -1.7076593774710394E-01 a      1282     1    14     2     2
 -3.0860236995679774E-01 a      1283     1    14     2     3
  3.3612001083645204E-01 a      1284     1    14     2     4
  5.6969743127655559E-01 a      1285     1    14     2     5
  6.2982692275557484E-01 a      1286     1    14     2     6
 -1.5662560345837520E-01 a      1287     1    14     2     7
  2.8638237743114869E-01 a      1288     1    14     2     8
  3.8840371543954288E-01 a      1289     1    14     2     9
 -7.5384302525616981E-02 a      1290     1    14     2    10
  7.7759405975154836E-02 a      1291     1    14     2    11
  5.3311520134010459E-01 a      1292     1    14     2    12
 -2.0900724291692921E-01 a      1293     1    14     2    13
 -1.3372168774440479E-01 a      1294     1    14     2    14
 -7.5216256841703424E-02 a      1295     1    14     2    15
 -2.1743628805327733E-01 a      1296     1    14     2    16
 -2.6837023847376029E-01 a      1297     1    14     2    17
  4.8365133190067394E-01 a      1298     1    14     2    18
  1.3804162083253896E-01 a      1299     1    14     2    19
  3.4376040592356816E-01 a      1300     1    14     2    20
 -7.8151851830768093E-01 a      1301     1    15     2     1
  5.5530481377204632E-01 a      1302     1    15     2     2
 -2.1972384072703255E-01 a      1303     1    15     2     3
  6.4231429326569323E-01 a      1304     1    15     2     4
  5.6237766799069511E-01 a      1305     1    15     2     5
 -5.3599833209579018E-01 a      1306     1    15     2     6
 -3.2064931028079713E-01 a      1307     1    15     2     7
  3.6675509280157215E-01 a      1308     1    15     2     8
  6.1304286874513902E-01 a      1309     1    15     2     9
  5.6784764093511853E-01 a      1310     1    15     2    10
  1.0398205347675170E-01 a      1311     1    15     2    11
  1.0528890002682451E-01 a      1312     1    15     2    12
 -2.7496500404613503E-02 a      1313     1    15     2    13
 -3.7445387843521155E-01 a      1314     1    15     2    14
 -3.9532333947403792E-01 a      1315     1    15     2    15
 -3.0621403231514144E-01 a      1316     1    15     2    16
 -8.2331149323805836E-02 a      1317     1    15     2    17
  2.9496639544490427E-02 a      1318     1    15     2    18
 -4.6431401983584686E-01 a      1319     1    15     2    19
  2.1370114400165036E-01 a      1320     1    15     2    20
 -6.9889502174134832E-01 a      1321     1    16     2     1
 -1.6501147498318347E-01 a      1322     1    16     2     2
 -4.1494007468935956E-01 a      1323     1    16     2     3
  1.1628580363095825E-01 a      1324     1    16     2     4
  1.3336384002752558E-01 a      1325     1    16     2     5
  3.5790617481918563E-01 a      1326     1    16     2     6
 -2.9305306867613637E-02 a      1327     1    16     2     7
 -2.1796222600220855E-01 a      1328     1    16     2     8
  2.4057227878166684E-01 a      1329     1    16     2     9
  6.1914164609397160E-01 a      1330     1    16     2    10
 -6.0178974036761601E-01 a      1331     1    16     2    11
 -3.1790817309002017E-01 a      1332     1    16     2    12
  2.3764500965815390E-02 a      1333     1    16     2    13
 -3.3263781999263736E-01 a      1334     1    16     2    14
  1.5067436342062643E-01 a      1335     1    16     2    15
  4.3188229470551037E-01 a      1336     1    16     2    16
 -4.7523097239250089E-01 a      1337     1    16     2    17
 -2.4339134660916178E-01 a      1338     1    16     2    18
  2.5219182564695287E-02 a      1339     1    16     2    19
  5.5216628657242584E-01 a      1340     1    16     2    20
 -2.2685291760652207E-01 a      1341     1    17     2     1
 -2.9114048297666645E-01 a      1342     1    17     2     2
  2.7878828920292315E-01 a      1343     1    17     2     3
 -9.8769721194772953E-01 a      1344     1    17     2     4
 -7.1449564118015743E-02 a      1345     1    17     2     5
 -3.6480359294617754E-01 a      1346     1    17     2     6
 -2.4291595907656799E-01 a      1347     1    17     2     7
  6.5244955959612572E-01 a      1348     1    17     2     8
  4.6760416603497501E-01 a      1349     1    17     2     9
  3.6214702766597617E-01 a      1350     1    17     2    10
 -1.5641899893621247E-01 a      1351     1    17     2    11
 -1.7692132104234143E-01 a      1352     1    17     2    12
  8.4396576403203305E-01 a      1353     1    17     2    13
  4.3738657151198257E-01 a      1354     1    17     2    14
  5.3305271330977932E-01 a      1355     1    17     2    15
  3.1261083248944654E-01 a      1356     1    17     2    16
  7.3669330497748642E-01 a      1357     1    17     2    17
 -4.7391008341509949E-01 a      1358     1    17     2    18
  3.6785257779169878E-01 a      1359     1    17     2    19
  5.0937756142322788E-01 a      1360     1    17     2    20
  1.0737618435006578E-01 a      1361     1    18     2     1
 -5.4099172643836146E-01 a      1362     1    18     2     2
  2.4008890843637568E-01 a      1363     1    18     2     3
 -3.6805692544739738E-01 a      1364     1    18     2     4
 -3.6247897967310344E-01 a      1365     1    18     2     5
  4.3376059945470335E-01 a      1366     1    18     2     6
  4.9686245020095798E-01 a      1367     1    18     2     7
 -5.9043691210955407E-01 a      1368     1    18     2     8
  4.0739620498248780E-01 a      1369     1    18     2     9
 -3.6214764910295455E-01 a      1370     1    18     2    10
  3.7327761932304221E-01 a      1371     1    18     2    11
 -4.3457030578252492E-01 a      1372     1    18     2    12
 -3.1009028819506684E-01 a      1373     1    18     2    13
  6.6635832654754168E-01 a      1374     1    18     2    14
 -1.3594433932553499E-01 a      1375     1    18     2    15
 -1.8989979043431020E-02 a      1376     1    18     2    16
 -3.3897848629539773E-01 a      1377     1    18     2    17
  4.7024209840139741E-01 a      1378     1    18     2    18
  5.2581430850199529E-01 a      1379     1    18     2    19
 -7.0006367425934357E-01 a      1380     1    18     2    20
 -3.3563539072228216E-01 a      1381     1    19     2     1
  4.4049285561216139E-01 a      1382     1    19     2     2
 -3.0681947457530301E-01 a      1383     1    19     2     3
  4.1558147055274847E-01 a      1384     1    19     2     4
  3.8263399656159253E-01 a      1385     1    19     2     5
 -1.7917783700769974E-01 a      1386     1    19     2     6
 -4.6306731498682435E-01 a      1387     1    19     2     7
 -1.4544294298200044E-03 a      1388     1    19     2     8
  3.2046685217431503E-01 a      1389     1    19     2     9
 -2.3479846762288814E-01 a      1390     1    19     2    10
 -2.9052736828854669E-01 a      1391     1    19     2    11
  6.5336770258930713E-02 a      1392     1    19     2    12
 -4.2285713720154783E-01 a      1393     1    19     2    13
 -2.4822774041948928E-01 a      1394     1    19     2    14
  4.5957809051508325E-01 a      1395     1    19     2    15
  5.5847415804445522E-01 a      1396     1    19     2    16
  5.6281734316665621E-01 a      1397     1    19     2    17
  5.1151709818683433E-01 a      1398     1    19     2    18
  1.3292770208985913E-01 a      1399     1    19     2    19
 -5.1253913348548696E-01 a      1400     1    19     2    20
  1.6438729108697106E-01 a      1401     1    20     2     1
 -4.4412381486054514E-01 a      1402     1    20     2     2
  3.4601147685586897E-01 a      1403     1    20     2     3
  1.8306093265292131E-01 a      1404     1    20     2     4
 -3.0366013859276175E-01 a      1405     1    20     2     5
 -5.7213701490877245E-01 a      1406     1    20     2     6
  7.2621587387313669E-02 a      1407     1    20     2     7
 -5.7346618252368642E-01 a      1408     1    20     2     8
 -4.5202289677789587E-01 a      1409     1    20     2     9
  6.1161081772429748E-01 a      1410     1    20     2    10
 -1.1790635299921950E-01 a      1411     1    20     2    11
  5.6453748504401458E-01 a      1412     1    20     2    12
  3.4712297777048662E-01 a      1413     1    20     2    13
  5.3361936701166079E-01 a      1414     1    20     2    14
 -6.9532382526002037E-02 a      1415     1    20     2    15
  1.6547383447273573E-01 a      1416     1    20     2    16
  5.6087760172297718E-01 a      1417     1    20     2    17
  1.0751929015117032E-01 a      1418     1    20     2    18
  3.8854777117405559E-01 a      1419     1    20     2    19
  1.6167666975888231E-01 a      1420     1    20     2    20
 -1.2003495574825276E+00 b      1421     2     1
  5.6440052658549411E-01 b      1422     2     2
 -9.7151174763467385E-01 b      1423     2     3
 -3.1589396976994094E-01 b      1424     2     4
  1.6585888274957247E-01 b      1425     2     5
  8.0409438370300335E-01 b      1426     2     6
  5.1499377606032604E-01 b      1427     2     7
 -4.3262427614453108E-01 b      1428     2     8
  1.1406519456938416E-02 b      1429     2     9
  7.8881180935539530E-01 b      1430     2    10
  8.0040039978331878E-01 b      1431     2    11
 -3.9727322667100912E-01 b      1432     2    12
 -4.7087880794993886E-01 b      1433     2    13
 -7.1099876529576300E-01 b      1434     2    14
  1.6784559373153440E-01 b      1435     2    15
  6.4097986162441711E-01 b      1436     2    16
  4.8180488396343490E-01 b      1437     2    17
 -3.9478854314259237E-01 b      1438     2    18
 -2.7420001728030918E-01 b      1439     2    19
 -3.1411273037136783E-01 b      1440     2    20
 -3.4412122231358322E-01 a      1441     2     1     3     1
 -5.0506165407867072E-02 a      1442     2     2     3     1
  3.5759215072096945E-01 a      1443     2     3     3     1
  9.1807148032477093E-01 a      1444     2     4     3     1
 -9.2443792722218432E-01 a      1445     2     5     3     1
 -6.7230619122037549E-01 a      1446     2     6     3     1
  6.6830680757414174E-01 a      1447     2     7     3     1
 -7.5193095786829756E-01 a      1448     2     8     3     1
 -7.2635623654345810E-02 a      1449     2     9     3     1
 -1.2331104965074140E+00 a      1450     2    10     3     1
 -1.0076078370978578E+00 a      1451     2    11     3     1
  7.8733995922394684E-01 a      1452     2    12     3     1
  9.8342635836992431E-01 a      1453     2    13     3     1
 -1.2806248397757691E-01 a      1454     2    14     3     1
  1.0535037192882191E+00 a      1455     2    15     3     1
  1.8995027986553288E-02 a      1456     2    16     3     1
 -2.8805342595502675E-01 a      1457     2    17     3     1
 -9.9998845847065754E-01 a      1458     2    18     3     1
  1.0535362235264745E+00 a      1459     2    19     3     1
 -5.2580073078646028E-01 a      1460     2    20     3     1
 -5.8069393559334104E-01 b      1461     3     1
